626.348568
632.451966
638.576268
644.700350
651.199373
657.404651
663.585976
669.973214
676.027910
682.111039
688.158407
694.056366
700.316910
706.281440
712.390699
718.362817
724.825895
730.859425
736.476498
742.730555
748.468323
754.580550
760.140179
766.122528
771.792544
778.105303
784.261566
790.230333
796.021597
802.026338
808.071369
814.033184
819.970585
825.581779
831.766772
837.674596
843.996248
850.095361
856.212147
862.659954
868.306344
874.509780
880.508473
886.450782
892.504667
898.550744
904.583135
910.768712
916.637091
922.770837
928.908326
935.029742
941.222084
947.529677
953.161460
959.541820
965.784394
971.797655
977.589160
983.621121
989.543465
