0.939246
1.040369
0.870747
1.042826
0.757538
1.124506
1.042019
1.129728
0.878686
0.913017
0.758170
0.937144
0.761253
0.788605
1.044744
1.083974
1.172198
0.884640
0.659624
0.880047
1.028032
1.076610
1.261380
0.972776
0.855700
0.939359
1.079305
1.028446
0.987520
1.008364
0.944179
0.525056
1.133515
1.040090
1.026304
0.997462
0.902775
0.500558
1.265304
0.884604
0.971720
1.009488
0.986362
0.887260
0.944733
0.866943
1.121805
1.051566
1.083752
1.181863
0.879010
0.459559
0.874731
0.414670
1.015968
0.972901
0.842038
0.945473
1.086380
0.935408
0.794695
0.942643
0.944854
0.850658
0.830445
0.626298
0.993038
0.993859
0.689040
1.129016
0.628180
1.118946
0.849289
1.065940
1.125810
1.188272
1.015145
0.882266
1.141471
1.062204
1.016320
0.842781
1.030806
0.569500
0.866339
1.179911
0.707759
1.239778
0.890606
1.127956
0.755624
0.647223
1.216395
1.076542
1.063398
0.786475
0.868846
0.977261
0.742517
0.987706
0.942257
0.867466
0.822639
0.975499
0.969031
0.543818
1.004658
0.881397
0.590591
0.849255
0.823051
1.032399
0.759286
0.996878
0.533220
0.905268
0.982888
0.900255
0.544934
1.032455
0.945372
0.706661
0.822638
1.106187
0.912393
0.863633
1.018188
0.938599
1.018051
0.640107
1.160667
0.924603
0.567757
0.832018
1.097823
1.156152
0.969664
0.830381
0.913151
0.745217
0.994687
0.825876
0.834123
0.997152
1.042033
0.920830
1.049177
1.009152
0.880755
0.508625
1.062291
1.019786
1.018677
1.250108
0.825140
1.072373
0.645959
0.817003
1.122147
0.610553
0.999203
1.140308
1.121921
0.914910
0.965974
1.000012
0.916957
0.813910
0.724204
1.011416
0.788383
1.050649
0.873954
0.750614
0.674140
0.849132
1.126076
0.675441
1.083653
0.894497
0.959886
0.814090
0.946408
0.720322
1.125037
0.965045
0.935485
1.080787
1.194081
0.923413
0.986786
1.020586
1.052266
0.883753
0.570937
0.803934
0.915868
0.607357
0.849320
1.277822
1.029001
1.151668
1.172498
0.911258
0.999095
1.222924
0.773519
1.000777
0.682614
0.799852
0.910977
1.047413
0.984653
0.832821
0.957030
0.581074
0.981753
0.962741
0.960104
1.012924
1.244087
0.932817
0.888099
1.095356
1.225435
0.636144
1.033607
1.171815
1.034752
0.929033
1.101714
0.528238
0.634909
0.853510
0.885958
0.724286
0.710677
0.955518
1.101971
0.766886
0.828108
0.989883
0.835965
0.870925
1.096218
1.025859
0.768666
0.957404
0.984274
0.752815
0.761688
0.858274
0.960327
0.677974
0.909506
0.829512
0.837686
0.880176
0.851973
0.883336
0.806968
0.883156
0.949110
0.478458
0.729396
0.898347
0.727778
0.708428
0.744564
0.894280
0.958031
0.950418
0.999821
0.599635
1.154145
1.260981
1.020281
1.019911
0.983357
1.111682
0.757211
1.018891
1.104931
1.146632
0.741966
1.154601
1.054057
0.613731
1.114059
0.738075
0.917361
0.830787
0.968051
0.944233
0.920555
0.916856
1.033407
1.007690
0.704811
1.197959
1.117476
1.045447
0.827866
1.058478
1.031384
0.955647
0.529722
1.092178
1.053044
0.928530
0.686514
0.855417
0.938310
0.712603
0.813535
0.908323
0.499202
1.280450
0.938925
0.998835
0.664217
0.733389
0.856740
0.976429
1.032466
1.029658
0.849694
1.009150
0.690865
0.929565
1.026936
0.994894
0.466375
0.895109
1.086597
0.784429
0.897432
1.070429
0.980352
1.058768
0.872039
0.727832
1.020707
0.656509
1.013144
1.013121
0.831269
1.167277
0.817457
0.567694
0.789955
0.872060
1.054586
0.989186
1.291216
1.031654
1.327314
0.965919
0.867044
1.002490
0.916382
0.983698
0.586643
1.301961
1.156830
0.819085
0.979974
1.029707
0.965851
0.862085
1.096158
0.907251
1.115501
1.079391
0.969510
1.123782
0.630333
0.851764
1.114133
0.832780
0.624157
0.923030
0.757897
0.406005
0.897628
0.983840
0.890541
0.604242
1.105986
1.103369
0.978081
0.896398
0.617288
1.007010
0.900424
0.927044
1.126253
1.102016
1.182214
0.983613
1.092270
0.982751
1.025905
0.843942
1.018602
1.148376
0.747242
1.088165
0.971004
0.805130
1.204993
0.681837
0.941336
0.961149
1.208450
0.557221
0.675053
0.959034
0.729851
0.997204
0.640934
0.788785
1.062311
1.018327
1.120080
0.939868
0.911064
1.003508
0.967269
1.000464
1.068398
0.918013
0.794536
1.238799
1.052008
0.967980
0.965525
1.034819
0.715725
0.190037
0.874265
0.830838
0.855764
0.664568
0.854562
0.613063
0.986763
1.241474
1.123109
1.073441
0.914094
0.657960
0.866515
0.919677
1.108733
0.621101
1.085098
1.114431
0.843048
0.792756
0.812512
0.762172
0.547161
1.166675
1.060557
1.247803
0.843632
0.816945
0.694518
0.803861
1.116294
1.228022
0.805011
0.827841
0.749933
0.926618
0.927941
1.116488
0.841384
1.021641
1.136867
0.919198
0.961611
0.773395
1.004065
0.840608
0.992477
0.919556
1.020961
0.982269
0.980416
0.847562
0.946870
1.016857
1.005889
0.764551
0.713524
0.692928
0.866961
1.111183
0.815938
0.999462
0.942792
1.191626
0.404800
0.776995
1.015462
0.915932
0.782299
0.868099
0.799491
0.864501
0.704689
1.324091
1.060619
1.088346
1.020161
0.995196
0.989750
1.082762
0.591768
0.818556
0.992776
1.060383
0.730645
0.932218
1.083551
1.154635
1.057252
0.973736
1.116408
0.829443
0.808321
1.172654
0.923680
1.151324
1.030011
1.122131
0.996696
1.111223
1.100577
0.893273
0.919424
1.114123
0.799685
0.932525
1.077735
0.902138
1.036664
1.400991
1.081740
0.760752
1.007708
1.053767
0.937060
1.095301
0.698160
0.995058
1.016671
0.784105
0.971075
1.047764
1.038645
1.089844
1.221333
0.718413
0.702446
0.967806
0.794774
0.651676
1.051515
0.795575
1.234307
0.860168
1.015111
0.813368
0.554417
1.032697
0.621951
1.036820
1.096757
0.967211
0.787202
1.054734
0.777050
0.910817
1.130897
0.846236
0.769346
1.099713
0.837740
0.779936
0.815248
1.290423
0.554433
0.859508
0.898219
1.152541
1.106309
0.549024
1.049435
0.944737
1.091988
0.993011
0.774333
0.954145
1.026755
1.254534
1.083502
0.788523
0.785391
1.014543
0.869420
0.919963
1.138697
0.712346
1.037854
0.876327
1.033674
1.082132
1.054695
0.708870
0.749145
1.054539
0.969206
0.958186
0.741859
1.271478
1.037379
0.900880
0.851458
1.155248
0.944324
1.001753
1.151582
1.052255
0.683783
0.962258
0.690131
1.055376
1.169851
0.898346
1.086872
0.869848
0.886678
1.211870
1.036967
1.063602
0.760491
1.107657
0.821592
1.085597
1.049706
1.009373
0.968838
0.726965
1.210831
0.694853
1.043477
0.678826
0.919951
0.629839
0.768198
0.996926
0.821513
1.130867
0.844263
0.967200
1.120249
0.898239
1.128425
1.063706
0.832934
1.063443
0.653459
0.912112
0.951417
0.979585
0.864536
1.021254
1.170493
0.961994
1.249553
0.571945
0.769730
0.789591
0.882223
0.953035
0.840488
1.126831
1.011791
0.764540
0.786875
1.076832
1.136265
0.902319
0.855403
1.246428
0.830975
0.497255
0.965119
0.931062
1.433633
0.988543
1.363802
1.158810
0.996648
0.866463
0.782014
1.049163
0.696350
1.058603
1.159305
1.025076
1.119189
0.891199
1.209772
0.767608
1.042050
0.709478
0.963308
1.200946
1.054763
1.035524
1.002378
1.029380
0.949658
0.995295
1.089590
0.676617
1.091401
0.911254
0.841508
1.116511
0.908352
0.716659
0.743948
1.105604
0.783193
0.692703
0.856826
1.273969
0.615508
0.636556
0.641033
0.942882
1.137503
1.197232
0.870550
1.139475
1.243381
0.720137
0.886309
1.155879
1.131777
0.983800
1.037221
0.964645
0.995363
1.072164
1.140091
0.885043
0.986923
0.987855
1.101545
1.113207
0.926783
1.042879
0.875174
1.012188
1.080549
0.739930
0.929843
1.089747
0.895887
0.994197
1.020028
0.549090
1.267649
1.092891
1.154051
0.686898
0.735551
0.827907
1.037879
0.838768
1.100563
0.797392
0.915089
0.893114
0.576887
1.051987
1.363044
0.825199
0.589401
1.147878
1.025072
0.782701
1.192236
0.924714
0.988979
1.117284
1.026432
0.740044
1.190989
1.027373
1.085560
0.846938
1.317962
1.232388
0.994734
0.373475
1.006205
0.756784
0.696909
0.766624
0.795131
0.831993
0.767542
0.856996
0.964520
0.809158
1.083581
1.055387
1.171840
1.063418
0.842530
1.108340
0.971308
1.047794
0.854810
1.177243
0.923130
0.634620
0.828349
0.675469
1.247265
0.668593
0.905494
1.118333
1.265908
1.158371
1.089923
1.000330
1.131527
1.129406
0.907523
1.158694
0.953515
1.184677
0.982456
1.054474
0.936217
0.829509
0.970348
0.831681
0.642806
1.050710
1.082859
0.966657
0.640215
0.998788
0.955421
0.817780
0.629280
1.278411
1.065961
1.103595
0.988780
1.184194
1.036641
0.997873
1.082574
0.944805
1.003689
0.883595
0.944486
0.898942
1.189988
1.256024
0.643974
0.588782
0.652545
1.140665
1.126794
0.869392
0.474220
0.521889
0.873858
0.822981
0.673803
1.145984
1.161925
0.812855
0.925101
0.999920
0.667931
0.916491
1.020658
0.867224
0.801874
0.748151
0.837005
1.165195
0.887099
0.904721
1.142709
1.050941
0.820818
1.158345
0.997251
1.108872
0.651851
0.597335
1.144814
0.980383
0.857072
0.858723
0.791764
0.982926
0.798287
0.890887
0.363712
1.101539
1.086900
0.936025
1.034074
0.766856
1.179571
0.961776
0.504893
1.199646
1.043368
0.673618
0.947439
1.137163
0.933603
0.932074
0.667712
1.057609
1.053860
0.863496
0.782754
0.930501
0.858226
1.144637
0.933479
1.030435
0.963993
1.164358
1.054351
0.966481
1.165527
1.012453
0.734527
0.839285
0.970937
1.211370
0.893170
0.678455
0.811678
0.985583
0.612237
0.797294
1.029603
0.873773
0.820660
1.038002
0.652218
0.896176
0.990409
0.550100
0.599248
1.063458
0.985774
0.931749
0.888371
1.036972
0.899843
0.545833
0.778163
1.062129
0.866284
0.736053
0.916075
0.906826
0.703848
0.983508
0.994524
1.030822
1.166508
1.160410
0.986902
0.931490
0.660923
1.152216
1.046950
1.112774
0.658922
0.945758
0.662467
1.042386
0.808057
0.664119
0.949666
0.935064
0.856467
1.015840
0.958893
1.009465
0.699509
0.964607
0.729259
1.105725
0.774098
1.090714
0.953511
0.700867
0.786232
0.996017
1.083861
0.987942
0.772888
0.557844
0.564206
1.041477
1.371039
1.165504
1.060205
0.919399
0.522238
0.885312
1.144293
0.832241
1.109064
0.702115
1.102219
0.923069
1.048180
0.893486
1.033880
0.988348
0.856552
0.898384
0.738485
0.842934
0.946152
0.895796
0.992354
0.882387
0.976136
0.834323
0.692449
0.822879
1.190244
0.764976
1.065039
0.951151
0.955688
1.137937
0.725433
0.979948
0.669465
0.703258
1.008716
1.155229
1.051484
0.838132
0.688917
0.788367
0.647136
0.837892
0.910740
0.752124
0.654598
0.965731
0.945107
1.152153
1.196420
0.625326
1.165281
1.092681
0.883646
1.032442
0.739987
0.864913
1.108510
0.980881
1.002070
0.644394
0.820372
1.108845
0.872275
1.012635
0.985823
0.765034
0.926601
1.019667
1.203645
1.066288
0.765735
0.958471
1.063746
1.040111
0.548794
0.849179
1.104450
0.889028
0.919830
0.667301
0.643297
0.847876
1.033454
0.917585
0.771719
0.919901
0.857057
1.030827
0.932787
1.004350
0.738428
0.403372
0.779672
0.826690
1.134759
1.176508
0.756507
1.045153
0.253672
1.035830
1.318335
0.626881
0.780185
0.971097
0.847127
0.848824
1.072953
0.860206
1.123594
1.080473
0.964625
1.102658
0.710706
1.051698
1.029495
1.078360
0.846384
0.727578
0.827991
0.845077
0.982343
1.084847
0.748817
1.032275
0.709207
0.925127
1.167986
0.698532
0.641199
1.011209
0.694570
0.988588
1.074386
0.700969
1.020235
1.041197
0.826267
0.685245
1.334502
1.010847
1.104628
0.966936
0.835710
0.884349
0.744419
1.020248
0.952020
0.728305
0.952586
0.953376
0.777954
0.948558
0.928444
0.784800
0.822032
0.969102
0.711939
1.005899
0.785031
1.099241
1.226948
0.858242
0.752668
0.991753
0.834218
0.873810
0.916380
0.886035
0.980098
0.875878
1.027684
0.870829
1.095336
1.076919
0.925592
0.655387
0.532256
0.599391
1.169264
0.815724
1.046816
0.988074
1.087337
1.063579
0.921486
0.778917
1.035012
0.812139
0.812917
1.045722
0.879397
1.083310
1.054645
0.807222
0.951148
0.961331
0.773102
0.822104
0.749102
0.571799
0.751261
1.071913
0.786309
0.871070
0.919622
0.718452
1.076470
0.965872
1.027842
1.115162
0.895642
0.918782
1.007281
0.899235
0.948227
1.065349
0.934261
0.722103
0.997231
0.908151
0.844060
0.943900
0.590920
0.864699
0.729255
0.980119
1.050240
0.905099
0.943712
0.625227
1.164675
1.014196
0.916060
0.731092
1.280471
1.066552
0.797506
0.761461
1.091210
0.970557
0.872048
1.116617
0.834865
0.729650
0.882685
1.073494
1.119030
1.124330
1.050219
1.016287
0.690288
0.948175
0.466339
0.936737
0.795081
1.051527
0.731310
0.716449
0.741227
0.751803
0.846201
0.854961
0.746497
0.918841
0.835862
1.022588
1.014368
1.105784
0.479514
0.996806
1.246535
0.840952
1.062067
0.973904
1.046478
0.834959
0.961563
1.023358
0.585061
0.682814
0.878336
0.672736
0.790211
0.794388
0.960228
1.017941
1.088495
1.169913
0.802351
0.859558
0.529244
0.866781
0.893860
1.054276
1.057400
0.805696
1.095411
1.013114
0.819723
1.251193
0.840333
0.931747
0.841055
0.811826
0.950531
0.794969
0.938619
0.995768
0.860436
1.087627
0.959331
0.998867
1.005249
1.031021
1.172765
0.765502
1.010356
0.949090
0.851934
0.723825
0.766264
1.112446
1.037842
0.903287
0.914615
0.980695
1.062861
0.837152
1.152855
0.878077
0.911022
0.995599
0.968588
1.134864
0.861810
0.868998
1.021419
0.724427
1.073019
0.453396
1.085938
0.700284
0.855534
0.717200
0.910242
0.846342
0.959594
1.075724
0.549416
0.902680
0.518379
1.053004
0.737039
0.989938
0.787881
0.785846
0.984733
0.647568
0.844566
0.938833
0.867638
0.962553
0.994299
0.890720
0.764109
0.954043
1.177921
0.790457
0.670737
0.887579
1.041119
1.064967
0.920820
1.095034
1.085773
0.543819
0.768132
0.520747
0.904540
0.910634
1.031190
0.906955
0.632506
0.772587
1.069452
0.557958
0.848137
1.063818
0.986000
0.757320
0.958314
1.130096
1.238759
0.846562
0.790140
0.859871
0.892107
1.171826
0.802007
1.085210
1.019336
0.990230
0.420006
1.102514
0.755035
0.974241
0.643137
1.096462
0.954534
1.076628
1.211280
0.970006
1.098369
1.200737
1.038900
1.158669
1.024472
0.803641
1.196557
0.954019
1.010413
0.863371
0.938933
0.743549
0.888135
0.830490
1.076646
1.136477
0.965380
0.907403
1.075147
0.716207
0.933150
0.978130
0.760443
1.155805
1.132775
1.104574
0.945396
1.087184
0.821005
1.290997
0.891774
1.138392
0.932724
0.812319
0.963493
1.247217
0.996339
1.136144
0.905777
0.987931
0.966594
0.866920
0.817480
0.965726
1.292951
0.785319
1.069698
1.093709
0.901015
0.626600
0.825871
0.887913
1.099201
1.239539
0.718007
0.716577
0.433821
0.959924
1.026824
0.815818
0.728951
0.908153
1.188479
1.114903
0.911988
0.748704
0.795722
1.007968
0.913373
0.786681
0.729616
1.159842
0.690470
0.751800
0.932330
1.023191
1.130151
0.827516
1.178254
1.052769
0.603114
0.687557
0.878766
0.420415
0.936620
0.888449
0.815801
0.807624
1.005452
0.757687
0.976575
1.159319
1.129731
0.988838
0.863610
0.608456
0.995224
0.572314
1.125745
1.163877
1.078035
0.786055
0.988465
0.603790
0.915031
0.858151
1.094968
1.030974
1.102944
0.981523
1.025432
1.183803
1.062714
1.104749
0.594660
1.047413
0.946343
0.870933
0.857764
0.885668
1.153422
1.149919
0.619333
0.889485
1.196548
1.177587
1.222932
1.093273
1.002279
1.063453
1.079513
0.927443
1.058542
0.857133
0.802160
1.190889
1.260741
0.716428
0.834022
0.709561
0.734541
0.658229
0.482546
1.326566
1.063494
1.134812
0.902650
1.023109
0.558681
1.036855
0.963256
1.251950
1.039791
0.936121
0.575781
0.910455
1.067256
0.995284
0.929618
0.669179
0.826380
0.756333
0.791319
1.213908
0.992921
0.763025
0.393089
0.980403
1.242128
0.893969
1.248776
1.225307
1.045808
1.208409
0.816676
0.800728
0.893123
0.923877
0.950242
0.951087
1.065098
0.803861
1.051924
1.125730
1.066928
1.006867
0.773508
1.111493
0.957926
0.806253
0.963110
1.003549
0.574106
0.985919
0.942912
0.772571
1.058674
0.931252
0.849716
0.876221
1.143873
0.969206
1.187840
0.898958
1.013885
1.050161
0.654046
1.054203
0.832592
0.792830
1.223779
0.878647
0.857103
0.774201
0.901348
0.689494
0.790764
1.050069
1.007825
0.839824
0.587683
1.013914
1.135669
1.054727
0.977103
0.934483
0.863770
1.007691
0.811571
0.966813
1.200702
0.890165
1.059503
0.982915
0.991515
0.798831
0.895130
1.145350
1.244005
0.749170
0.983479
0.957049
1.053444
0.786952
0.965860
0.935168
0.764411
0.957875
1.223491
0.953772
1.086753
0.879207
0.977306
1.015070
0.886151
0.786162
0.837604
0.895732
0.927266
1.025560
0.675686
0.532493
1.077145
0.917957
0.922580
0.905423
1.157852
0.705155
1.025971
0.989504
0.761234
1.008817
0.983240
0.908735
0.925963
0.926668
0.950525
0.537489
0.656165
1.042566
1.138582
1.359558
1.018047
1.250399
0.830801
1.149483
1.107595
1.172335
0.618231
0.452732
0.980063
0.725448
0.889354
0.736037
0.593777
0.547061
0.758595
0.904707
0.630477
1.078560
0.703959
0.719314
0.988517
0.790195
0.878714
0.718579
1.086742
0.696180
0.643198
1.150177
0.773741
1.010574
0.904336
1.422136
1.168209
0.728801
1.047605
0.928536
0.932276
1.186304
0.820186
0.508135
0.766311
1.060890
1.071879
0.868315
0.662210
0.851167
1.095716
0.690256
1.023856
0.815741
0.907399
0.721331
1.131592
0.879430
1.093676
0.847377
0.652014
0.988655
1.027724
0.733855
0.990425
0.961663
0.802381
1.163401
0.884236
0.868158
0.928237
1.088615
0.819226
0.414362
0.981679
0.943799
0.902144
0.602808
1.216623
1.074610
0.971321
0.805820
0.868303
0.955063
1.151019
1.095692
1.160363
0.970384
0.687178
0.614552
0.846166
0.708437
0.920756
0.976019
0.991026
0.873508
0.722077
0.914917
0.742096
0.854478
0.901090
0.712853
0.998290
0.902240
0.589318
0.904253
1.181905
0.804279
1.194692
0.953377
0.815282
1.147640
0.640189
1.349428
0.923351
0.798081
0.808177
0.933098
0.996655
1.082857
0.993962
0.850018
0.601221
0.766393
0.648249
1.059125
1.351747
1.068378
1.199761
1.225618
0.956832
0.586324
0.980735
0.967779
0.808894
0.651580
0.844979
1.104108
1.045183
0.406795
0.881465
1.022358
1.198204
0.777521
0.826938
1.049492
0.643053
0.631022
0.547145
1.116029
0.812774
1.076318
1.054475
0.775303
1.041079
0.626542
1.023498
0.939923
0.750626
0.670044
0.763454
0.865004
0.730079
1.141525
0.964955
0.842680
0.758070
0.919966
0.641856
0.898642
0.945743
1.006284
0.794267
0.936010
0.941005
0.640747
0.729201
1.066583
0.939699
0.723809
0.893386
0.991148
1.096622
1.035009
1.012640
0.598581
0.948180
0.804233
0.466654
0.574276
0.843087
1.283337
0.777975
1.289413
1.096335
0.752713
1.124909
0.969639
1.104993
0.614015
0.990896
1.011705
0.981654
1.072261
0.858119
1.053582
0.966640
1.205251
1.124731
0.787624
0.885245
1.062588
1.236677
1.105095
0.858152
0.957926
0.928579
0.997359
1.147319
0.904810
1.047708
0.884099
0.781343
0.710466
0.958048
0.938800
0.738956
1.037997
0.914611
0.984186
0.681484
0.965295
0.827829
0.727682
1.016189
0.798232
0.991818
0.953981
0.841294
1.081109
1.251651
0.584679
0.779784
1.194735
0.870760
0.955873
1.131969
0.456840
0.819690
0.764149
0.982280
0.895980
0.947115
0.703644
0.830139
0.599557
0.808192
1.085166
0.903233
1.144353
1.050179
0.661399
1.120101
0.953823
0.966715
0.865592
0.908935
1.182746
1.096982
0.880563
1.023962
0.665878
1.116288
0.935570
0.917474
0.920754
1.109685
0.704883
0.637741
0.839000
0.988884
0.834473
0.947596
0.478241
0.945446
0.942824
0.966193
0.712145
0.697148
0.967038
0.620012
0.848195
1.097202
0.928143
1.079552
1.031907
0.591342
0.933448
1.084376
1.271162
0.983584
0.907170
0.870029
1.013402
0.721413
0.673190
0.724598
1.022614
1.226268
0.776361
0.833889
0.933055
0.788926
0.970597
1.136704
1.043324
1.120958
0.833431
1.087909
1.115650
1.191326
0.963384
1.304927
0.720342
1.007042
1.199067
0.996075
1.075750
0.687066
1.067219
0.864115
0.869048
0.514367
1.206845
0.788697
1.167075
0.919110
0.887986
1.273796
0.598404
0.764080
0.803527
0.568018
0.923558
0.759318
0.765349
0.884694
0.682208
0.899605
1.045648
1.186579
1.036737
0.727395
1.022406
0.928274
0.960506
0.589772
0.699424
1.214292
1.079928
1.003376
0.716186
0.921181
0.904551
1.067576
0.857997
1.140297
1.110695
0.649800
1.066032
0.686377
0.828616
0.755598
0.835151
0.893771
0.722313
0.903249
0.732275
0.899828
0.921839
1.054165
0.876917
1.068474
1.200016
1.232272
0.898159
1.144119
0.901837
0.927832
1.191325
1.067514
0.990187
1.142112
1.141834
0.854933
1.134839
1.118118
1.031028
0.822652
0.936640
1.039492
1.102463
0.966293
1.121758
1.080163
1.213667
0.691347
0.866019
0.929899
0.916340
0.955125
0.926914
1.031808
0.571933
1.037171
0.805350
1.002000
0.934772
0.584756
0.617305
0.828460
0.796517
1.018755
0.717141
1.170086
1.180440
0.622919
0.877264
1.062964
0.615239
1.069263
0.675027
0.938735
1.130716
1.056779
1.006407
0.939170
1.150436
0.700379
1.003327
0.781431
0.689406
0.948805
1.111846
1.192569
0.698271
0.938370
1.053210
1.121733
1.068101
0.794442
1.214344
1.139960
0.196767
0.882678
1.101119
1.167580
1.015838
1.199511
0.818268
0.671379
1.001743
1.025848
0.704400
1.032086
0.841460
0.724734
1.237229
0.850762
0.878379
0.794439
0.802122
1.107135
0.680451
1.216311
1.130193
0.881435
0.943983
0.551652
1.052685
1.024921
0.874375
1.036646
0.771231
1.063592
1.022831
0.712141
0.989957
0.676481
0.407858
0.903009
0.980288
1.065993
1.196295
1.061202
0.734992
0.752254
0.853271
0.769900
0.854253
1.130369
1.029916
0.975749
1.191167
1.036941
0.969645
1.133908
0.869610
0.788690
1.278861
1.024399
0.968354
0.867572
1.080154
0.865189
1.029582
0.904044
0.684102
1.118653
0.943649
1.089653
0.808872
0.782468
1.013780
0.627854
0.943367
1.284193
0.602046
0.691242
1.114004
0.951444
0.921327
0.878339
0.947054
0.991064
1.002704
1.134251
1.020459
0.647514
0.983042
1.050182
0.815914
1.034101
0.554265
0.997867
0.767498
0.940061
0.950857
0.615902
0.770262
0.759538
0.795275
0.888739
1.200539
0.908585
0.710433
1.078957
0.701314
0.876103
0.904120
1.031504
1.038332
0.960871
1.197948
0.967885
1.172874
1.039430
0.661821
0.833700
0.849468
1.014049
1.141805
0.961450
0.728631
0.857157
1.228302
0.608909
0.883862
0.917204
0.567087
1.127413
0.884150
0.687826
0.349186
1.016125
0.998094
1.118460
1.060375
1.021272
0.680490
0.922999
0.400005
0.838715
0.936442
1.043312
0.619633
0.860176
0.882425
1.068441
1.012735
0.806198
0.782890
1.180530
0.981721
0.666414
0.702246
0.913271
0.992243
0.795225
1.084384
0.501995
1.067756
0.921669
1.269323
1.334085
1.218113
1.122664
1.013589
0.888381
1.013494
0.935810
0.981557
0.859798
1.052796
1.047155
0.732391
1.141896
0.857903
0.771304
0.868503
1.201737
0.982655
1.133808
1.123545
0.606334
0.857548
0.491739
0.737643
1.265850
1.096626
1.142062
1.092427
0.960494
0.946975
0.783066
1.270142
0.429852
0.662538
0.864067
0.622605
0.652828
1.178234
0.959963
1.230893
1.000959
0.908084
1.029035
1.166576
0.928975
0.916830
0.457970
1.167120
0.902686
0.703604
1.147725
0.830239
0.808348
0.948770
0.748641
0.921327
0.659388
1.083261
1.201132
1.222962
0.936144
0.650093
0.949309
1.069621
0.894665
0.897081
0.623185
1.044758
0.896795
0.862163
1.109851
0.694786
1.101441
0.890960
0.947429
1.156479
1.013460
0.841369
0.869478
1.113482
1.008414
0.777028
1.062918
0.931947
0.950031
1.007423
0.799566
1.224177
1.056367
0.953783
0.847127
1.005320
0.855856
0.776674
0.941600
1.000150
0.531079
0.881407
0.751867
0.624268
1.029776
1.082705
1.113955
0.648472
1.283544
0.925291
1.037847
1.053224
1.015452
1.156456
0.662663
0.978959
0.917511
1.195108
0.614177
0.795065
1.023730
0.938879
1.119703
0.769981
1.114302
1.073462
1.191469
1.132002
0.945568
0.741797
0.912071
1.178554
0.646735
0.738816
0.777468
0.759855
1.038910
0.924921
1.102776
0.906081
0.999848
0.843753
0.902152
0.866462
1.049870
1.154541
1.046861
0.678606
0.988453
1.139984
0.879924
0.862964
0.937974
0.786398
0.909677
0.627722
1.108501
0.919716
1.191003
0.900925
0.897306
0.824919
0.996683
0.662775
0.820449
0.896989
1.000514
0.866767
0.989333
0.915447
0.837654
0.715011
1.038819
0.406183
1.263904
1.030129
1.003050
0.786369
1.028945
0.883007
1.103671
1.053015
1.129077
1.094979
0.954963
0.901583
1.217689
1.016524
0.910332
0.996931
1.009004
0.840521
0.808121
1.218356
0.719182
0.917631
0.880519
0.548583
1.017586
0.945929
0.863517
0.639805
1.157141
0.846906
0.779601
0.600120
1.138963
1.133973
0.653560
1.092634
0.926355
0.949358
0.902360
0.531392
0.943216
1.237433
0.825355
1.060684
0.737125
1.096500
0.784550
1.063100
0.960223
0.659070
1.064799
0.842737
0.749889
1.086601
0.898929
1.118801
0.890287
1.222834
0.628427
0.884397
1.195237
1.172695
1.048499
0.869760
1.012294
1.067011
0.986925
1.044916
1.117326
0.831551
1.025632
0.824838
1.165510
0.861798
1.236953
0.774415
0.741842
0.698281
1.008000
1.072982
0.855859
0.824895
1.075098
0.782971
1.283782
0.918330
0.810047
0.842858
1.121075
0.916230
0.638423
1.112957
0.990004
0.849509
0.553758
0.940413
1.234728
1.018384
1.185382
1.103064
0.713744
1.081166
0.937775
0.855977
1.204629
0.929728
0.630311
0.953274
0.980994
0.928782
1.215859
0.818341
0.784986
1.139279
1.013220
0.795469
0.917183
0.984588
0.894953
0.447835
1.231948
0.820418
0.880339
1.034022
0.812649
0.868796
0.885565
1.005513
0.711148
1.010216
0.870101
0.870806
0.792579
0.551773
0.878629
0.970792
0.992766
1.010396
0.716428
0.935598
1.057687
1.038803
0.817397
1.068281
0.786461
0.739750
0.997641
0.910880
0.774629
0.919402
0.930709
0.971557
1.014539
0.685373
1.251836
0.850757
1.033660
1.010287
0.569732
0.849915
0.835502
0.848331
1.062492
0.956898
1.103980
1.195544
0.574089
0.757674
0.830376
0.878359
1.008895
1.113056
1.030834
0.907827
0.633281
0.780899
0.796761
0.937416
1.002902
0.657368
1.098238
0.628672
0.906839
1.228761
0.790955
0.873261
0.998930
0.844786
1.123769
0.854276
1.105863
0.969512
0.304110
1.143101
1.206097
1.089903
1.002599
0.951380
1.005449
0.740977
1.192813
0.735547
1.044003
0.798636
1.060627
1.105376
0.763698
1.304842
1.063504
0.846391
0.651475
0.916886
1.033388
0.909354
0.938221
0.672453
1.013976
0.958508
1.424965
0.816505
0.471166
1.049489
0.859071
1.023914
1.173858
0.954733
0.832095
1.062340
0.989294
1.031448
0.886998
1.096365
0.829021
1.083372
0.921641
0.627217
1.190387
1.033093
0.948573
1.107761
0.951164
0.475460
1.252324
0.976020
0.984216
0.843142
1.204633
1.011587
0.642547
0.893244
0.790753
0.899814
0.891642
1.068668
0.640981
0.846776
0.750610
1.074456
0.852337
0.914417
0.947755
0.989380
1.110792
0.919190
1.245422
1.154662
0.994122
1.067769
0.879520
1.051540
0.959822
0.997288
1.090680
0.609169
0.842516
0.856024
1.205935
0.960737
0.767061
1.134900
0.801604
0.963137
0.993139
0.853016
1.054951
1.137803
1.133945
0.773809
0.411310
0.887406
0.937495
0.832772
0.796468
0.845053
1.132080
1.146328
0.913241
0.961957
0.666579
0.908919
1.004522
0.959580
0.800744
1.145103
1.053387
0.650765
1.044139
1.249540
0.883052
1.007536
1.019375
0.578886
0.724597
0.934952
1.176644
1.201436
0.994718
0.678765
1.115365
1.023451
0.660324
1.063920
0.475807
0.912147
0.890369
1.189366
0.409442
0.712776
0.450127
0.915677
0.799141
1.031939
1.038042
0.973632
1.105168
1.234170
0.981467
1.068168
0.741370
0.772129
0.913064
1.040122
0.688673
1.222142
0.840145
0.910435
0.787660
0.706788
1.170205
0.667012
0.775058
0.796623
1.125711
0.830314
0.939840
1.203512
1.177597
0.689021
1.093058
1.000934
0.945904
1.130961
0.724137
1.057265
0.899771
1.065173
1.143960
0.981908
0.715243
0.616555
0.938439
1.015782
0.902902
1.012880
1.084262
0.604602
1.092888
0.969529
0.951634
1.054115
1.122187
0.715414
0.955341
1.026280
1.219196
0.561869
1.085426
0.948169
0.881263
0.893076
0.899140
1.080681
0.917647
0.882125
1.109315
0.915410
0.532485
0.687100
0.956734
0.687982
0.654145
0.807250
0.954646
1.065501
1.138203
0.605492
0.864427
0.607311
1.138006
1.269898
0.909637
1.059494
1.066496
0.824021
1.019192
1.068983
0.767882
0.917886
0.993929
1.033985
0.630769
0.881790
0.779340
0.941711
0.744874
0.615089
0.982995
1.033166
0.862710
0.897806
0.642930
1.076185
1.085884
1.208468
0.862924
0.917451
0.906959
0.781804
0.822828
0.848279
0.944648
0.987754
1.150061
1.028350
1.158099
0.771601
0.585444
0.948619
1.087873
0.710357
0.987530
0.975446
0.856415
1.031258
0.863898
0.939058
0.838178
0.727506
0.769373
0.874079
0.950563
0.684827
0.632986
1.046444
0.829027
1.104302
0.772102
0.537385
1.004548
1.176961
0.594495
0.521606
0.863541
1.010970
0.830838
1.146313
0.850666
0.444806
1.040988
0.888080
0.972664
1.079353
1.006651
0.757220
1.088853
0.861815
1.018729
0.839861
0.710592
0.963057
0.910726
0.881023
0.857326
0.962599
0.707761
1.041888
0.919125
0.809957
0.925930
0.849763
0.851532
1.101478
0.838884
0.947310
0.763668
1.001021
0.815098
0.999485
1.002028
0.865106
0.642419
0.830174
0.779000
0.936218
1.082553
0.997331
0.873374
0.795995
1.021456
0.681235
0.920875
0.998419
0.969645
0.995260
1.066987
0.899919
0.485878
1.114458
0.987321
0.915889
0.668372
1.198411
0.722203
1.135441
0.983261
1.137990
0.982782
0.929096
0.764541
1.033199
0.807485
0.867201
0.731854
0.994717
1.041271
1.181667
1.050977
0.541411
0.785442
1.028554
0.920755
0.937449
1.229347
1.044208
1.092742
0.998560
0.835329
1.143988
1.046399
1.056554
0.725617
1.108846
1.031687
1.201775
1.119743
1.314957
1.021945
0.772306
1.086330
0.854471
0.474762
1.074550
1.235855
1.080737
1.150473
0.943374
0.802875
0.766905
0.965471
0.867389
0.910935
0.886517
0.947884
0.876187
0.623387
1.141585
1.084237
0.901238
1.353894
0.522881
0.817684
1.011246
1.074663
0.973226
0.962326
1.148200
0.822661
1.036401
0.959859
0.891915
0.956071
0.557730
0.676833
1.052290
0.889578
1.215682
1.242993
0.839765
0.618345
0.757955
1.008269
1.014640
0.963170
1.178613
0.744785
0.855547
0.935742
0.886021
0.843627
1.126858
0.912356
1.131071
0.668558
1.007811
1.022962
1.011994
1.135074
0.793058
1.040530
0.661168
0.729584
1.133913
0.878253
1.066123
0.970134
0.970941
0.778270
0.821961
1.148004
0.798123
1.155413
0.664297
0.938335
0.743096
1.062724
0.848355
0.808113
1.067553
1.201888
0.731846
0.745468
0.884403
0.876744
0.722827
0.967882
1.142782
0.874256
0.803447
0.753066
1.229653
1.072183
0.833569
1.014648
1.073839
1.061534
1.212605
0.912667
0.655902
0.796754
0.798621
0.861738
1.083729
0.759343
1.112640
1.057100
0.934216
0.691136
0.907310
1.140501
0.840206
0.935168
1.174711
0.931681
1.001063
1.047524
0.939931
1.125255
1.114434
0.795929
1.345797
1.065845
1.094951
0.931909
1.303675
1.018018
1.071055
0.893128
0.822179
0.665482
1.101568
1.133889
0.761483
0.942456
0.746035
0.483353
1.054552
1.224272
1.026469
0.789744
0.663065
0.835190
1.090308
1.015944
1.043437
0.961724
0.460917
1.053546
0.736671
1.127244
0.837578
0.958665
0.906953
0.893094
1.015264
0.690738
1.149937
1.230496
1.090423
0.842866
1.112892
1.197384
1.005832
1.014194
0.875842
0.874942
0.908518
0.587339
0.654994
0.794171
0.671826
0.590772
0.735902
0.839315
0.960702
0.747156
1.246330
0.936308
1.065499
0.935865
0.744952
1.083186
1.014793
0.835504
1.320711
1.068284
0.815327
0.878693
0.836995
0.803837
1.055130
0.664197
0.770951
1.227465
0.770601
1.235947
0.857296
0.648436
0.684028
1.033141
1.178124
0.946409
0.880170
1.218217
0.725843
0.787397
0.765768
0.985770
0.860871
0.732981
0.894514
0.755720
0.908747
0.884020
0.706990
0.822845
0.970298
1.096913
1.263892
1.067678
0.994334
0.839279
1.052120
0.802382
1.028004
1.156998
1.008596
0.565996
1.189573
1.165515
1.102226
1.068834
0.874097
1.123556
0.875288
0.582833
0.958385
0.977886
1.126525
1.108153
0.846875
1.082886
1.107428
0.817683
0.820658
0.768296
0.956871
0.903764
1.010020
1.058206
0.823342
0.881415
0.834824
0.790473
0.777365
1.111051
1.214517
1.035228
0.862669
0.927965
0.879008
0.874417
0.835673
0.869552
0.998594
0.917459
0.792868
0.971321
0.676318
1.054943
0.717448
0.788770
1.082349
0.879749
0.776247
1.076340
0.799768
1.084286
0.726205
0.851488
1.067516
0.800181
0.919555
1.021903
0.957313
1.149132
1.183776
0.903520
1.058414
0.844272
0.959390
0.861189
0.911426
0.916603
0.752838
0.922788
1.064208
1.069143
1.243765
1.154417
0.791381
1.112745
0.693467
0.904152
1.084530
0.940355
1.169235
0.919755
1.116884
1.134820
1.212478
0.544299
0.621175
1.043956
0.922776
0.921578
0.955353
0.862367
0.743191
0.849573
0.981043
0.840204
0.955107
1.029048
0.975289
0.930319
0.807511
1.047284
0.684338
0.811791
1.115901
0.928139
0.896793
0.844733
1.093135
1.126689
0.992535
0.454953
0.549557
0.982762
0.842076
0.832696
0.646438
0.739763
1.122400
0.613807
0.843388
1.132178
1.015042
0.980022
0.719465
1.154942
0.548715
0.929398
0.597922
0.843413
1.091144
1.037802
1.099767
1.094353
0.940698
0.761557
1.182615
0.963258
0.989151
1.104774
1.144420
1.044050
1.221124
0.888510
1.111358
1.064159
0.865126
1.037610
0.599031
1.104850
0.885775
0.851274
0.947949
0.926590
1.152716
0.678233
1.163884
1.067370
1.040774
0.979503
0.653295
0.749127
0.979833
0.770036
1.094274
0.801275
0.949568
1.082654
0.753531
0.758520
1.112845
1.073046
1.164886
0.363988
0.833993
0.572929
1.147968
1.102584
1.145353
0.953290
0.847088
0.813970
1.056495
1.033557
0.734397
0.959104
0.687018
1.050139
1.017063
0.884692
0.511726
1.000776
1.121206
1.022143
1.018008
0.598588
0.961826
0.451182
0.935284
1.147333
1.066086
0.596605
0.861745
0.850450
0.824434
0.768562
0.788757
0.557346
1.144943
0.923338
1.069366
1.174704
1.105032
0.705326
0.740561
0.884454
0.732892
0.831712
0.827179
0.724205
0.716352
0.891641
0.959186
1.047916
1.075432
0.672948
1.126818
1.089350
0.894402
0.771017
0.985343
1.107706
0.907152
1.072577
0.651972
0.716479
1.030378
1.049339
0.906662
1.047054
0.672743
0.995285
0.861951
1.149146
0.982939
0.987561
0.817517
1.089733
0.831766
1.156580
0.924298
1.020739
0.819398
1.005180
1.132463
0.923912
0.972296
1.137815
0.768853
1.053212
0.557344
0.859429
1.014833
0.563108
0.571725
0.895440
0.829412
0.958664
0.966305
1.030722
1.015651
0.719086
0.931015
0.804746
1.204975
0.744064
0.958530
0.949253
0.980259
0.981410
0.831148
0.526128
1.117937
1.051518
1.070061
0.908519
1.060593
1.112553
0.992759
1.102078
1.033037
0.622911
0.790554
1.142239
0.812412
1.260880
0.916220
1.273629
1.131496
1.049647
1.216112
1.042085
0.970738
0.876746
0.915332
0.801049
1.025590
0.573620
0.843834
1.047105
1.130970
0.922547
0.637169
0.622603
0.734092
0.996242
0.698331
1.043509
0.734665
0.895467
0.698203
0.845143
0.968405
0.919267
1.062523
0.770036
0.712008
0.483512
1.031236
0.830864
0.822963
0.446830
1.074037
0.918428
0.876314
0.868918
0.809795
0.921719
0.279850
0.893625
1.016149
0.782824
1.050917
0.796274
1.036675
1.073530
0.590778
0.665650
0.814155
1.023990
1.070233
0.914988
0.835366
