1.062218
1.003075
1.082934
0.981587
0.975569
0.954165
0.948740
0.836422
0.708064
0.975401
1.006113
0.942354
0.829369
0.899718
0.972165
0.966669
0.897904
0.995291
0.872425
0.795579
0.930865
0.956079
0.888272
0.839736
0.902536
1.014619
1.045221
0.985223
1.009929
0.948026
1.093987
0.946794
0.997804
0.996576
0.944805
0.993004
0.953416
0.983725
0.983332
0.895850
0.914148
0.948455
0.915189
0.923843
1.022240
1.020340
0.948631
1.018628
0.682434
0.690809
1.125175
0.883805
0.848800
0.967568
0.892743
0.909947
0.900202
0.965318
0.966654
1.038489
0.944164
0.863432
1.072227
1.006083
0.911013
0.881378
1.058927
0.902839
0.824259
0.998502
0.604718
0.764373
0.852409
0.978178
0.911309
0.985454
1.043285
0.764492
0.860467
1.013050
0.817219
0.934363
0.916448
0.985923
0.958727
0.960901
1.037889
0.953014
0.869922
1.050852
0.930565
0.987763
0.857897
0.980734
0.951739
1.018871
0.975676
0.991196
0.945602
0.818334
0.980215
0.976237
1.053137
1.020933
1.042326
0.971523
1.035457
1.000011
1.005296
0.919951
0.785505
0.964815
0.902393
1.039546
0.789266
0.938098
1.085752
1.004958
0.911467
1.076002
0.754319
0.863572
0.954576
0.908672
0.957126
0.933055
0.973907
1.004824
1.104809
0.974688
0.958917
0.964003
1.025847
0.861482
1.079710
0.994834
1.026950
1.001686
0.828641
0.824148
1.025108
0.894423
0.888007
0.878963
1.027130
1.031529
0.977640
0.996973
1.022288
1.034461
0.914950
0.989275
0.960138
0.949372
1.004741
0.914038
0.844979
0.789375
0.892495
1.124447
0.853944
0.782400
1.047351
0.994281
0.963340
0.917379
1.060427
0.875306
0.865489
0.959150
0.770241
0.936273
0.848650
0.804949
0.885664
0.986369
0.856158
0.923095
0.849449
0.919051
0.885590
1.095442
0.969430
1.031400
0.896475
1.058602
0.817134
1.013667
1.031640
0.957569
1.005772
0.937123
0.957077
0.932430
0.863143
0.858206
0.918744
0.920461
1.077039
0.918054
0.952070
1.046162
1.021142
0.851223
0.980970
0.972158
0.859435
1.042829
1.071322
1.002902
1.062399
1.018280
0.935475
1.002852
0.996639
1.066293
0.994268
0.987450
1.014229
0.997784
0.884827
1.037692
0.915896
0.736613
0.942718
1.025540
0.862580
1.068456
0.966130
0.912189
1.024854
0.887455
0.953537
0.871041
1.010493
1.051074
1.050550
0.912303
0.969654
1.021612
0.996984
0.986155
0.974502
1.022683
1.048056
0.926166
0.962965
0.851020
0.862017
0.947542
0.907839
0.994368
1.063085
1.075457
1.052930
1.075433
1.081832
0.992825
0.939383
0.858878
0.969375
0.931820
0.995891
1.030388
0.826001
1.084167
0.919471
0.955084
1.024071
0.916435
1.104641
1.074661
0.958325
0.956853
0.917269
0.852362
0.858283
0.889102
0.969268
0.824218
1.108955
1.075698
1.045876
1.077781
1.013643
1.014616
0.816270
0.914450
1.058417
0.937105
0.916990
0.940070
1.044158
0.939673
0.905505
1.051014
1.028023
0.958368
1.031602
0.934974
0.933402
1.069970
0.790019
0.963616
0.995065
0.913826
1.026930
1.034865
0.907385
1.036192
1.035655
1.026082
1.013715
0.946494
0.864230
1.024096
0.922613
0.989541
0.915956
1.020254
0.961798
0.868897
1.075486
0.791289
0.842380
1.032206
0.910784
0.951896
0.866310
1.002340
1.142754
0.893213
0.951111
0.670913
1.014642
0.994067
1.070679
0.964884
1.025046
1.067847
0.788192
1.017390
0.907897
0.927384
0.971381
1.024372
0.990084
0.915247
0.721147
1.002609
1.006378
0.913605
0.991036
0.948186
0.997635
0.870515
0.996029
0.996055
0.876138
0.887112
0.932756
0.928830
0.913596
0.892228
0.994499
0.795062
1.080198
0.902984
0.926469
1.031092
1.031985
0.977802
0.837815
1.031929
0.926653
0.975358
1.000701
0.827000
0.928227
0.981272
1.059824
0.934254
0.903772
0.963927
0.975769
1.101905
0.904177
0.989195
0.977968
1.001759
0.960740
1.101971
0.864893
0.917076
0.981145
0.870431
0.974916
0.923734
1.052092
1.037694
0.936958
0.945581
1.010283
0.974391
1.052732
0.796359
1.050005
1.036540
0.953264
1.028419
0.990844
1.015105
0.890281
0.922148
0.978072
0.863762
0.954116
0.882355
0.986142
0.981604
0.934141
0.924610
1.001725
0.959095
1.104067
0.993089
0.852568
0.929140
1.115702
0.833988
1.027005
0.873839
0.936564
1.076182
1.033986
0.958947
0.905336
1.049913
0.964580
1.010737
0.952529
0.835459
1.022509
0.996896
0.995745
0.846028
0.896684
0.984339
0.978472
0.799815
0.984600
1.039510
1.019872
0.924094
0.974855
0.888302
0.867631
1.018325
0.969733
0.969176
0.975326
1.013003
1.093572
1.075473
1.027420
0.934304
0.990061
1.018214
0.984519
1.008534
0.899244
1.070180
0.971991
0.828317
0.988569
1.016640
0.940755
0.809151
0.830061
0.987618
0.976008
0.963133
0.979121
0.887530
0.943223
1.063134
0.899681
0.969796
1.020183
1.045376
1.142331
0.799625
0.872095
1.142141
0.794836
1.090898
0.907208
1.049666
0.974280
0.899455
0.979196
1.018774
0.893482
0.915892
1.022240
1.103965
1.061623
0.846730
0.941095
0.941206
1.098804
0.959537
1.024056
0.777262
0.923029
0.877045
1.071554
0.969251
1.023359
0.960345
0.997534
0.925695
1.042995
0.836323
0.856576
0.915000
0.866086
0.749692
0.982482
0.922519
0.971696
1.098022
1.050325
1.000416
0.920556
0.682810
1.030247
0.953951
0.935821
0.897963
0.970290
1.033430
1.014742
0.942921
0.927794
1.052582
1.064500
0.964937
1.082234
0.933200
0.907452
0.966844
0.948904
0.917384
0.986930
0.956825
1.035829
0.901654
0.964103
0.899147
0.997207
1.058073
0.963113
1.016143
0.962852
0.973903
0.887464
0.993426
1.079568
0.930171
0.990868
0.872221
1.112013
0.936236
0.888626
0.776105
0.981173
1.012606
1.098991
0.928875
1.074502
0.805726
1.015139
0.972509
0.991300
0.914211
0.975446
1.011005
0.948803
1.014178
0.938749
0.967740
1.060134
0.979758
0.895974
0.878972
0.898201
1.051494
0.828718
1.009445
1.048600
0.906211
0.923517
0.958861
0.841100
0.994588
1.071470
1.038590
0.961073
1.078856
0.985799
0.866627
1.063698
0.956277
0.911398
0.835912
0.938992
0.986918
0.904031
0.930897
0.908606
0.985278
0.797063
1.075182
0.962727
0.918705
0.937372
0.933211
0.935035
0.946269
0.971745
1.038831
1.022984
0.991936
1.006102
0.997164
0.922824
1.072798
0.773599
1.091756
0.964873
1.026294
0.965109
0.980724
0.863864
0.957804
1.001609
1.008027
0.991228
1.083762
0.991339
1.099222
0.956079
0.964780
1.036839
0.990715
1.038207
0.865713
0.968888
1.068508
0.962368
1.020114
1.042316
1.055265
0.989549
1.035253
0.811372
0.989066
0.907612
0.947403
0.970222
0.954178
0.941786
0.894071
1.024695
1.018979
0.781481
0.885694
0.931463
0.947644
1.013890
0.864541
0.921454
1.003674
0.902634
0.973621
0.924293
0.943396
0.865973
1.015712
1.029946
0.665740
1.050465
0.940316
0.879035
0.951667
0.842404
0.922405
0.977193
0.983489
0.877572
0.952723
1.109731
0.739003
0.938368
0.917174
1.004643
1.037182
0.986084
1.037443
0.779549
1.093397
1.010593
1.019818
1.060318
0.938563
0.905081
1.109693
0.949617
0.907683
0.964028
1.051800
1.033957
0.949115
1.050084
0.955409
0.985986
1.036847
1.016372
0.634525
0.910902
1.089516
1.003162
0.925249
0.948634
1.035473
0.998078
0.904578
1.040480
0.971584
1.019538
1.014153
1.083887
1.023735
0.786358
0.856137
0.881704
1.049664
0.959716
0.908217
0.875767
1.030600
1.007366
0.991761
1.079656
1.068435
0.991048
0.962899
1.046961
1.034677
0.968074
1.027601
1.043761
0.997579
0.931677
1.065991
0.988964
1.042143
1.130394
1.074559
0.902447
0.938797
0.982062
1.048213
1.014371
1.068692
1.036263
0.976345
1.040038
0.935389
0.895179
1.078326
1.027812
0.880299
0.979584
0.984941
1.032749
0.912361
0.995248
0.980287
1.011092
1.009387
1.006933
0.919657
0.862600
1.083069
0.967510
1.006100
0.927299
1.023760
0.908211
1.020038
0.901097
0.912202
0.967676
1.027995
0.848083
1.000423
1.088740
1.028356
1.086313
0.927940
1.061008
0.971101
0.940758
1.060058
1.019483
0.982609
0.968067
0.950910
1.001356
1.072637
0.885409
0.907055
0.983254
1.068798
0.891297
0.894202
1.139400
0.730125
0.953110
1.092336
1.011763
1.096761
0.957173
1.009607
1.058784
0.948950
0.965844
1.009479
0.957885
1.040602
1.082499
1.006823
0.947259
1.050597
1.042635
0.890601
0.869064
0.884166
1.005028
1.010559
1.033866
0.927459
1.024059
0.799164
0.972346
0.928181
1.100410
0.989998
0.970662
1.050030
1.079063
0.893724
1.100925
1.040256
0.911573
0.961868
0.857608
0.969975
0.907169
0.993359
0.999685
0.867188
0.969687
1.035510
1.061545
0.956234
1.003188
0.995263
0.892146
1.036794
1.024406
0.911326
0.988052
1.082732
0.934815
1.019807
0.776825
1.132689
1.024208
0.937794
1.033234
0.987986
1.006254
0.944026
1.050936
0.935686
1.071482
1.049163
0.990583
1.086255
0.715774
0.987083
0.845258
1.003292
1.079193
0.974749
0.930822
1.013974
0.995422
1.091262
0.990164
0.998268
0.894407
0.838638
0.989089
0.958936
0.926503
0.942900
1.071853
0.819214
1.006698
0.983823
1.027433
0.965086
1.092018
0.926623
0.937905
0.870681
1.017157
0.954620
0.949901
1.110034
1.026542
1.074156
1.051696
1.052845
0.982251
0.946439
0.933518
0.856205
0.967663
0.949677
0.720693
0.985670
1.012576
0.998114
0.926236
0.892472
1.070597
0.940546
1.002519
0.808396
0.829261
0.906944
0.921064
0.848301
1.001165
1.051271
1.083385
1.052357
0.922328
1.017952
1.050723
0.934476
1.011954
0.963124
0.994901
1.059937
0.981425
1.102772
1.029330
1.018064
1.042064
1.023834
0.999143
0.942760
0.925065
0.902063
1.008014
1.023898
1.103943
0.895273
0.943011
1.044883
0.994843
0.833086
1.010206
0.947105
1.026560
0.871439
0.970051
1.066487
0.998056
1.037022
0.899852
1.016777
0.861100
0.924525
1.033700
0.936252
0.950891
0.949020
0.943571
1.016275
1.074501
0.941198
0.964423
0.981102
0.936300
0.980777
0.988082
0.980096
0.968785
0.971441
0.967641
0.945482
0.982005
1.041026
0.925627
1.011853
1.038253
0.816573
0.939450
1.069893
1.037622
1.044166
0.908713
1.058134
0.956904
1.012569
0.886680
1.008526
0.748775
1.059863
1.034316
0.798865
0.949336
0.875851
0.909888
0.825433
1.045599
0.947231
0.806837
0.968627
1.054961
1.002532
0.769892
0.905402
0.931727
0.878527
1.047376
0.879428
1.026874
1.031303
0.858005
0.885697
0.944688
1.014178
0.988532
1.099761
0.841238
1.059581
1.050931
1.028263
0.988900
1.002308
1.031785
1.088425
1.027382
0.921127
0.944946
1.063413
0.907490
0.775974
0.893598
1.040194
1.057637
1.018517
1.111560
1.016766
0.922283
0.933445
1.123338
1.014288
1.025569
0.933546
0.750812
0.970491
0.751425
0.866163
0.888474
0.949811
0.887099
0.870850
0.982175
0.885880
1.081144
1.042053
0.906691
1.067640
1.078590
0.990958
0.955990
0.739443
1.034840
0.969980
1.031381
0.842756
0.853552
1.053918
1.057655
0.918832
1.007474
0.927295
1.045076
0.979403
0.992708
1.022326
0.992165
0.856635
0.974826
1.028093
0.947266
0.871909
0.967908
1.015195
1.041553
0.947198
0.974619
0.884303
1.079071
0.955479
1.064359
1.009495
1.029026
0.959183
1.044565
0.930380
1.004547
0.826564
0.900685
0.845380
1.015615
1.006897
1.085205
0.857033
1.035503
0.828597
1.003287
0.974113
1.064098
1.037102
0.997790
0.993498
1.035766
1.087475
1.025205
0.957604
1.083783
0.914502
0.899426
0.826252
1.021188
1.023727
0.958266
0.954285
1.004102
0.875991
0.982648
1.025264
1.050854
0.944108
0.882109
0.972215
0.809742
0.904314
0.748460
0.910256
1.005491
0.918384
0.846288
0.951176
1.058568
1.060368
0.970903
1.015911
0.980386
1.052239
0.981188
0.976491
0.899723
1.003246
0.896061
1.043872
0.991056
0.869284
0.952206
0.826300
1.070646
0.992116
0.867376
1.084215
0.956165
0.958611
0.913195
1.017718
1.006147
0.978121
1.088292
0.889989
1.056956
0.953567
0.805041
1.047039
0.848898
1.051147
1.088479
0.906157
0.869895
0.979508
0.947607
1.042773
1.039931
0.997448
1.009742
0.799177
0.960252
1.068209
0.947074
1.017642
1.011529
0.987651
0.935177
1.022090
1.019493
0.764821
1.067666
0.921582
0.965951
0.881599
0.989222
0.834579
1.064638
0.931194
1.021019
0.974392
0.982609
1.027721
1.000999
1.040772
1.073201
0.916952
0.993258
1.033227
0.954305
0.988429
1.011891
0.858259
1.047199
1.104925
1.113702
1.135783
1.068062
1.011466
0.839753
1.009009
0.874735
0.964478
1.021179
1.078968
0.927448
0.941482
0.728523
1.055106
0.964861
1.146999
0.971314
0.899153
1.039771
0.990617
0.928946
1.054131
0.883290
0.990043
0.977817
0.921389
0.992174
0.915205
0.703773
1.010106
0.862112
0.991703
1.003578
0.987134
1.082921
0.961008
1.082720
0.981607
0.915568
1.045799
0.880380
0.851368
1.036388
1.033208
1.046078
0.987244
0.908312
1.047938
0.927959
1.090801
1.041090
0.812050
0.970678
0.966507
0.962869
1.066993
0.889890
0.912732
1.010153
0.950174
1.023070
0.995673
0.952740
0.929801
0.970976
1.021452
0.973580
0.952192
1.039791
1.009738
0.872711
0.993877
1.010133
0.922806
1.009369
1.058869
1.104596
1.019311
0.987126
0.967563
0.947692
0.914479
1.050373
1.029095
0.988140
0.895253
0.941062
1.068778
1.031620
0.972390
1.073173
0.924510
0.972526
1.002481
1.016113
0.948339
1.000642
1.029005
1.074638
0.904530
0.961942
1.073222
0.944720
0.771509
0.793871
1.044376
0.986742
0.996663
0.977278
1.001674
0.903344
1.007416
0.964615
0.960556
0.788624
0.902989
0.947851
0.984798
0.979815
1.011479
0.967552
0.957767
1.091292
1.002151
0.975264
1.024004
0.978128
0.854491
0.913686
1.039443
0.636094
0.749636
1.062806
0.975712
1.058209
0.942898
1.007682
0.994492
0.976065
1.093707
1.059654
0.963318
0.952834
0.730661
0.904214
0.933248
1.098677
0.919108
0.821314
1.078776
0.990003
0.926762
1.050558
0.999597
0.809311
0.927639
1.027169
1.046645
0.964241
0.945255
1.021890
0.921483
0.980450
0.877927
1.034045
0.947970
0.783745
0.779380
0.825185
1.084312
1.008501
1.036338
1.044965
1.039713
0.916596
0.965213
1.041333
1.022350
1.036774
0.996481
1.069812
1.002139
0.932162
1.076771
1.053726
0.842488
0.791768
0.922799
0.990872
0.938119
0.977483
0.900685
0.976501
0.973407
0.884147
0.965487
1.000455
0.897283
0.770417
1.007716
0.977412
1.084077
0.968756
1.053290
1.138146
0.983210
0.865586
1.090884
0.958824
1.050704
0.938966
1.035169
0.937765
0.918547
1.002445
1.065764
0.931672
1.039645
1.037360
0.932611
0.971068
1.025522
0.925373
0.905563
0.879102
1.057036
1.036053
0.976395
1.064939
1.046108
1.054081
1.071533
1.054263
0.930680
0.895259
0.878707
1.038802
0.947178
0.734819
0.829785
0.971247
0.930906
0.870794
1.062111
0.949834
0.992283
1.067528
0.938648
0.829480
0.997559
0.975840
0.878178
1.015492
1.019710
1.069348
0.993975
0.970250
0.697738
0.964739
0.976977
1.094661
1.055795
0.568592
0.932117
1.039197
0.954768
0.974957
1.022286
1.005984
0.908061
0.870523
1.006410
0.995787
0.914133
0.903250
0.961042
0.905166
1.000919
0.984423
0.906097
1.083032
1.019918
0.908305
0.801988
1.017926
0.948385
0.863094
1.054340
0.928791
0.957325
0.937417
0.999647
0.942327
1.107069
0.953890
1.012989
0.975337
0.927037
0.848236
1.039149
1.066313
0.987093
1.046729
0.955009
0.917706
0.915718
0.935445
0.920031
0.827460
1.034241
1.114036
0.996572
0.934189
1.010366
1.043374
0.869532
0.939068
0.959567
1.065087
0.943967
0.994439
1.041963
0.976539
0.931304
1.099984
1.024403
0.967722
0.827114
1.062303
1.065994
1.064300
1.016278
0.921198
1.036931
0.960967
0.924869
1.048960
0.916469
0.979321
0.721746
0.943774
0.967612
0.778659
1.031156
1.010520
1.020614
0.961720
0.798542
0.965097
0.929081
0.997822
1.089408
0.925725
0.949230
1.053781
0.974839
0.939667
0.652059
1.041562
1.018608
0.835079
0.915007
1.054077
0.960086
1.038413
0.877733
0.914944
1.078833
0.918888
1.017258
0.954452
0.942445
1.102459
0.803268
0.985138
1.041262
1.066105
0.961620
0.766935
0.758583
0.915393
0.919162
0.744465
0.991518
0.998818
0.946327
1.012278
0.901664
0.904464
0.955237
1.012474
1.075838
1.092183
1.063448
0.979305
1.066197
0.986040
0.964792
0.875978
0.866118
1.061309
0.954225
0.879221
1.111958
0.945341
1.004739
1.019550
1.047712
0.691499
0.982210
0.903064
0.937591
1.082896
0.880721
0.849104
1.022207
0.961707
0.953410
1.007707
1.020993
1.044014
0.959855
0.814107
0.929543
1.043195
0.983739
0.926067
0.920056
0.706659
0.959966
0.741684
0.997703
0.997993
0.905961
1.052424
0.978157
1.031132
0.939280
0.889396
1.076883
1.010659
0.970626
1.109724
1.004929
1.002820
1.000843
0.916605
0.964869
1.054810
1.049426
0.898788
0.879362
0.921324
1.021127
1.016332
1.026626
1.037091
0.856575
1.020545
0.971325
1.025425
0.969815
1.091827
0.991775
0.939615
0.854843
0.927208
0.909289
0.995431
0.911415
0.862641
1.006385
1.100844
0.957128
1.038546
0.925746
0.935644
0.907061
1.118276
0.967656
1.071036
0.947183
0.843993
1.014432
0.961929
0.994995
1.023052
0.927276
0.874676
0.940847
0.934821
0.940517
0.987582
0.956962
0.865569
0.969983
1.042685
0.925673
0.949846
0.883969
0.783979
0.837841
1.096288
1.081549
1.015451
0.962344
0.961725
0.862329
0.988203
0.801628
1.036986
1.018406
0.956295
0.875250
0.905348
1.016675
1.060206
0.954477
0.924765
0.985473
0.989103
0.915242
0.822591
1.040463
0.982112
0.980378
0.963067
0.942000
0.896814
1.007344
0.954021
1.030024
0.988540
0.994908
0.972338
1.064316
0.875716
1.029575
1.063032
0.927288
0.789146
1.004450
1.064131
1.110596
0.859280
0.953792
1.060360
0.993651
0.915775
0.937339
0.887128
0.879839
0.859317
0.968039
0.964684
0.912722
1.029883
0.809670
1.017681
0.892911
0.913299
0.875254
0.995040
0.972576
1.010418
0.919325
0.972946
0.911733
1.023326
0.980745
0.905223
0.974372
1.036893
1.028024
1.009119
0.817786
0.855065
0.980768
1.039445
0.984372
0.834362
0.949269
0.936168
0.855843
0.822199
1.011404
0.970382
1.050595
0.980022
1.052569
1.048147
1.068588
0.981815
0.919654
0.973355
1.033865
1.011393
0.907047
0.962057
0.818992
0.981964
0.851493
0.983351
0.960055
1.003945
0.876322
1.044646
1.043614
1.064586
0.766901
0.930553
0.993592
1.091005
0.941568
0.866432
0.904106
0.925537
0.997286
0.979726
1.031137
1.013476
0.785073
0.820962
0.958087
1.049876
0.793914
0.943417
1.055679
0.923237
1.066880
1.082966
0.964393
1.061499
0.997212
0.838160
0.944122
0.911518
1.070079
0.913639
1.051659
1.027248
1.021693
0.935231
0.943502
0.997014
1.023597
0.992679
0.930577
1.074979
0.820609
0.830210
0.821680
1.029396
1.029175
0.903041
0.856277
0.969250
1.003014
1.031895
0.921716
0.852791
0.997391
0.764640
0.899882
0.727235
0.939137
0.930712
0.923076
0.989283
1.031897
0.972987
0.941227
1.041893
0.910392
0.950310
1.023429
1.047033
1.090134
0.813563
0.994225
0.873122
0.992861
0.969176
0.910044
1.022675
0.947650
1.012516
1.008477
0.988675
0.909939
0.918555
1.022588
1.031702
0.959993
0.969737
0.892447
0.895246
0.921264
0.954506
1.064486
0.923668
0.910933
1.012026
1.026198
1.038931
1.015112
0.977669
1.107313
1.112793
0.682631
0.888028
0.908113
0.907484
0.820085
0.963254
0.879012
1.107040
1.029878
1.016585
0.969937
0.826086
0.903673
0.932880
1.034936
0.944144
1.051720
1.016861
0.919758
0.763346
1.030241
1.110054
1.117598
1.017409
0.850602
1.030549
0.944669
1.030709
1.046571
1.003259
0.951645
0.762119
1.020777
0.938229
0.932728
0.832580
0.990775
0.946975
1.003833
0.978935
1.052355
0.916226
1.000972
1.014635
1.059031
1.050775
0.955314
0.939566
0.953455
0.884668
1.066435
1.012032
1.083335
0.961679
1.046428
1.039926
0.963406
1.073983
1.055699
0.976705
0.972251
1.078372
0.935258
0.773550
0.977619
0.923101
0.949032
0.932491
1.040259
1.053538
1.111720
0.967275
1.060411
0.837787
0.931287
1.023535
0.967484
0.829916
0.886781
0.928000
0.946405
0.977532
0.893015
0.965129
1.022896
1.000540
1.163457
0.754724
0.931919
0.745072
0.949915
0.916238
0.821535
1.037317
1.012086
1.015704
1.043399
1.075850
0.975886
1.120180
0.991429
1.040807
1.054258
0.940760
1.006641
0.748108
1.031431
0.720506
1.009069
0.942526
0.952995
0.996004
0.854207
1.019027
1.095723
1.033462
0.947693
0.860879
0.765877
0.936392
0.945015
1.103485
0.836944
0.901621
0.929661
0.834786
0.925690
0.908996
0.915086
1.028919
1.023678
0.964504
1.007810
1.025857
0.901204
0.990595
0.950981
0.989488
0.845639
0.753191
0.914174
0.976766
0.905084
0.943735
1.074725
1.048080
0.998852
0.672106
0.947953
1.121709
1.072473
0.993337
0.892679
0.856739
0.988275
0.928180
1.022552
1.115696
1.011885
0.891570
0.996384
0.970630
1.003157
0.984226
0.809390
1.026288
1.029723
0.964525
0.945354
1.035134
1.031976
1.008107
0.939866
1.054888
0.910917
0.989672
1.055664
0.936777
1.064045
1.067016
0.982104
0.944050
0.937295
0.938717
1.078077
0.932199
1.000108
1.014719
0.962725
0.894037
0.996975
0.857715
0.940540
0.966485
0.939866
0.828868
0.988850
0.992350
0.897726
0.973841
0.833479
0.933970
0.883466
0.974788
0.920656
0.972721
1.076174
0.995969
1.011599
0.800405
0.877910
1.014817
0.907984
1.031084
0.905012
0.788279
0.946697
0.955736
1.056136
1.045762
1.019120
1.000761
0.972784
1.077422
1.043907
0.936467
0.998912
1.027640
0.862376
0.896174
1.054018
0.974756
1.023588
0.981089
1.011982
1.031638
0.985791
1.006996
0.718010
0.982423
0.879544
1.098744
0.861815
0.912776
0.943378
0.917233
0.964933
0.813143
0.876117
0.963724
0.943792
1.142250
1.024547
0.960937
1.065892
0.899671
1.073220
0.978960
0.891956
0.830476
0.994569
0.965746
0.975867
0.817305
0.971487
0.982952
1.002640
1.119038
0.935236
1.013523
0.958810
1.004113
0.887266
0.943810
0.817309
0.955983
0.904185
0.960574
0.995794
1.000688
0.933797
0.983062
0.851465
1.008130
1.040537
0.897418
1.007348
0.999599
0.960493
0.919868
1.058462
0.974110
0.965750
0.991006
0.993703
1.087210
0.985217
0.916783
0.927121
0.980199
1.013285
0.876911
0.880741
1.038581
0.921153
1.128142
0.767629
1.058381
0.997187
0.912069
1.009461
0.950860
0.967145
1.034547
0.958959
0.781376
0.995454
0.975256
0.670410
0.789991
0.749061
1.015842
0.878096
1.035095
0.878623
0.904157
1.057286
0.975212
1.030367
1.007530
1.089828
1.004430
1.043904
0.886847
1.096110
1.091620
0.943116
1.055945
1.096916
0.997064
0.952986
0.941700
0.992522
0.935913
0.928496
0.990637
0.845129
1.069018
0.920663
1.045020
1.042136
0.994694
1.108762
1.006299
0.954794
0.909412
0.979104
0.978807
1.005363
0.996416
0.905226
0.918804
0.910033
0.887331
0.926900
0.926274
1.057928
1.052161
1.024894
0.973858
0.949379
0.905490
0.860284
0.953308
1.061705
1.011971
0.947342
0.866612
1.108957
0.823390
0.924582
0.981478
0.886234
0.815715
0.966423
1.090405
0.763672
1.072560
0.929075
0.985692
1.033523
0.975804
0.923359
0.994389
1.038654
1.056976
1.001312
0.849831
0.954246
1.007257
0.811158
0.949396
1.011404
0.991490
1.025907
0.987533
0.905778
0.987379
1.057235
0.852747
0.846586
1.017946
1.090388
1.080768
1.100186
0.984999
0.910053
0.963686
0.963740
0.975592
0.947835
1.061765
0.911132
0.940654
1.032754
0.869922
0.905726
0.902506
0.998922
0.973498
0.961000
0.983240
1.051915
1.075392
0.848775
1.053975
0.924267
1.002953
0.904009
1.010503
0.883696
1.087647
1.046054
1.023783
0.702248
0.723007
1.040079
0.964379
1.016655
0.996303
1.012501
1.025004
0.997828
0.981983
0.954614
1.052928
0.963458
0.994964
0.995732
0.878109
1.008648
1.012694
1.047240
0.867798
1.025663
1.087716
0.947069
0.903955
0.879351
1.010571
1.063670
0.980345
0.910559
0.898079
0.976737
0.921709
0.791161
1.003953
0.991769
1.062834
0.995258
1.050026
1.022005
1.014601
0.982631
1.048565
0.934653
0.923012
0.827074
1.022509
0.975491
1.033684
0.997440
0.954982
1.061463
0.926618
0.883000
0.963827
1.037306
0.932778
0.955254
0.914206
1.013138
1.080283
1.009316
1.060423
0.967156
0.997062
0.838171
0.945975
0.982214
0.958286
1.007943
1.082690
1.052772
1.049216
0.962488
0.917163
0.950097
0.913460
1.036426
0.924702
1.077164
1.030968
0.711556
0.973002
0.959183
0.972048
0.997395
1.059240
0.961836
0.957412
0.851348
1.054925
0.985686
1.006081
0.913883
1.021103
0.877299
0.929231
0.964733
0.967516
0.986937
0.863505
0.947194
0.989784
1.008356
1.088816
0.965587
0.993689
0.911071
1.063335
0.906293
1.074385
1.005038
0.923699
0.903997
0.855368
1.071625
0.866411
0.931380
0.920152
1.014917
1.039188
1.006169
0.870142
1.012371
1.003935
1.038576
1.020576
0.887877
0.958206
1.068316
1.105685
1.012190
1.051060
0.917319
0.884890
0.969133
1.047274
0.961607
0.899754
1.024059
1.001467
1.034532
0.979910
0.996507
0.928773
0.914954
0.918241
0.922364
0.717327
1.038134
1.028033
0.907694
1.125939
1.040267
1.075667
0.918563
0.887811
0.918824
0.687367
0.807435
0.905287
0.982468
0.909579
1.017236
1.010661
0.949858
1.094676
0.986634
1.036185
0.920697
0.951132
1.003661
0.902025
0.986937
0.835818
0.899198
1.035606
1.043768
0.967396
0.827089
1.038729
0.940560
0.977048
0.914793
0.984234
1.062778
0.957688
0.957345
0.914831
0.857346
0.868513
1.092428
0.997157
1.035083
1.002637
1.050649
0.895399
1.058471
0.961589
1.052643
0.956650
0.963958
0.877922
0.987149
1.021363
0.938628
0.952523
0.981799
0.975359
0.965043
0.963521
1.021495
0.975815
1.048089
0.818579
1.029013
1.093461
0.907843
1.007103
1.120597
1.027807
0.878101
1.034859
0.936942
1.033935
0.938861
1.073565
0.863140
0.926788
0.969920
0.927945
0.945789
0.897801
1.074069
0.956904
0.984878
0.913032
0.980886
0.796540
0.930290
1.095367
0.936563
0.949860
0.986365
1.037420
0.889681
1.006865
0.852292
1.099154
0.934713
0.689479
0.951448
1.068524
1.022570
1.019085
1.066193
0.980084
1.002465
0.992562
1.020836
0.731791
1.013130
0.971667
1.046199
0.964193
0.991091
0.881615
1.097545
0.907780
0.997448
0.966124
1.013923
1.052882
0.998789
1.008467
1.061055
0.897745
0.934478
1.000027
1.065487
1.020851
1.082253
0.862842
0.991023
1.053472
0.983612
1.015974
1.048333
1.020060
0.926942
0.790555
1.048720
1.036645
0.728305
0.977435
0.917162
0.978742
0.818753
0.952631
1.034094
1.059003
0.941090
1.065576
0.844855
0.682281
1.087732
0.884201
1.068101
0.916210
1.052969
0.896179
0.948953
1.105172
0.909209
0.956230
1.028028
0.925717
0.983975
0.953001
1.025048
0.959378
1.011525
1.078980
0.817291
0.842881
0.907662
1.068348
0.947908
1.005545
0.840827
0.939704
0.964962
1.040572
1.040695
0.827315
0.983521
0.857926
1.023972
0.960057
1.023306
0.878588
0.742803
0.918338
0.958653
0.942607
1.048333
0.952344
1.032617
1.003438
0.898810
0.858894
0.925190
0.968383
0.867593
0.921018
0.970396
0.804380
1.092303
1.046186
0.996407
0.968566
0.966694
1.078145
1.073545
1.071163
1.127889
1.140431
0.945341
1.008496
1.045345
1.074331
0.966899
0.917033
0.886130
0.949529
0.901330
0.972717
0.948086
1.076748
0.986002
1.031221
0.858152
0.823053
0.935820
0.927111
0.907526
1.005536
1.025702
1.019162
0.951191
0.822524
1.024181
1.034710
0.753344
0.895005
0.926602
0.893123
1.027496
0.943706
0.861413
1.103816
1.019669
1.030884
0.961885
0.892174
0.971060
0.647972
1.025814
0.875741
1.028125
0.828580
1.117871
0.852871
0.870726
1.029028
0.933394
0.976273
0.855723
0.906642
0.916139
1.038760
0.973011
0.951471
0.854172
0.875021
0.817187
1.077648
0.899007
0.980435
1.084155
0.929656
0.890622
0.919542
1.013397
1.038784
0.919411
0.869253
0.880760
0.913400
1.028420
0.892442
0.868988
0.908998
0.953503
0.941659
1.026343
0.931670
0.974245
0.987962
0.943070
1.023177
0.790232
1.036461
1.008957
1.043110
0.970686
0.983455
0.978403
1.014556
1.012282
1.087027
1.011884
1.022425
1.048983
1.089552
1.033424
1.057518
1.098697
1.096451
0.836574
0.989590
0.988380
0.998756
0.883158
0.908137
0.784652
0.950477
0.920032
0.941129
1.077432
0.983679
0.816711
0.984196
0.876114
0.967208
0.803968
1.001687
1.069105
0.943044
0.864761
0.907989
1.008366
0.905617
1.026974
1.009119
0.921046
0.866324
0.976957
1.041165
0.946931
0.992832
0.968696
0.983470
0.907079
1.072946
1.128356
0.816349
1.032464
1.011328
0.881879
1.138051
0.935335
0.822242
0.939408
0.992942
0.854901
0.893946
0.955899
0.910328
1.017458
1.007692
0.932362
1.017490
0.965650
1.044696
0.983739
1.031098
0.740707
0.908099
1.071358
1.037149
1.074272
0.790427
0.982853
0.806949
0.946117
0.997382
1.077911
1.047115
0.962401
0.913721
1.007469
0.903272
0.960112
1.104390
1.051855
0.684323
0.916355
0.966875
1.014335
0.989806
1.006156
0.837299
0.984229
0.927033
1.057081
0.919026
1.099481
0.928943
0.900116
0.943505
0.982526
1.034135
0.911684
0.915878
1.074853
1.029817
1.020121
1.029951
0.998730
0.911032
1.051836
1.026258
0.897436
0.990407
0.880471
1.026806
1.019580
0.993491
1.062825
0.865824
1.036326
1.011791
1.050387
1.091246
0.899077
0.977720
0.991127
0.936339
0.964466
0.888949
0.992852
1.026359
0.962620
1.032051
0.884436
0.902052
1.042731
0.983002
1.046729
0.939019
1.131039
1.037029
0.921153
0.966474
0.993258
1.130235
1.036672
1.024490
0.982634
0.834973
1.120017
1.058349
0.855006
0.869887
0.928485
1.114341
0.895530
1.057757
0.953063
1.030524
1.007399
0.984848
1.093034
1.000453
0.957842
0.985380
1.047409
1.044560
0.905304
1.067316
0.971867
1.050433
1.069693
1.020348
0.931335
0.833199
1.003567
1.058084
0.827578
1.093484
0.969290
0.920036
0.935290
0.811610
0.892330
1.034002
0.972820
1.058398
0.965287
1.000635
0.987642
1.001505
1.056095
0.839515
0.945123
0.947307
0.893682
0.986334
0.997070
1.007056
1.020068
1.007409
0.951955
0.973118
0.984983
0.958315
1.036977
1.076934
1.045359
0.961357
0.866015
0.817924
0.866375
1.016931
1.027430
0.769252
1.019772
1.018084
1.011242
0.871154
1.011629
0.973019
1.001535
1.038168
0.981108
1.063537
0.969122
0.874676
0.914446
1.106840
0.924128
1.005907
0.816896
0.942267
1.020182
0.882803
0.994028
1.044856
0.888497
1.000975
1.006861
0.973755
0.814060
0.928079
0.942346
1.065266
0.852449
0.964694
0.933322
0.976247
1.110970
1.002275
1.038888
0.898894
0.833034
1.019688
1.010229
0.790722
0.812214
1.049810
0.900937
0.817194
0.967574
1.017714
1.051425
1.035711
0.891086
0.848074
0.956933
1.004481
0.945947
0.995497
1.038547
0.792581
0.958594
1.067176
0.884387
0.841741
0.875489
1.067699
1.085608
1.049153
1.054839
1.009604
1.027734
1.015231
1.094764
0.904323
1.035524
0.992951
0.888901
0.927482
0.832454
1.034638
0.953113
0.850249
1.059099
1.071128
1.042910
0.945609
0.872701
1.056991
0.981255
0.901001
1.049883
0.984887
1.046488
0.823152
1.042503
0.888409
1.000791
0.924553
0.935017
0.950525
0.597946
0.893940
0.908258
0.995750
0.998248
0.985924
0.857170
0.914102
1.016400
1.077726
0.998280
0.974560
0.929944
0.982584
1.031220
0.966249
0.926797
0.976462
1.056398
0.962524
0.934100
0.987885
0.896573
1.001947
0.882005
1.000967
1.010856
0.999982
0.953529
0.888722
0.870472
1.032744
0.978745
0.961852
0.991550
1.080861
0.907850
1.054316
0.976736
1.067966
0.961931
1.037705
0.959354
1.056022
1.059251
0.913195
1.002525
0.934108
1.012070
0.949789
0.908621
0.844852
1.111417
0.934570
0.957252
1.042538
1.007658
0.989750
1.014106
0.956545
1.021884
0.931633
0.835721
0.870971
1.011546
1.005553
1.052686
1.018314
0.903216
1.073894
0.900657
1.085462
0.843638
0.935064
0.970546
1.003235
0.905152
1.099238
0.808976
0.856698
1.032714
0.748150
1.042673
1.068482
0.917671
1.125027
0.814055
0.906082
0.807078
0.922907
0.979308
0.914304
0.848370
0.871778
0.945248
0.806540
0.937445
0.926518
1.007758
0.903110
0.843682
0.959561
1.011868
0.957219
0.826683
1.025558
0.823934
0.919448
1.050450
1.046722
1.071834
0.983361
0.987507
0.803935
0.704749
0.932852
1.061762
0.876856
0.895040
1.017793
0.932821
0.800399
0.884640
0.975540
1.025850
0.887314
0.805027
0.787946
0.983190
0.964562
1.056001
1.053985
1.083197
1.032974
1.057849
0.851000
0.965840
0.938392
1.058735
0.909677
1.012578
1.021810
0.842774
1.118882
0.920657
0.907404
1.092589
0.995250
1.091633
0.899682
1.006060
1.056411
1.005610
1.030985
1.038746
0.912477
0.921122
1.012837
1.006933
1.095108
0.884959
0.955069
1.047867
0.931376
1.005385
0.834322
1.045949
0.906895
0.918653
1.018977
1.046367
0.970375
0.974637
1.037512
0.909398
0.989010
0.896122
1.000699
0.940975
0.859016
0.938086
1.033277
0.806892
0.990017
0.907644
0.905378
0.892661
0.965633
1.005213
0.843945
0.991619
0.954923
0.951400
1.026943
1.011106
0.988293
0.933574
0.741824
1.044046
0.988889
1.082880
1.002836
1.035283
0.792917
0.976161
1.005767
0.859488
0.801897
1.090176
0.956449
1.023873
1.055905
0.882614
1.052243
1.012555
0.875139
0.913334
0.846217
0.882724
0.968290
0.942065
0.978171
0.962713
1.026425
0.920902
1.015015
1.000855
0.872188
1.064713
0.964208
1.013154
0.864280
0.966889
0.966757
0.972351
1.014984
0.957574
1.076465
1.043388
1.124558
0.900190
0.844885
0.848957
0.898441
0.952216
1.038368
1.017354
0.942350
0.995681
0.673928
1.067221
1.071410
0.981231
0.754138
1.007299
0.805730
1.127906
0.975130
1.049608
0.934132
0.842337
0.920312
0.904421
1.078435
1.005534
0.908792
0.831417
0.898676
1.088197
0.969750
1.011014
0.960835
0.782229
1.005941
0.982383
0.966401
0.958702
0.991767
0.954645
0.952712
0.997099
1.015233
0.859168
1.006906
0.881143
0.962788
1.017258
0.954557
0.918878
0.899097
0.929774
0.950893
1.041198
1.016964
0.857917
0.946132
0.787406
1.079157
0.965952
0.926320
0.931700
0.902966
0.890639
0.948577
0.919809
0.782139
0.957703
1.012297
1.079179
1.057701
0.940452
1.093728
0.933045
1.001467
1.017438
0.930399
0.945335
0.719268
1.014244
0.980852
0.874940
1.015149
0.950916
1.044600
0.995393
0.754605
0.905492
1.072478
0.924963
0.908862
0.867060
1.115587
1.060520
0.783196
1.042238
0.992831
1.110148
0.967529
0.903335
1.045925
0.964842
1.070672
0.955700
1.063421
0.905332
1.004896
1.082533
1.067466
0.846988
0.839923
1.072728
1.028553
0.943631
0.921163
1.021434
0.972402
1.006684
1.012351
0.963149
0.942858
1.027924
0.930735
0.861007
1.039610
1.118783
1.031665
0.861739
0.876547
1.005532
0.893585
0.922076
0.929165
0.955580
0.784100
0.934798
0.985768
0.966544
0.949625
0.952405
0.976425
0.931324
0.659255
1.036680
0.644342
0.992052
0.954153
0.979294
0.949354
1.062413
0.890083
0.928390
1.001918
1.054668
0.697594
0.953309
1.009280
1.033132
0.892879
0.912542
1.008073
0.906233
0.979231
1.021985
0.950251
0.967662
0.802899
1.090162
1.027758
1.054035
0.862957
1.028117
0.982017
0.978534
0.941000
1.021995
1.024788
1.046069
0.946190
1.065414
0.960482
1.056355
0.927668
0.904187
0.938201
1.023222
0.877273
0.816771
0.913607
0.754436
1.014598
1.068287
0.997033
1.054745
1.050387
1.017655
0.880068
1.077467
1.033657
1.041475
0.896362
1.015106
0.875030
0.975244
0.926518
1.019658
0.887295
1.101888
0.961346
0.868923
0.991754
0.869125
0.977224
1.005276
0.952346
0.885155
0.944160
0.926186
1.000805
0.998177
0.828568
1.007007
0.919850
0.982595
