1.216919
0.938844
0.891478
0.578122
1.216754
1.014218
0.834286
0.608466
0.542574
0.511781
0.873774
0.876674
0.336358
0.932078
0.348596
1.452925
0.696187
0.467809
0.364094
1.013967
1.027965
1.282889
0.523729
1.295813
0.589261
0.652114
1.424125
0.596110
1.223334
0.431122
0.721016
0.741685
0.174581
0.313842
0.938378
0.531059
0.833411
2.352261
0.532641
0.716492
0.453454
0.869935
1.250614
0.818773
0.418042
0.896257
1.065375
0.512421
0.963743
1.303263
0.622561
1.012118
1.309754
0.713528
1.192407
1.620752
0.453218
1.051651
0.712219
0.641153
0.588337
1.348460
1.790258
1.109574
0.588958
1.611010
0.200018
1.033654
0.989285
0.526908
1.007368
0.418535
0.657036
1.791398
0.357681
0.960574
0.801381
1.733271
0.523358
1.053145
0.429090
0.524733
0.731589
0.441056
0.261462
0.498201
0.587198
1.235743
0.741539
1.181284
0.802204
1.035204
0.696248
0.498066
0.940541
0.798166
0.682552
0.737577
0.991480
0.573447
1.112525
1.197961
1.754444
0.837408
1.526577
0.888114
0.387978
1.052216
1.641750
0.551951
1.611500
0.995379
0.877071
1.200273
1.311404
1.150754
0.773936
1.176892
1.259397
0.963999
0.880707
0.641440
0.274183
1.418785
0.962193
0.409468
1.286168
0.444839
0.852914
0.754714
0.924609
0.211499
0.669373
1.031891
0.465740
0.556488
0.481787
0.994898
0.853011
0.397536
1.273111
0.573730
1.162015
1.471490
0.777188
0.410686
0.802899
0.530131
0.446411
0.247654
2.292204
0.807452
1.486209
0.543165
1.894614
0.811072
0.727147
0.659868
1.079332
0.586732
1.398976
1.038318
0.485180
1.142493
0.653467
1.443217
1.970513
1.159739
0.884174
0.455838
0.949291
0.745747
0.471535
0.190328
1.230212
0.975937
1.373825
0.900493
0.273100
0.737979
1.754943
0.813695
0.945359
0.962378
1.075850
1.282597
0.807308
0.669631
0.108397
1.156107
0.701041
1.421826
0.655786
0.709484
1.418331
0.595760
1.191283
1.072564
1.007243
0.244259
0.538518
1.243987
0.432132
1.244711
1.000979
1.040732
0.339049
0.669985
0.360870
1.041783
1.234651
0.412633
1.651077
1.870724
0.654312
0.798624
0.443351
0.562312
1.150204
0.981964
1.318650
0.273308
0.918449
0.570644
0.786934
1.005490
0.829932
0.430215
1.048735
0.283732
0.480061
0.942738
0.593449
0.836915
0.386735
1.163797
0.606886
1.342744
1.505232
1.294685
0.410836
1.138789
0.738240
0.963208
0.481736
0.580518
0.621637
0.817310
0.166499
1.061033
0.488969
0.282397
0.453707
0.379155
1.753723
0.671026
0.434417
0.693069
1.320676
1.587936
1.082213
0.658684
0.768335
0.598041
0.606700
0.664461
0.715790
1.093662
1.064272
0.240267
0.590299
0.204814
0.845927
1.104982
1.227683
1.414470
0.695486
0.588620
0.533169
0.594523
1.141396
0.574552
0.980287
0.501337
0.355137
0.669736
1.305726
0.179301
0.434984
1.249103
1.030535
1.200767
1.566110
1.434609
0.786224
0.889484
0.346679
0.649668
1.673957
1.452039
0.322184
0.786219
0.376283
0.389565
0.914752
0.731237
0.787283
0.961474
0.806174
1.017533
0.444738
0.373325
1.203569
0.930676
0.495659
1.108620
1.197848
1.265979
0.247170
0.984955
0.904958
0.846767
0.654992
1.156071
1.080634
0.426107
0.788909
0.830091
0.567754
0.633921
0.369750
0.771775
0.552968
0.810653
1.443726
1.430220
0.975301
0.992477
1.780671
1.015914
1.302758
0.735790
1.362102
1.173978
1.742152
0.415976
1.531876
1.256844
1.255720
1.631135
1.412568
1.478588
0.875790
1.060989
0.232365
0.641714
0.607194
0.516937
0.503296
0.723566
1.751686
0.762424
0.865529
1.092224
0.749791
0.987687
1.357764
1.153618
0.424927
0.590774
1.570552
1.347077
0.561950
0.583565
0.600792
1.160510
1.005129
1.175530
2.047448
2.173503
0.969980
0.997418
0.366965
2.009495
1.014599
0.540671
0.751404
0.410321
0.827448
0.388284
1.211577
0.895282
1.148997
0.669696
0.798932
0.332596
0.913208
0.991700
1.602660
0.921273
0.652104
1.328781
0.930725
0.987225
0.113763
0.777829
0.710242
0.607287
1.589091
0.997305
1.372196
0.969714
1.260676
1.363088
1.769567
1.611572
0.263002
0.509384
1.035424
0.947238
0.707330
1.975507
1.148848
1.077044
1.613697
0.679187
0.980389
0.476937
0.449439
0.743202
1.669588
1.014030
0.924832
0.710010
0.864704
0.731448
0.597820
0.719292
1.047896
0.402347
0.111530
0.231212
1.012866
0.647670
0.934220
0.695735
0.907058
0.636037
0.994129
0.617484
1.441517
0.719927
0.306640
0.868616
1.408402
0.733194
0.539756
0.255840
0.759278
1.300904
0.694815
0.993731
1.305933
0.965785
0.757115
0.162384
0.855875
1.080335
1.123764
0.149895
0.783362
1.084485
1.455650
1.393996
1.302157
0.871250
0.664485
0.862581
0.544373
0.685830
0.386827
0.770536
1.591199
0.761396
0.997706
0.793175
1.201387
0.355638
1.255082
1.591445
1.739334
0.337148
1.332621
1.155424
0.300354
0.881809
1.504674
1.206968
1.125801
0.478578
0.569978
0.916070
1.040501
0.348910
0.524946
1.452261
0.880996
1.442368
0.641107
1.298994
0.625026
0.352982
0.815425
1.267893
0.897654
0.275942
1.209157
0.830909
0.866534
1.417117
0.702677
0.741626
0.742802
0.973593
1.703387
0.897020
0.918712
1.582900
0.616812
1.258448
1.062395
1.156497
0.084500
0.398713
1.529564
0.153889
1.607711
1.442497
0.506745
1.815490
1.126780
0.514260
1.128813
1.221588
0.429934
0.254542
0.210528
0.593480
0.146580
0.500456
0.951001
1.572487
0.801533
0.765484
0.790774
0.561132
0.899555
1.392891
0.612246
1.208207
0.530766
0.728151
0.880432
1.206869
0.698902
0.992921
1.422658
0.577627
0.600471
1.024819
0.202198
1.350996
1.756209
0.357110
1.271229
1.169510
0.577088
0.691421
0.830050
1.820417
0.495109
1.111518
0.346348
0.881957
1.420833
0.403027
1.849760
0.684423
1.051138
0.721136
0.591358
0.384499
0.675989
0.915859
1.175505
0.929903
0.878834
0.902955
0.308156
1.636815
0.927796
1.726669
1.062880
0.984635
1.123134
1.036666
0.640037
0.417350
0.831730
0.821218
0.882824
1.241331
1.346055
0.446862
0.996450
0.724539
0.389616
0.512060
1.328063
0.576466
0.536042
0.956344
0.431328
0.255844
0.864403
1.105446
0.367225
0.289985
0.804256
1.047599
0.073814
1.603638
1.074950
0.921732
0.676300
0.761003
0.626457
0.348268
0.773723
0.259055
1.007219
0.419086
0.832174
0.812658
1.077425
0.471614
0.919759
1.333780
1.484606
0.933287
1.148070
0.973555
0.474767
0.905511
0.755563
1.444189
0.807064
1.085947
0.532708
1.951814
0.665827
1.105822
1.689745
0.798727
0.889132
1.310444
0.392548
1.257294
0.648039
0.905208
1.099560
0.947858
0.918586
1.181293
1.421361
1.094849
0.943995
0.512903
0.737433
1.369845
0.637956
1.010018
0.093578
0.677269
0.567520
0.692327
0.686545
0.275041
0.376692
0.643725
0.834111
1.084855
0.666123
0.863460
0.067077
0.569101
0.621378
1.187088
1.831115
1.634443
0.647456
0.696136
0.585543
1.350675
0.833517
1.179615
1.246419
0.860726
1.470166
0.639820
1.379588
1.070826
0.822653
1.257193
1.032565
1.548846
1.638561
1.029817
1.619725
0.522599
0.923595
1.159997
0.754545
1.010101
0.216001
0.219209
0.651470
1.674320
0.968335
1.354000
0.669775
1.665694
0.755776
1.763542
1.459041
1.245695
1.164267
1.778833
1.028181
0.783443
1.188840
1.031805
1.075212
1.291178
0.435850
0.350226
1.274953
0.201443
1.516629
0.923041
1.226318
0.804675
0.337730
1.043664
0.434842
0.702827
0.800102
1.012186
1.828183
0.682796
1.439189
0.807339
0.749192
0.581215
0.578294
0.698746
0.635949
0.659260
0.935070
0.560199
0.634193
0.420556
1.400727
1.302135
1.184497
0.913063
0.096940
0.267825
0.309513
0.787115
0.207667
0.831426
0.422509
0.427922
0.796692
0.547811
0.444593
0.866224
0.844076
0.303266
1.742828
1.471337
1.608359
0.811254
0.816629
1.587940
0.709770
0.689954
0.894953
1.792740
1.798301
0.221666
0.512855
0.268645
0.854739
1.619104
2.126166
0.882713
0.849462
1.588265
0.723904
1.418430
1.220284
0.585459
1.248070
0.638897
1.228820
0.482195
0.298825
0.990427
0.786864
0.533065
1.127304
0.284301
0.191930
1.114438
1.382833
0.722451
0.866547
0.767771
0.744640
1.358960
1.017203
0.912016
0.189573
0.999204
1.013386
1.174013
1.107628
0.449924
1.666635
0.610856
0.240341
0.602832
0.844706
0.763115
0.278021
0.499426
1.274522
0.415774
0.493137
0.516354
0.798210
0.442426
0.527760
0.581304
1.128263
1.954684
0.773487
1.016768
1.290308
1.105797
0.434203
0.475401
1.205545
0.954020
0.611355
1.122534
0.421657
1.466177
0.868399
0.844610
1.148581
0.841937
0.425108
0.723209
0.971511
0.687728
0.734823
0.507343
1.633665
1.144140
0.367858
0.782840
0.632808
0.429567
0.806193
1.140431
1.361638
1.190104
0.373046
0.857138
1.102560
0.693475
0.524570
0.349138
1.280062
0.887791
0.827771
0.574045
0.464180
1.589173
0.138671
0.960722
0.885670
0.468475
0.852813
0.402577
0.467930
0.197981
0.282086
1.480810
1.386158
0.850764
0.988339
1.099048
0.924395
0.896404
0.424428
1.273585
1.043037
1.043712
0.833068
1.047525
1.357297
1.266599
0.884648
1.190463
0.682080
0.386945
1.544989
0.774557
0.350992
0.662063
1.061387
1.031607
0.663739
0.339457
1.343664
0.489742
1.255480
0.797992
0.849160
0.167706
1.537040
0.601315
0.353188
1.824405
1.330108
0.859102
0.761644
1.117703
1.097392
0.180573
1.703746
0.831142
0.776630
0.669054
0.404439
0.370036
1.563384
0.341696
0.837166
0.677704
0.790141
1.051086
0.698295
0.460063
0.757653
1.301737
0.366129
0.479761
1.197436
0.125359
1.153334
0.959600
0.832984
1.114080
0.372116
1.186746
0.478662
1.112011
0.638710
0.313137
1.819188
1.342295
0.319819
0.995322
1.144594
0.448788
0.550947
1.066923
1.100830
1.360854
0.685721
0.780685
0.404649
1.119832
0.300592
0.745580
0.783875
1.409849
1.214723
0.909504
1.010333
0.516437
0.745961
1.421260
0.670327
0.911965
1.389313
1.299188
0.746051
0.475952
1.333532
1.354772
0.793554
0.208555
0.940639
0.760806
0.738067
0.699465
0.600205
1.105363
0.703359
1.525796
1.288647
0.965516
0.993874
0.436533
1.195852
0.518506
1.156206
1.134533
1.876538
0.976747
0.984967
0.535113
0.815832
1.015926
1.142008
0.571184
1.215181
1.600268
1.488181
1.251319
0.852547
1.440090
0.242933
0.536169
0.689201
0.821024
0.930802
1.684665
1.322693
0.475652
0.595199
2.299884
1.006171
1.174271
0.486568
0.609194
0.685324
1.544335
0.675400
0.707263
0.778375
0.810605
0.955870
0.317356
0.629633
0.742546
0.514932
1.478115
1.320087
1.032441
0.781667
1.147425
0.621119
1.536269
0.489447
1.090773
0.996884
0.960674
0.577443
0.224512
1.209394
1.129854
0.918632
0.886340
0.303056
0.853581
1.012237
0.525472
1.789989
1.062120
0.341765
1.603975
1.130543
0.968173
0.851323
0.975662
1.006371
1.396599
0.698362
1.040403
1.261249
1.544839
1.523744
0.512011
1.177463
1.613785
1.129504
1.082687
0.209423
1.058757
0.512645
0.691192
0.718035
1.056704
0.762599
1.169659
0.554914
0.801390
1.411386
0.874017
1.353988
1.714900
0.878770
1.238846
0.587722
0.603614
1.117494
0.193204
0.641241
0.976333
1.051153
0.631917
0.574783
0.652895
0.873717
0.533149
0.682762
0.527256
0.785055
1.450586
0.292865
0.203301
1.309406
1.455876
1.966467
0.780541
0.807169
1.123467
1.126102
0.851850
0.518654
0.790184
0.736075
0.477454
0.933732
0.723146
0.840891
1.790939
1.484874
0.585840
0.409806
0.667828
1.195172
2.158869
0.531133
0.106505
1.196500
1.037302
0.459510
0.666667
0.664524
0.954148
0.282730
0.609833
0.637205
0.752868
1.456529
0.849557
0.808112
1.036460
0.109416
1.636308
1.246554
1.963159
0.830856
0.268840
0.713318
0.689306
0.388912
0.702365
0.776587
1.500350
0.470332
0.387592
0.619858
1.123678
1.268276
0.422711
0.574919
0.955795
1.552517
0.602658
0.742882
1.530045
0.500054
0.477964
0.266145
1.114393
0.409049
0.820480
1.610732
1.355277
0.899328
1.013110
1.353356
1.256222
0.198530
1.247535
0.227662
0.716492
1.013277
0.965631
0.854117
1.738965
0.819898
1.004184
1.763309
1.157976
0.471299
0.451245
0.162442
1.084055
0.932438
0.459525
1.308377
1.213501
1.016857
0.639029
0.286022
1.373767
1.248089
0.532282
0.371784
1.024018
0.575589
1.008720
0.899864
1.474371
0.344013
0.506807
0.308785
1.031477
0.396959
0.663226
1.207226
1.753473
1.079565
0.877390
0.886900
1.320663
0.447601
0.911833
0.511395
1.522976
0.828945
0.375457
0.722864
0.824261
0.764991
0.652630
0.186144
0.313381
0.357892
0.978357
0.658654
0.738029
0.997175
0.132199
0.596833
0.727324
0.498245
1.219637
0.433211
0.355444
0.314622
1.508626
0.535863
1.033116
1.274952
1.430040
0.789512
0.301100
0.981508
0.907313
0.815147
0.219569
0.523839
0.650396
0.716819
1.158405
0.877225
0.663185
0.589514
0.921067
0.858639
0.384342
1.243903
0.695083
0.207017
0.956880
0.279682
0.390168
1.065145
0.784714
0.612576
0.596830
0.602054
0.351916
0.608546
0.658078
1.371802
0.325191
1.166186
0.083185
1.002854
0.840070
0.431060
0.490864
0.837001
1.044525
0.609559
0.804469
0.414671
1.131885
0.578902
1.663021
0.653658
0.550904
0.722680
1.542398
1.128838
0.693025
1.118651
0.773936
0.421432
1.224856
1.052885
1.002005
0.945832
0.804942
0.943544
0.709115
1.073578
1.788209
0.936585
0.758339
2.083660
0.847195
1.153338
1.298790
1.466387
1.022823
0.441031
1.078247
0.761883
1.070015
0.886041
0.426487
0.547049
0.467143
0.705359
0.497156
0.447341
1.077844
0.312732
1.290552
1.027028
0.990171
0.493640
0.609848
2.247388
1.718216
0.288253
0.235679
1.592217
0.899529
1.176601
0.408896
0.832657
0.447730
2.092713
1.005794
1.062176
0.672213
0.527051
0.790340
0.919262
1.136597
1.447091
0.488075
1.388442
0.599534
1.583714
1.448158
1.753903
1.061200
0.886029
0.505274
0.912103
0.474255
1.192694
1.741635
1.162635
0.897259
1.055832
0.125578
0.762251
0.589695
0.811986
1.113142
1.124262
0.652929
1.090330
1.506854
0.619807
0.561106
0.600478
1.411063
1.644367
0.459289
0.974190
0.505221
0.830605
1.167689
1.369965
1.435876
1.035781
1.285611
0.747859
0.487357
0.604424
0.648702
0.240475
1.349141
0.773685
0.399504
0.784756
0.986395
1.172699
1.561485
0.869751
0.664714
0.444513
1.284297
1.205488
1.355052
0.372364
0.642103
1.403229
0.720552
1.239950
0.232642
0.963358
1.152379
0.735819
0.896498
0.724320
0.381825
0.690721
1.073542
0.685854
0.411634
0.494705
1.030642
1.668487
0.835184
0.670370
0.635348
0.524462
0.846566
0.849226
1.175274
1.207238
1.025277
0.644970
0.331399
0.893588
0.935936
0.266209
1.445361
0.534621
0.577054
0.267248
0.134620
0.686420
1.165095
0.312590
0.948790
1.098458
1.088801
1.449397
1.144141
1.189988
2.360794
0.347090
1.182634
0.872619
1.427740
0.593323
1.416814
0.946018
2.674950
0.373208
0.525565
0.951704
0.740317
1.661340
0.495072
0.238474
1.115165
1.242870
0.565218
0.659010
1.403123
0.635084
0.631750
1.172791
1.024463
0.469384
1.105238
0.884152
0.809018
0.821291
1.954342
0.866560
0.514711
0.447215
0.658712
0.721784
1.209763
0.305651
0.749323
0.834773
0.561301
0.939033
0.511400
1.153872
1.064236
0.813482
0.774869
1.253051
1.483440
0.524108
1.521381
0.138415
0.798408
0.368168
0.640622
0.901718
0.441535
0.450516
1.731783
0.841599
0.796491
0.827736
1.432697
1.425053
1.039654
0.944224
0.804563
1.644036
0.220500
0.650432
0.280670
0.789041
1.167420
0.275597
0.445118
1.162692
0.385886
0.377703
1.282324
1.354423
0.541441
1.193583
0.853806
0.743045
0.950036
0.848624
0.745405
0.562997
0.970139
1.190678
1.220507
1.099971
0.808943
1.474054
0.749453
0.679575
1.093004
0.583381
1.075135
0.767452
0.675222
0.941028
0.651315
1.257965
1.121714
0.783358
1.210578
0.085499
0.848805
0.907047
0.960345
0.322000
0.891244
0.641711
1.485880
0.671256
1.310142
1.121453
1.283255
0.705517
0.272748
1.017290
0.267744
1.106129
1.661209
0.795259
1.939142
0.617472
1.204647
1.058136
0.990132
1.200928
1.124793
0.682048
0.959171
0.785992
0.841409
1.790256
1.171999
0.743715
0.854854
0.900004
1.055375
0.821244
1.148657
1.280250
1.459913
1.268587
1.542650
0.470990
1.304412
0.394721
0.787809
1.016109
1.080796
0.358658
0.957698
0.657497
0.405396
0.120875
0.626388
1.319759
0.956647
1.002228
0.957829
0.759951
0.791481
1.050838
1.097589
1.056149
0.902368
0.554508
0.832297
0.743915
1.685809
0.721177
0.726600
0.807349
0.707003
0.756714
1.066371
0.460467
1.103292
0.796234
0.099217
1.147490
1.294687
1.203829
0.416827
0.141692
0.416015
0.955799
1.685933
0.527865
0.084840
0.632773
0.696827
1.359612
1.069500
0.187500
0.696942
1.859350
0.474757
0.742147
0.936624
0.625268
0.269865
1.062305
0.402880
1.322534
1.263497
0.117061
0.852530
0.679193
1.411076
1.059683
1.140945
0.369285
0.415840
0.149137
1.512786
1.038576
1.109669
0.528521
0.495435
0.734328
0.822146
0.565492
0.427782
0.991388
1.986864
0.466629
0.408617
1.041604
0.224641
2.000297
0.692245
1.053593
1.020657
0.611372
1.523586
0.813028
0.893888
0.462959
0.825298
0.687063
0.855420
0.149508
0.894522
1.081489
1.142349
0.912946
1.193442
0.821241
1.006907
0.763287
1.296124
0.671052
1.115908
0.611114
0.666298
1.018545
1.401211
1.413395
0.893419
0.837385
0.662128
0.696836
0.575351
0.810568
1.747523
0.823352
1.273258
0.704258
0.176281
0.686264
0.562553
1.645075
0.454560
0.528868
0.647845
0.301610
0.449749
0.437689
0.735829
0.693958
1.289859
0.268638
0.522723
1.328589
1.451262
0.160971
0.235771
1.178111
0.889153
0.762665
0.699768
0.380769
0.368674
1.231391
0.529222
0.782746
0.557638
0.709559
0.692751
0.877979
0.546031
0.973296
0.736910
0.734168
0.860010
1.379864
0.195751
1.107731
1.222649
1.320527
0.669757
0.601649
0.982754
1.015564
0.326723
1.166841
1.187929
1.830982
1.055957
0.732151
1.685417
0.336890
1.266048
0.452111
0.786229
0.764333
1.691636
0.547799
1.274355
1.011707
0.313490
0.446255
1.222745
1.293669
0.187575
0.373940
0.907377
1.678385
0.785319
1.151359
1.326833
0.188170
1.196189
2.791421
0.898234
0.779747
0.874670
1.078533
0.402569
0.826703
0.440961
0.877698
1.116478
0.909393
0.751155
1.002707
1.041553
1.190755
0.738536
0.698018
2.135791
0.561223
0.756379
0.901537
0.963424
1.027548
1.518767
0.712923
1.259696
1.335771
0.434566
0.886424
1.024165
1.096326
1.553391
0.879544
0.732414
0.564002
0.812579
0.634664
1.149780
0.633915
0.762360
0.731755
0.305598
1.172557
0.833961
1.103931
1.229640
1.400355
0.851161
0.317515
0.457916
0.814196
0.441454
0.846779
1.393085
0.921194
0.487013
0.586904
1.562102
0.616049
0.457184
1.012697
1.206505
1.642274
1.129464
1.212834
1.773986
0.717159
1.264767
0.993511
0.565466
2.037257
0.852118
1.376920
0.986991
1.070026
1.269081
1.367738
0.318331
0.934332
1.188709
0.563773
1.220082
0.336394
1.210577
0.577675
1.398640
0.481206
0.852339
1.345336
1.050790
0.308520
1.595432
0.028679
0.854212
1.538073
1.123692
1.100394
0.658695
0.526145
1.653401
1.251171
0.402929
0.774435
0.115979
0.513971
1.052761
0.782304
1.354957
0.928333
0.348255
0.743797
0.671011
0.531219
0.640492
0.514288
0.025760
1.291236
1.345630
0.752797
1.216367
0.609477
0.446820
1.025552
1.087599
1.066938
0.853092
1.034720
1.143778
0.884252
1.125157
0.562832
0.854190
0.602596
1.083272
1.077681
0.241587
1.409426
0.778319
1.217552
0.596539
0.172874
0.612478
1.446809
0.930732
1.039071
0.237201
2.033326
0.438867
0.562811
0.851607
0.906756
0.769141
1.119532
0.678319
1.140800
1.692138
2.100341
1.178013
1.029344
1.139868
1.130406
1.151793
1.492928
1.343993
1.043902
0.495929
0.220505
0.690676
1.137664
0.938362
0.454262
0.516258
0.713165
0.842791
0.246874
0.442111
0.308099
0.600876
1.113064
0.806692
0.926113
1.108636
0.763604
0.998025
1.013977
1.001535
1.294221
0.937177
1.049276
0.755583
1.115362
0.300901
1.007276
0.334175
0.999874
0.492986
0.567020
0.866012
0.790419
1.239933
1.078300
1.665074
0.750357
0.624590
1.279981
1.144725
0.872660
0.923502
0.909981
1.338043
0.673738
1.628916
0.656021
0.685034
0.670296
0.312319
1.037420
1.021151
1.011504
1.012160
0.923547
0.986362
0.867258
0.688900
1.253532
0.320859
1.476579
0.430674
0.866787
1.041208
0.326797
1.283378
0.630804
0.733937
1.963306
1.187327
0.880451
0.716576
0.199461
1.771863
0.799795
1.139338
0.610995
1.539723
1.047452
0.639645
0.790737
1.108861
1.072816
0.866121
1.030040
1.094098
0.945350
0.277724
1.415635
0.836040
0.670497
1.158950
0.731457
0.607620
1.079986
0.784330
1.056756
0.973659
1.607952
1.535730
1.072059
0.550433
0.909437
1.720541
0.648204
1.431185
1.020493
1.522849
0.212946
0.835268
0.761241
1.037620
0.408010
0.502367
1.564824
0.652159
1.279037
0.363668
1.354875
0.528559
0.793346
0.752922
0.460576
0.240161
1.028942
0.486144
1.293873
0.967924
0.293188
0.861337
1.334611
0.946179
1.210898
1.385636
1.085107
0.606971
0.844822
0.694415
0.908166
0.668761
0.347342
0.453411
0.871206
1.146662
1.083331
0.941959
0.581884
0.523795
1.313572
0.603726
1.302140
1.097086
0.897981
0.458978
1.072787
0.399209
0.786615
0.798593
0.729256
1.014737
1.810442
0.674988
0.433658
0.912611
0.999543
0.123182
0.304845
0.646360
1.791522
0.863897
0.032508
1.223729
0.681021
1.481072
1.039924
0.738676
1.288378
1.004392
0.667435
0.295441
1.595273
1.061714
1.011920
1.037505
0.397709
0.714517
0.606056
0.586805
1.261082
0.672168
1.585917
0.504301
0.619943
1.217239
1.415758
1.212780
0.770994
0.734914
1.623496
0.673327
0.753306
0.801445
1.817517
0.533280
1.352153
0.257742
0.919762
1.758618
0.564230
1.738627
0.505828
0.419983
1.086923
0.830647
0.563659
0.493827
0.522437
0.616182
1.445959
1.137909
1.110214
1.030444
1.068174
1.574124
0.396162
1.107292
1.055959
0.737407
0.704357
1.023209
1.116900
0.776586
0.775640
0.999176
0.107552
1.081157
1.125377
1.711698
0.486210
0.979856
0.626811
0.593831
0.369658
0.750142
0.704345
0.788940
1.386505
0.632016
1.024195
0.969317
1.190434
0.848881
1.269450
1.280333
0.895341
0.660623
1.328811
0.789203
1.042335
1.510404
0.341894
1.241597
0.110050
0.388286
0.821580
0.800414
0.350144
0.505573
1.208903
1.101967
0.923200
0.914165
1.343795
0.755755
1.080329
0.480457
0.684057
1.746719
0.667515
1.603938
0.998790
0.823208
0.736128
0.231092
0.792184
1.458652
0.913657
1.148268
1.088114
0.399611
0.379604
1.174795
1.417127
0.539544
0.558932
0.684148
1.998588
1.264149
0.495478
1.063400
0.522000
1.140775
0.381558
1.040028
0.297756
0.642829
1.578534
1.570051
0.185233
0.863186
0.983862
0.781050
1.078538
1.893007
0.999439
0.277774
1.162008
0.376149
1.060661
0.874519
0.555075
1.253058
0.763627
0.801703
0.742566
0.598308
0.480979
0.904793
0.754202
1.384864
0.382471
0.812575
0.457707
0.216916
1.330926
0.837105
0.935248
0.148418
0.831773
0.972196
0.901202
0.877205
0.840288
0.579033
1.012040
1.048236
0.945086
0.386503
1.104169
0.304897
0.134716
0.743292
1.278413
0.649091
0.509777
0.753412
0.795082
0.390047
1.500511
1.162959
0.718523
0.930326
1.323921
0.307334
0.916695
0.934969
1.525679
1.519961
0.743677
0.513903
1.360963
0.758046
0.630684
1.423918
0.561950
1.275179
0.985106
0.927097
0.964412
0.239024
0.042693
1.129493
0.738788
0.835595
0.367883
0.935957
0.537444
0.296753
0.662769
0.395859
1.511373
0.242414
1.553470
1.350260
0.450556
0.498410
1.127290
1.108603
1.140349
1.267611
0.546764
0.237946
0.916812
1.055373
1.075742
0.632642
0.204169
0.490381
1.088725
1.195162
0.295801
1.368365
0.822559
1.797303
0.791353
0.547545
0.498402
1.367025
1.704348
0.634416
1.646888
0.834010
1.109849
0.773047
0.848073
0.708096
0.796624
0.196586
0.753162
1.238067
0.863391
0.896174
1.041897
2.126893
1.115132
1.171017
1.564747
0.983798
0.428778
0.550517
0.737381
0.956696
1.008752
0.895916
1.475119
0.658796
0.306930
1.008981
0.531572
0.853866
1.251912
0.683935
0.897504
0.576814
0.920724
0.153115
1.214079
0.547838
0.970922
0.913796
0.807439
0.411300
1.208134
0.825085
0.963969
0.983689
1.194188
1.190421
1.287478
0.832358
0.737614
0.846264
1.390670
0.645819
1.503484
0.391103
0.860273
0.289756
0.858961
0.308709
0.906623
1.256935
1.508424
1.646273
0.753518
0.926522
0.962566
0.948575
0.435862
0.866449
0.574836
0.594459
1.154720
1.473059
0.240775
0.935519
1.405986
1.925322
1.090805
1.853535
1.509632
0.707472
1.040566
1.068337
0.686730
0.251543
0.647278
0.365685
0.448099
0.655011
0.481916
0.538007
0.244499
0.714153
1.053679
0.759762
0.795835
0.201836
0.903215
1.099474
0.589339
0.903246
0.473012
0.600878
1.047016
1.162857
0.577328
1.846029
0.920823
0.447889
0.762424
0.607273
1.413372
0.198153
0.664899
1.318185
1.110035
0.969493
0.590346
0.383850
0.416506
0.271265
1.469622
0.500287
0.869884
1.729071
1.155577
0.768369
0.809105
0.813713
0.363618
1.074238
0.774948
1.149832
0.597696
0.653215
1.286694
1.571156
0.886447
1.447697
0.887890
1.765462
1.023832
0.859912
0.961473
1.180971
0.380836
0.557493
1.598735
1.252940
1.406999
1.054093
1.031463
0.851797
1.146943
0.837598
1.197020
0.846806
0.813510
0.464248
1.136163
1.254486
0.597952
0.451682
1.128663
1.301468
1.632785
0.867201
0.583555
0.951597
0.988170
0.899471
1.547638
0.646999
0.293866
0.773815
0.944773
0.735212
0.681573
1.331307
0.483908
0.582547
1.572247
1.062590
0.235359
0.481429
0.809320
0.787195
0.753651
1.039422
1.084660
0.869555
0.918050
1.092468
0.769114
1.417675
0.575401
0.620302
1.208059
0.805372
0.939250
0.594493
0.932836
0.867711
1.146328
1.631812
0.593422
0.870600
0.730924
1.202547
0.968336
0.917488
0.351537
1.391278
0.649527
0.731380
1.284684
0.366718
1.472984
1.063865
0.773617
0.897935
0.909834
0.845782
1.421584
1.045974
1.577860
1.090421
0.961244
1.131069
2.083277
0.818955
0.375425
0.735720
1.584827
1.198157
0.713906
0.208403
1.538774
1.272638
0.621436
0.796378
0.915413
0.449320
0.897525
0.870561
0.175244
1.099371
0.796817
0.779185
0.640138
1.310007
1.610812
1.354599
1.017510
0.931674
0.653724
0.719961
0.727580
0.647665
0.320447
1.000288
1.123793
1.222549
0.756722
1.024421
0.093423
0.503939
0.147046
0.609526
0.953722
1.122560
0.893020
0.569947
0.652726
1.077070
0.470753
0.491284
0.481218
0.571930
0.803104
0.654234
0.879943
0.504792
1.730070
0.560111
1.447734
1.313345
0.179878
1.322281
0.908329
0.721017
0.653492
0.720417
1.276368
0.150804
0.963487
1.134463
1.023086
1.327680
0.765548
1.109343
1.518100
0.879698
0.829470
1.366324
1.653814
0.500384
0.556385
0.954979
1.435397
0.840077
1.774205
0.578890
1.178640
0.973830
1.692586
1.578197
0.843688
1.029621
1.546116
1.749348
0.321481
1.536198
0.970845
0.862662
0.406702
1.582989
1.294490
0.422245
1.022910
0.542038
0.946433
1.163346
1.057012
1.292083
0.523783
0.766899
0.768911
0.943932
0.355593
1.583681
0.390699
0.462183
0.904947
0.805994
0.437306
1.055618
0.545452
0.814936
0.344330
0.213582
1.285920
0.435632
0.637524
1.169201
1.012905
0.656885
0.131771
0.669250
0.996430
1.150704
1.187694
0.966495
0.898411
0.421866
1.662500
1.126360
1.236669
0.968161
0.781835
1.775801
0.443913
1.233872
0.619447
0.994373
0.525347
1.605865
0.805426
0.855709
0.297731
0.501055
1.678910
0.727247
1.238719
0.948911
0.881117
0.604524
1.432879
0.840484
1.541840
0.827015
0.214041
1.331546
0.866956
1.054564
0.767545
1.318650
1.297871
1.246982
0.665212
0.327327
1.623615
1.014909
1.266056
1.156750
0.730992
0.880307
2.027610
0.698197
1.092046
0.376859
1.146714
1.574313
0.669200
0.931803
0.600170
1.015080
1.009273
1.164257
1.382232
0.672562
0.169828
1.123606
1.006665
0.632135
1.278855
0.440248
0.761487
0.229494
0.742697
0.242511
0.924938
0.477631
0.730063
0.792165
0.405798
0.191389
0.726244
0.263234
0.257518
1.546137
0.861723
0.839657
1.363928
0.804372
0.823594
0.782164
0.507665
1.327248
0.798469
1.448443
0.569265
1.383964
1.347902
0.849522
1.129499
0.489210
1.432727
0.818469
1.228919
0.324590
1.290762
0.606004
0.687972
0.931684
0.362228
1.486255
0.712353
0.646783
0.704860
1.354213
1.664821
1.190522
1.784593
0.800069
1.025931
0.487181
1.344450
0.799128
0.712444
1.265734
0.401284
1.821369
1.058325
1.160281
0.402452
0.946751
0.936962
0.847866
0.687222
1.106323
1.025567
1.026418
0.843748
0.223209
1.047253
1.196728
0.654975
0.746981
0.528645
1.745127
1.688707
1.328214
0.567501
0.736437
0.494137
0.780121
0.232404
0.256815
0.764025
0.887925
0.602620
0.478392
0.821974
0.787699
0.729902
0.037805
1.348962
0.799881
0.224531
0.805959
1.540412
1.272899
0.740672
0.785234
0.913341
0.201270
0.530572
0.792231
0.873343
0.926064
0.994554
1.466905
0.364473
1.293571
1.059004
0.291772
0.259515
0.405590
0.944165
1.430347
1.479163
0.699035
0.488065
0.743649
0.973940
0.298744
0.970591
1.268951
0.110075
0.885292
0.793380
0.692395
0.940429
0.553295
0.724943
0.808177
0.370136
0.567133
0.852226
0.875059
0.234696
0.672500
0.602473
0.493751
0.147176
1.149409
0.571977
2.314578
1.621244
0.459770
0.486107
1.224926
0.983715
0.922745
0.771639
1.848942
0.970231
0.656729
1.234723
1.257429
0.946552
1.239287
0.346394
0.891521
0.580191
0.572898
1.414766
0.552432
1.019296
0.719048
1.173926
0.851080
1.112538
1.154934
0.972074
1.261072
1.686013
0.965543
0.375330
1.011615
0.571352
1.271722
0.959251
1.014143
0.685436
1.395494
1.039207
0.989220
0.700072
1.399088
1.329169
0.784546
1.036763
1.257495
1.105364
0.837143
0.596462
1.376839
0.435516
1.427461
0.554039
0.788063
0.925832
0.491381
0.546077
0.834241
0.654633
1.716696
0.984237
0.864214
0.768616
1.201845
0.831698
0.282342
0.838411
0.519359
1.333285
0.809671
0.258622
1.068392
1.092155
0.706677
0.936404
0.272084
0.467892
1.916750
0.444523
1.346096
0.692841
1.414822
0.785599
1.241736
0.626499
1.743279
1.034654
0.794130
1.379316
1.040584
1.140997
0.607374
1.618461
1.406117
0.791071
0.781285
1.165078
0.804007
1.393189
1.430555
0.247638
1.473454
1.117035
0.799076
0.950404
0.728628
1.279474
1.287656
1.460852
0.126544
0.605788
0.841532
1.813175
1.294093
0.964261
0.590301
0.609938
0.629718
1.216491
1.379296
1.418053
0.227320
1.773888
0.391487
0.294278
1.067849
1.105539
0.846201
0.905149
0.673426
0.606241
0.355152
0.857178
0.392092
0.431135
0.808157
0.560929
0.815214
1.185684
1.242931
0.453331
1.295533
1.707986
0.470972
1.050749
1.521065
1.313623
0.712768
0.793614
1.026117
0.539062
0.583476
1.057432
0.435026
0.702178
1.877805
0.601293
0.851842
1.020410
2.239635
0.134169
0.508115
0.863691
1.422651
0.470068
1.055846
0.834551
0.524148
0.842168
1.175839
0.297797
0.954072
1.135485
1.274753
0.438777
0.627368
1.576933
0.564949
0.561364
0.627487
1.328969
0.713766
1.096701
1.399448
0.407638
1.228819
1.132877
0.413077
1.499397
1.197885
0.284790
1.169648
0.486533
0.848171
0.590798
1.217514
0.931514
1.008830
0.719378
0.772549
0.796646
1.566241
1.120712
1.041581
0.764889
1.268506
0.376206
0.442426
0.766393
0.838342
0.499612
1.260790
0.996912
0.885651
0.469198
1.445055
0.586469
1.125019
0.693298
0.765728
0.652958
0.353421
1.148637
0.565742
1.506919
1.025423
0.861031
1.554559
0.958141
0.544658
0.637808
0.910852
1.105807
1.173905
0.830310
1.462479
1.103775
1.207407
0.778596
0.951712
1.609600
0.932641
0.702189
0.672896
0.682742
1.021639
1.054777
0.468935
0.455425
0.974135
1.070759
0.660871
0.956599
1.435420
0.770195
1.639677
0.773814
0.808480
0.319352
0.376417
0.532017
0.315394
0.468495
0.535264
0.472697
1.463727
0.476099
1.805968
0.811132
1.478564
0.425343
0.770229
0.880854
0.713149
1.230646
0.903587
1.100754
0.991543
1.300510
1.509645
0.905274
0.796674
0.530470
0.529217
0.844327
0.864879
1.128073
1.013978
0.326920
0.507269
1.085709
0.522994
0.892684
0.673027
1.436521
0.610527
0.070257
1.377642
1.242866
0.450962
1.337672
1.199913
0.224865
0.874658
1.633872
1.265168
0.896021
1.470231
0.153555
1.366871
0.492457
0.509257
0.938259
0.420174
0.629736
1.523219
1.489034
0.556531
1.301532
1.109499
0.126957
0.957995
0.508770
1.201966
0.218809
0.346070
0.679446
1.053748
0.967410
0.384161
0.357294
1.388164
0.761229
1.210326
0.858700
0.415667
0.444125
1.290444
0.507188
0.973202
0.885491
1.078692
1.936586
1.111669
0.425724
0.928272
0.818094
0.498730
0.364173
1.692450
0.753653
1.262480
0.881817
2.301063
0.936727
0.302230
0.586550
1.520485
1.386904
1.080479
1.074117
0.795771
0.679413
1.096849
0.944060
0.946690
0.758096
0.687968
1.942568
0.329005
1.382512
0.197396
0.990838
0.217397
0.646614
0.710692
1.239111
0.848396
1.156889
0.477884
1.117000
1.194600
0.317813
0.704037
0.749750
0.342162
1.564732
1.289325
0.556994
0.272304
0.208928
1.117572
1.065687
1.074549
0.652047
1.142822
1.690908
1.091094
1.189032
0.479082
1.595175
1.216401
0.641638
1.115650
1.214107
0.673652
0.668358
0.999864
0.963749
0.370207
1.152556
0.411548
0.991400
0.341014
0.558656
1.304927
0.566415
0.985036
0.348658
1.730457
1.550210
0.374183
1.614366
0.819867
0.273652
1.548203
0.750185
1.044940
0.893405
0.935534
1.164005
0.934097
1.453689
0.377898
0.846509
1.292285
0.865451
1.321710
0.242109
0.731269
1.088881
0.878468
0.496966
1.670453
0.492998
0.560157
0.650852
0.247160
0.631161
1.259361
1.228811
1.444246
0.646218
0.896487
1.604783
0.555908
1.899415
0.484887
1.063268
0.452616
1.014573
0.859985
0.964452
0.400608
0.879518
0.802727
0.986400
1.066273
1.110416
0.546159
1.224251
1.142320
1.288734
0.846580
0.983591
0.815847
0.064655
0.713140
1.090810
0.759720
0.406692
0.783738
0.662456
0.613421
1.156366
1.268899
0.816234
0.255801
0.591084
1.400856
0.326292
0.350911
0.453286
1.091303
0.426711
1.272308
1.115954
0.943235
0.951698
0.611479
0.936330
0.193963
1.207515
1.184123
0.654879
1.094008
0.394854
0.922693
0.852013
1.368249
1.298987
0.393591
1.060995
1.010274
1.205842
0.474761
1.399315
0.363106
0.213726
1.228668
0.171165
1.035490
0.559522
1.629768
1.037523
1.176571
0.760272
1.085242
0.236754
1.447982
1.360226
0.140316
1.452292
0.884674
1.300656
0.705207
0.213242
0.421819
1.446496
1.157045
1.080838
0.841487
1.243228
0.532847
0.276443
0.769409
0.795925
1.071847
0.699228
1.465751
1.277892
0.341936
1.523914
1.036310
1.170866
0.728030
0.721452
1.649254
0.846463
1.253971
1.097583
1.024326
0.529310
0.387704
1.288583
0.861921
1.675862
1.262248
0.527873
0.790151
1.533842
0.408662
0.851235
0.884740
1.874131
1.592063
0.857307
0.941778
0.679657
0.306614
0.824607
0.517714
0.257733
0.932074
0.697292
1.524955
1.718778
0.971810
0.955626
1.588837
0.592498
1.334581
1.308497
0.509499
1.106062
1.106546
1.430680
0.453419
0.474963
0.527179
0.307057
0.829138
0.816097
1.815431
0.436828
1.258902
0.755374
0.902859
1.146754
0.811113
0.542208
0.900994
0.373223
0.798492
0.718682
0.562239
1.284617
0.869044
1.150606
0.817710
0.264136
1.608539
0.531506
0.497004
1.264102
0.987117
1.033521
0.869774
0.757538
0.609337
0.772103
0.777718
1.037144
1.742620
1.248807
0.185938
0.928950
1.119333
