2.345912
1.377051
0.440158
0.781241
0.801990
1.527956
0.969408
1.494846
1.162335
0.341426
2.460043
0.035093
0.115566
2.386846
1.363114
0.130412
0.899285
0.726797
0.305865
0.493030
0.283811
1.078839
1.555542
0.900133
0.935285
0.175905
0.351570
0.666741
0.509830
1.617276
0.228535
0.704133
0.101654
1.601384
0.990676
0.186185
2.285479
0.436410
2.624924
2.039157
0.869235
0.414829
1.639043
0.934216
0.589560
0.244655
1.251159
0.048564
0.646396
0.793964
0.836893
0.116715
2.662433
0.029367
2.936980
0.125743
0.364134
2.312625
0.181570
0.378792
1.003347
0.233888
1.646153
1.511037
0.332103
0.498145
0.009779
1.416799
0.125640
1.580714
0.306019
0.239020
0.997551
0.532332
0.195350
1.123972
0.047553
0.160747
0.142031
3.426219
0.229114
1.225638
0.497584
0.100795
0.251978
0.362510
0.469741
0.768780
0.767323
0.905276
0.130059
0.791772
1.292412
0.768645
1.075232
0.372498
0.514045
3.498186
0.617095
1.064040
0.060229
0.491164
2.209435
1.047120
0.142316
3.120038
0.585164
0.398527
0.913473
1.017630
1.006088
0.696000
0.036151
0.345198
1.092228
1.768511
2.581963
1.059860
4.301053
0.516562
1.212798
1.082299
0.016708
0.048192
0.055603
0.768161
1.228795
1.841980
0.322298
2.443439
0.112200
0.448677
0.904757
0.376183
0.888643
0.134301
0.955471
2.683371
0.159633
0.070898
1.350576
0.136451
1.007110
0.758831
1.793816
1.974430
0.843646
1.405930
0.525905
0.636001
0.727713
1.339695
0.009634
2.367865
2.520208
0.488519
0.690706
0.205674
0.253977
0.037388
0.918189
1.251557
0.170218
0.164139
1.103745
1.316859
0.488516
0.065993
0.302999
0.352724
1.180651
0.324889
0.505509
0.823936
0.470964
2.684106
0.053088
0.322056
0.790186
0.079847
0.457066
1.565506
1.543798
0.318336
2.431622
0.067467
0.531997
0.114428
0.234656
0.335003
0.226118
0.598048
2.070349
1.417728
1.138898
0.674322
0.829767
0.320624
2.561167
1.523710
1.240888
0.511970
1.749683
1.547621
0.041078
2.303483
1.024067
1.005477
1.093071
0.897448
3.097131
0.503293
0.824046
0.262065
1.542676
0.057993
0.152521
0.408735
0.683465
0.748353
0.983325
0.750495
1.026401
1.359168
0.508406
0.240895
0.200641
0.373015
0.060351
3.063584
0.548139
0.152958
1.935589
2.558775
2.509425
0.992545
2.159903
1.032073
0.935412
2.762520
0.271347
0.435343
2.284268
0.131212
3.242515
0.887693
0.805917
1.344054
0.052481
0.305825
0.214643
0.505307
0.912183
0.192854
0.346415
2.068429
0.404766
0.951076
0.358915
0.776917
1.558547
3.738831
0.756252
0.726591
0.379015
0.451075
0.484718
0.451045
0.769503
1.208807
2.113570
1.448688
2.097668
0.156473
2.046433
1.616001
0.845888
0.394301
0.255390
0.139254
0.221173
0.135809
0.045538
1.112639
0.208389
0.383302
1.853521
1.095874
0.796996
4.088777
0.604582
2.543976
0.515962
0.838883
1.636473
0.148708
0.549075
0.022523
0.147278
0.839771
0.423806
1.029764
0.626103
0.457458
0.593534
0.912339
0.124557
2.246170
2.266635
3.336283
1.334663
1.055342
0.416660
2.424317
0.433486
0.197756
0.617955
1.227975
0.788286
1.900194
2.028878
0.949800
3.050358
0.948941
0.154957
1.838145
0.005605
0.357579
0.027671
0.988996
1.991556
2.088031
0.101926
3.044325
0.493543
0.525815
1.640353
0.135519
0.561243
0.524824
0.025574
2.207141
0.566565
1.327666
2.022737
2.095737
0.791771
0.533038
1.750003
4.541780
2.968177
0.257103
0.393319
0.091433
0.591842
0.402099
1.171133
1.731078
1.624612
0.571345
0.944156
1.266956
0.954889
2.562587
0.294102
0.899920
0.744355
0.375654
0.508627
0.402514
0.365793
1.029848
0.050402
2.138856
0.035407
0.612189
0.308743
1.788303
0.235313
1.395366
0.470071
0.040256
0.618789
0.019661
1.012373
2.721801
0.215274
0.347976
0.295895
0.411858
0.091014
0.636062
0.247868
1.619556
0.363164
0.489501
1.929416
0.814753
1.233003
0.835535
0.990225
1.765147
0.299293
0.656056
0.090941
2.313336
1.075787
0.185626
1.669585
0.581747
0.656606
0.795167
0.545187
0.014195
2.765954
0.339545
0.850947
0.416932
0.086303
1.306737
0.953039
2.915910
0.519781
0.039809
0.813185
0.249216
0.627760
0.293093
0.397733
0.043616
1.282806
0.800016
0.243898
0.797908
0.584799
0.078723
0.635433
0.560158
0.295353
1.200257
1.977204
0.043326
1.419938
0.101501
0.894679
0.487575
0.019933
0.736488
0.287722
0.249068
0.055160
0.188278
1.526053
0.702145
1.888697
0.521109
0.176184
0.142449
0.890926
0.486912
1.642473
0.949908
0.805675
1.432131
0.943551
0.140800
0.463368
0.024823
0.097878
0.817785
0.106210
0.526509
0.759818
0.351668
0.826850
3.533364
0.329974
0.753686
0.324061
0.121211
2.142695
1.356549
0.712147
0.551261
0.400760
0.043974
0.822396
0.315924
0.814037
1.187183
0.221601
0.514211
0.690933
1.703931
0.355148
0.101662
0.988583
1.618247
0.919222
0.149616
1.753369
0.947261
0.821652
0.093174
1.252966
0.106011
0.462512
0.107646
0.754608
0.329165
0.133481
0.939302
1.135900
0.237665
0.350641
1.533025
0.999454
0.939939
0.284710
0.145378
1.129419
0.170320
0.876174
1.326074
0.680228
3.101354
1.744929
1.044589
2.105643
0.175868
1.700314
3.707172
0.188172
0.104735
0.553259
0.731754
1.947331
1.467703
0.176947
1.070813
0.437246
0.020457
1.162627
1.623310
0.109148
1.990375
5.788030
0.072772
0.197980
2.656332
2.471112
3.677611
3.053003
0.317730
0.426519
1.641061
0.998183
0.173409
0.958436
1.485765
1.390420
2.535691
0.896131
0.538277
3.036504
1.084297
2.185450
0.875285
1.286426
0.852469
0.132034
0.418751
0.019525
2.619706
0.583768
0.939110
1.297393
1.470208
4.057307
2.677261
7.023011
0.706382
0.091369
0.438188
1.010911
3.621336
0.092205
0.837325
1.243927
2.223001
1.050959
0.258085
0.775249
0.481019
0.356876
0.389147
0.259829
0.493081
0.241680
1.209896
1.606312
0.163746
0.144024
0.530329
0.834737
0.825720
4.454116
1.391927
0.045901
1.319010
1.097970
0.176491
0.315218
0.672335
2.497598
2.982291
1.367154
1.074377
1.807834
0.057024
1.753961
0.910290
1.504608
0.589471
0.819628
0.120675
0.195262
0.891622
0.811239
2.230769
2.167694
0.468298
1.300735
0.340451
0.266628
0.041081
0.496591
1.066533
0.594489
0.266530
0.821253
0.195188
1.370667
0.183388
0.659642
0.244408
0.482608
0.813148
0.780420
2.232698
2.810934
1.382663
1.401166
2.005200
4.023199
4.159528
3.389019
0.159638
0.909482
2.568074
0.553912
0.017993
3.991300
0.675059
0.892703
0.827355
2.433655
1.864806
1.176612
1.807255
1.527704
3.654489
1.368665
0.279692
1.278640
0.425016
0.513660
0.138166
0.705698
1.177902
0.146094
1.107041
0.074643
0.940633
0.906996
1.566379
0.909592
1.968976
0.657494
2.286682
0.772555
1.995086
0.365003
0.104862
2.614138
1.212563
1.354985
0.200282
0.274597
1.427136
0.122797
0.535520
0.168479
0.269679
0.264166
0.695165
0.498451
3.535459
0.842169
1.521876
0.151346
1.037738
0.702508
0.909561
0.955109
2.744567
2.234211
0.609493
0.455540
1.292816
0.272033
1.732187
1.711831
0.868272
0.522066
0.628392
1.973715
1.397434
1.030373
1.791235
1.495212
1.053606
1.755856
1.018982
0.572417
0.367940
3.063535
0.208125
1.714392
0.637255
0.292986
1.808593
2.016495
0.631725
0.824467
0.847049
1.487451
0.963511
3.469908
0.546579
2.025169
0.031040
0.527997
1.665207
0.944386
1.860556
1.201365
0.814550
1.425768
0.065941
0.854002
1.476005
0.199025
0.690582
0.978592
0.190075
3.088562
1.225746
0.809382
2.365812
0.610631
0.331604
0.242199
0.231959
1.667227
0.862263
1.098968
0.354717
1.076282
0.644818
2.730427
2.354435
0.286681
0.475110
0.643649
0.274509
0.256321
1.185677
2.210987
0.173964
0.021208
0.230813
0.875616
1.447688
0.162580
0.306774
0.174891
1.424415
0.173870
2.034341
1.286412
0.630335
0.028312
0.111274
0.772034
2.590839
0.941676
0.297481
1.382365
1.251165
0.844863
0.237449
0.368484
1.271885
1.451113
0.956235
0.398082
1.446858
0.360943
1.422678
1.645136
2.652883
0.036381
1.658405
4.197546
2.470101
2.149496
0.001931
2.049799
0.277007
0.022332
3.750798
2.692235
0.479891
0.448466
2.272666
0.783755
0.197404
0.069929
0.348039
1.282693
0.625310
0.073239
0.223273
1.099597
0.272697
0.385257
0.117004
0.292055
0.822272
0.929129
0.775611
0.575964
2.492361
0.206710
0.348196
0.164065
1.155249
1.278655
0.350508
0.745900
0.864483
0.359389
2.778343
0.416757
0.719729
0.371724
0.171288
0.533891
2.390877
0.548572
0.624009
1.364293
0.625081
0.372145
2.139495
1.926955
1.774753
0.994202
2.748126
0.491933
0.358328
0.978482
0.403288
0.372317
0.128694
0.015598
0.107760
1.868122
0.409194
0.198140
1.145009
0.018983
1.083730
0.797929
0.697551
1.235304
2.302983
2.194555
1.982164
0.270520
2.563270
0.067224
0.348810
0.745699
0.563874
0.567568
0.708560
0.291664
0.139768
0.791486
1.466688
0.906920
0.063508
0.686350
1.678348
4.069199
1.507976
3.242877
1.520973
0.112041
0.039350
0.246185
0.885012
4.060407
3.262709
0.509971
0.632922
1.700811
1.171946
0.436904
0.490909
0.326252
2.219180
0.976688
1.394835
2.795037
0.556227
1.330482
0.601292
0.023363
0.219907
0.186432
0.588528
0.623799
0.758535
0.904747
0.760422
1.463187
0.113908
0.360725
0.383907
1.523593
1.061914
2.118434
0.182334
0.570367
1.281988
1.976185
0.339612
3.176064
0.173552
0.817936
1.349436
0.875828
0.766401
0.536070
0.473420
0.360774
1.026950
0.839553
0.366231
0.723091
0.774377
0.175531
0.817921
0.107716
0.442563
0.111611
0.231196
1.147414
3.007347
0.034898
1.002817
1.086378
0.734452
0.220389
2.131317
0.225435
1.038108
1.204102
2.212170
1.206324
0.184690
2.453638
0.325104
0.155122
0.884013
0.366116
0.112700
2.373478
1.458127
1.779566
0.158625
0.750129
1.386662
2.047336
0.450254
1.631884
1.319390
1.009344
0.399386
1.419967
1.697753
0.579715
0.435373
0.202530
1.327660
0.089250
0.134837
0.073720
1.000539
0.672210
0.937115
0.846503
2.033795
0.829551
0.245256
0.113649
1.352152
0.167184
0.919383
0.871478
0.906717
1.427780
0.541408
0.774698
1.904515
0.373915
0.324991
0.353590
0.417720
0.323493
1.054321
3.535906
0.585904
0.332584
1.315809
1.044048
0.222050
0.374603
2.427978
0.647922
0.351771
0.694669
0.799839
1.247208
0.333900
0.606903
0.438577
0.104929
1.111070
1.600499
0.366711
0.018093
2.863533
2.078577
1.830752
2.971236
0.992141
0.197672
0.926189
0.622622
3.925933
0.165457
1.080644
0.782623
5.212525
3.820693
1.063719
1.222773
0.131433
0.719412
1.778429
0.435775
2.186869
0.111058
0.826112
0.079485
0.678524
0.222027
1.475572
0.143059
0.042149
0.730713
1.913436
0.427593
0.055589
0.210540
0.375647
0.821364
0.192720
1.680154
1.938680
0.463097
2.553822
1.071500
2.267434
0.556000
0.003508
1.410574
0.565084
0.207881
2.557532
1.073679
0.676470
0.033803
1.110534
1.068871
0.013580
0.541447
0.557904
0.437790
0.447666
1.522763
0.934274
0.411842
1.939001
0.325430
0.348415
0.028296
0.019366
0.852515
0.422530
3.150517
1.374644
1.084302
1.272553
2.996490
0.040997
0.552607
2.466459
0.909176
0.552777
1.391509
1.224466
0.386664
0.226351
0.081284
1.677766
2.524971
0.199753
0.398545
0.168947
1.866103
0.273706
1.053982
1.045686
0.102224
0.291297
0.134754
0.498002
0.857407
0.468186
2.967661
2.245966
0.622180
2.545319
0.166667
0.463096
2.863687
0.760803
1.080683
0.186454
0.207922
0.114042
0.102689
0.820581
2.219012
0.721084
0.489448
0.350868
0.668379
1.992176
2.003639
0.025162
1.487391
2.320245
2.402125
0.859827
0.459049
2.059019
1.619703
0.848357
2.273859
0.481299
0.759310
2.626517
0.262065
1.806899
2.832973
0.600389
1.963972
0.277360
0.900177
0.461108
0.298356
1.609770
0.598507
1.035429
0.009934
0.310101
0.145012
0.419255
0.152490
0.032452
0.385033
1.136589
0.359794
0.432611
0.178409
0.875849
0.824279
0.952421
0.645209
0.779059
1.584630
1.049847
2.510942
1.120655
0.162206
1.285205
0.428785
0.870246
2.019471
1.168367
3.704265
0.302574
1.529616
0.174570
0.922266
0.553678
0.725097
0.533700
0.460141
0.317656
0.736951
0.385067
0.782496
0.176506
0.968265
1.882833
1.027268
0.047182
0.941417
0.531869
0.190057
0.233928
2.035431
0.994808
0.344847
0.208172
0.165792
1.428350
0.021666
1.000008
0.748423
0.739294
2.309708
0.474773
0.695193
1.925813
0.784181
1.308666
1.354822
1.019964
0.556882
0.235533
0.278012
0.156722
2.333110
0.113081
0.108731
0.491487
1.870556
0.443566
1.037902
1.872821
1.330441
0.427656
1.049543
0.519741
0.866494
0.091070
2.270872
0.137235
3.689910
0.017430
1.066000
0.091604
0.235146
0.474549
1.346124
0.860884
2.722558
0.166230
1.331830
2.295757
0.443445
0.582676
0.506422
0.510206
1.659789
0.645188
0.197799
2.349884
1.088425
1.297875
0.567817
0.751913
1.711047
2.183041
0.600661
0.185086
0.275897
0.395609
0.029554
1.768309
2.150798
0.455882
2.946554
0.523353
0.180288
0.257002
0.589319
0.112254
0.414980
3.251178
0.125777
1.188604
0.615410
0.659876
2.303037
0.212109
0.036970
0.214899
0.033110
0.560447
0.068993
1.453494
0.357187
0.511493
2.974495
1.234726
2.054601
0.925791
0.645748
0.476695
1.749177
0.535112
1.629591
0.026357
1.156537
2.793124
1.380902
1.602840
2.349168
1.903494
1.165568
0.048009
0.713551
4.286638
0.646707
0.045336
0.397780
2.090310
4.000263
1.926135
1.610930
0.318712
0.163979
0.311605
2.769034
2.130138
0.542644
0.187285
1.603908
1.536132
0.267324
0.586209
3.387643
1.182116
0.244174
0.217148
0.157237
0.783426
1.187176
0.799725
0.977791
1.809803
1.221362
0.842687
0.391069
1.057707
0.567464
2.202463
0.201249
0.762828
1.409848
2.882791
0.288835
2.981946
0.922547
0.679467
0.357592
1.550070
0.694479
1.930631
0.964130
1.326331
1.256468
0.079752
0.455722
0.221887
1.472895
2.556236
1.079914
1.467530
1.035792
1.845110
2.849724
0.681516
0.069291
0.664334
0.210206
1.552545
0.887282
0.359175
0.622076
0.405573
0.308240
0.603265
0.301119
0.414233
0.669436
0.433354
0.950869
0.384689
2.302732
0.711216
0.782427
0.303389
0.263809
1.476546
0.914240
0.142884
2.544739
0.752629
0.289016
1.639223
0.040133
0.132277
0.085337
0.852630
0.092157
1.253635
0.962788
1.068410
2.691598
1.214585
0.964777
5.287718
1.623552
3.739909
0.073953
1.969682
1.405949
0.316611
1.873767
0.321067
0.028198
0.370722
1.588097
1.786895
1.067083
0.385941
1.025948
2.032433
0.402143
1.569318
0.140739
0.368908
1.101353
0.218695
1.036203
1.049856
1.295077
0.504914
1.132168
1.346973
1.198851
0.057592
1.872027
0.996737
0.573580
0.636888
0.318702
0.844317
2.168592
0.572828
0.281638
0.348866
0.232710
0.966007
0.553369
0.101528
1.465483
1.547488
2.303466
2.012122
0.472391
5.070592
0.614060
1.188714
1.123389
1.089760
0.317376
0.693611
1.435614
1.250643
1.118800
0.511806
0.571460
0.579748
0.196476
0.307941
1.628776
0.452215
0.243192
0.383187
0.646355
0.528042
0.080900
0.466514
2.026013
2.098077
0.473955
0.521595
1.286519
1.546518
1.110860
1.967857
0.593447
0.615863
1.182280
0.214039
0.603099
0.675170
0.112064
0.964946
0.157261
1.444333
0.604856
0.255643
0.960692
5.236178
0.713440
0.347379
0.396901
0.170970
1.024261
1.213029
0.601044
1.003848
1.871824
0.234315
0.173439
1.012265
0.014179
0.358861
1.037068
0.510544
0.357782
1.707897
0.368271
0.130908
0.721642
0.202208
0.767791
0.024367
0.254560
0.454543
0.882684
2.671410
5.129730
2.726775
1.844461
1.034167
1.327872
1.345170
2.989644
0.200836
2.072381
1.243866
3.789459
2.387855
1.091975
0.351704
0.792462
2.861422
1.534291
0.964777
0.982330
0.663037
0.388934
0.465709
0.577376
2.498043
0.543164
1.432729
1.023499
0.701862
2.834879
1.416707
0.357731
0.865371
0.348025
0.221414
0.775436
1.594015
0.370476
2.477225
0.739403
1.278763
1.383635
0.200285
1.029761
1.302254
1.010438
1.170509
0.130628
0.450665
0.260909
0.192079
2.064065
0.207880
0.511831
0.372664
0.834816
0.802823
1.336868
0.693526
1.085081
0.180543
0.311377
0.191855
0.356075
0.478088
0.688309
0.255294
0.147967
0.276815
1.301310
0.206218
1.429613
0.280828
2.987989
0.910918
0.721808
2.198123
0.142894
0.278471
1.948645
0.119557
0.162107
0.207160
0.205112
0.088038
2.569676
0.807109
0.610279
2.325444
0.661060
1.115327
0.765081
0.738069
0.024701
1.471547
0.024961
0.637732
0.434037
1.401866
0.145749
0.176442
0.294984
0.256366
0.743455
1.648653
0.225951
1.306395
1.054833
2.312937
0.809297
0.425359
0.385337
1.555138
1.175150
0.437171
0.042079
0.867600
0.514450
0.124483
0.890677
0.540293
1.270288
1.287374
0.862935
0.799431
0.025114
0.344594
0.428633
0.055068
0.427123
0.418667
0.632402
0.584634
1.110237
1.839315
0.271651
2.232090
0.137806
0.775313
1.008679
0.884113
0.665222
0.175179
0.110306
0.777494
0.770224
0.227957
1.207912
0.719222
0.681179
0.564164
0.137929
0.686956
0.239604
1.188427
1.365388
1.055102
0.357149
0.090354
0.738345
0.257307
0.444647
2.339737
1.231353
0.393470
1.361645
0.512795
2.347093
0.329467
0.262249
0.337054
0.341380
0.517116
0.138781
0.702916
0.024773
0.263516
0.058452
2.829276
0.193533
0.780838
2.022878
2.171798
0.454520
1.044472
2.026087
0.087839
1.008423
3.756700
0.623802
1.676267
1.780573
3.886007
0.117316
0.195950
0.496734
0.404843
1.231289
0.901301
0.552055
0.153472
0.351429
0.592806
0.709104
0.354422
0.646444
0.423868
0.289027
0.687842
0.263893
1.764590
0.751593
3.025283
0.221919
1.585515
0.304807
3.552067
1.102414
1.899900
0.084087
2.234401
0.350717
0.367557
0.596055
0.240338
1.637070
0.635404
2.351600
1.950189
1.021347
0.577969
0.591980
0.303000
2.772004
0.510218
0.306950
0.908966
0.139907
0.024161
0.103689
0.087247
0.079815
2.310249
0.184019
0.489520
0.620935
0.537150
0.795151
0.657551
0.780505
0.576269
0.890591
2.348005
0.548192
0.063597
0.732731
1.471033
0.353863
1.271196
0.449079
0.909081
0.562717
0.821796
1.109858
1.388150
0.321580
0.408242
1.644898
1.928114
0.785035
0.328112
0.358394
1.404371
1.350298
1.467731
0.109419
1.588473
1.916206
0.766489
0.728150
0.227780
1.733919
0.011195
0.249524
2.792957
2.613774
0.303489
0.365170
1.175642
0.127323
0.821584
0.414616
0.541387
0.493742
0.204060
1.439144
0.569997
1.313096
0.565353
3.014949
2.367561
0.943708
1.568724
0.923734
0.599228
0.174834
2.019018
1.949290
1.466634
0.974750
1.193833
0.315878
0.624284
0.419554
1.318833
0.704743
1.004458
0.060159
0.220710
0.127753
0.041734
1.357985
2.349797
0.193711
1.199018
1.416945
1.088310
1.165547
0.353640
1.004080
2.007905
0.203243
1.051041
1.177426
2.040841
0.047375
2.263398
2.862468
1.367981
0.098723
0.392660
1.507313
0.221004
1.178010
2.374596
0.202992
0.380215
1.180167
0.721478
0.020763
2.336652
0.756385
0.268216
0.666309
1.658877
0.867197
0.014555
1.235299
0.411722
0.750532
0.476594
0.944149
0.160416
1.322173
0.172081
0.090006
1.885417
1.419701
2.324472
0.666041
0.838161
1.019626
0.868944
0.341825
2.721710
1.545056
2.224295
0.061976
0.717273
1.143741
0.557516
0.126655
0.070787
1.361268
1.196703
1.149622
1.049174
0.350471
0.200137
2.512557
0.345385
1.251894
0.924123
0.098190
0.169570
1.340105
2.813501
1.489198
0.154636
2.003908
0.805441
1.277766
1.405650
1.091171
0.148860
0.491885
0.916949
0.544524
0.182795
1.017296
0.508816
0.945083
0.029231
0.514711
1.441565
1.506280
1.310008
1.833979
0.144484
0.175487
0.758583
0.186941
2.019293
0.232946
0.309453
0.871115
1.446377
0.285878
0.175655
2.062895
1.373010
1.528716
1.006476
0.237334
0.162680
0.943545
0.435540
1.997007
0.609849
1.005034
1.993625
1.127776
0.363759
0.196632
0.183619
0.300299
1.916091
0.218713
0.440534
0.501213
1.248371
0.813778
0.916188
0.455143
1.419031
0.604595
0.008388
1.100647
4.473890
0.494243
0.399350
1.916195
2.064737
0.097510
0.914835
0.401169
1.356727
1.198787
2.703927
0.573287
2.313330
0.043951
2.698719
1.000994
0.800262
0.949815
0.655939
3.265121
2.031072
0.339614
0.092637
1.246070
0.931376
0.138981
0.061794
1.089534
0.627811
1.054698
0.229318
1.310500
1.801127
0.226781
0.353258
0.300539
1.367545
0.793523
1.124290
0.364472
1.675475
0.750397
2.513564
1.520418
2.148607
0.427892
1.117847
0.176870
0.856353
0.345941
1.316620
0.237871
3.221172
0.289021
1.506467
0.380242
1.706308
1.126801
2.919952
0.324735
0.619860
0.154957
1.601202
0.418706
0.357336
2.388097
0.415833
0.511759
0.094760
0.099525
1.549885
2.065887
0.281151
2.786375
0.746104
1.600010
0.728623
0.079361
1.517682
2.592315
1.519964
2.630796
0.607136
0.665185
0.721220
0.337167
0.261004
1.517074
1.509833
0.724006
0.203715
0.137842
2.660879
0.871793
0.414492
0.757909
0.058304
0.872691
0.277594
0.315385
0.218894
0.414900
3.498773
0.413812
0.375679
0.537149
0.406861
0.420619
0.047275
0.791133
0.227946
0.128418
0.764817
0.100483
2.078831
1.264380
0.383963
1.234738
0.180984
1.522785
2.981748
1.005657
1.486744
4.317111
0.587818
0.067099
0.573077
0.926173
0.376167
0.996357
2.437143
1.002979
0.004491
0.948630
0.236503
1.153272
1.614976
1.894725
2.934230
1.295616
0.481007
0.484254
1.292873
1.550171
1.351264
0.769707
0.972641
0.687484
2.087193
0.325912
0.055027
0.193716
0.132602
2.173263
0.881144
0.363474
2.573705
2.008519
0.145436
0.526971
0.127006
2.474765
1.080170
0.059308
1.060384
0.635372
0.538430
0.817916
1.399883
0.152402
0.250981
1.643779
0.200331
1.856711
1.202826
0.403026
0.488796
0.672421
3.330731
0.135202
0.385472
1.541855
0.833693
0.250884
0.538144
0.109045
0.015919
0.235511
0.807824
0.265405
0.124791
0.030335
0.852382
1.698751
2.068544
0.669273
0.401426
0.317560
0.947246
0.410858
1.567693
1.831926
1.558415
0.025124
0.021011
0.471712
2.125973
0.060676
0.966640
0.229358
1.162944
1.274864
0.152139
1.516180
1.304609
0.943756
0.203546
0.284137
0.112634
0.552536
0.364393
1.026749
0.545161
2.686750
0.373119
0.792788
1.722998
0.424149
0.340425
0.263984
0.173998
1.468542
0.863815
1.127040
0.827448
0.652402
1.121746
0.059344
1.473622
0.203665
1.285012
0.877697
1.048625
0.492119
2.827237
0.440106
1.116625
2.650138
1.595058
2.239063
1.014535
1.590770
1.628757
0.386821
2.026106
1.739186
0.245488
1.440215
0.051446
0.208141
0.466419
0.655339
0.129671
0.847651
1.233984
0.414952
0.722135
0.172779
0.444849
0.938918
1.564234
0.161721
0.376540
2.584435
0.420307
0.100375
1.144533
0.994673
0.075224
1.379473
1.661778
0.671492
0.272981
2.407673
1.370717
2.322347
0.623755
0.473060
0.123239
1.108019
0.261303
0.123351
0.262431
2.107770
1.575004
0.156816
0.174167
1.110203
1.373334
0.938993
0.012482
0.411273
0.002049
0.033205
0.659271
0.194401
1.397284
0.877571
0.657756
0.324193
1.877935
0.430754
0.109803
0.097754
0.909886
0.575876
0.028180
0.635876
0.086907
0.600099
0.595093
0.983057
0.598569
1.564293
0.093799
0.031890
1.158152
3.042768
0.270167
1.444124
0.548959
0.597268
1.049254
0.269318
1.349310
0.290363
1.943115
0.404082
1.001172
0.179708
0.446963
0.103257
1.007907
1.272970
2.532476
0.795255
2.588680
0.026304
0.199740
1.461209
1.888899
0.548645
0.802272
1.555917
0.776279
0.516002
1.117415
0.853542
0.042387
0.982850
0.791174
1.928504
1.022572
0.132286
1.688258
0.969655
1.023345
2.127295
0.344183
0.859320
3.241743
4.504848
0.285205
1.674627
0.004513
1.368629
3.008442
1.918994
3.979438
2.642536
0.774968
0.652912
1.887175
0.482884
1.050750
2.403492
0.848962
0.339838
0.057822
0.730443
0.205750
1.900251
0.628857
1.607384
0.286051
0.586459
1.707970
0.861400
1.369482
1.108723
2.885084
0.418165
2.059449
0.351757
0.511569
1.200097
0.046497
0.422159
3.338101
1.748806
0.048609
0.015140
0.679812
1.559835
0.839985
2.512094
0.050778
0.493940
0.977831
0.569331
0.766699
0.516820
0.677325
1.568293
0.355546
1.811362
1.440968
0.706982
0.589890
1.713236
1.577115
0.219494
2.056207
3.793409
0.748177
2.361730
0.554283
0.953294
2.989285
4.033035
2.368884
0.454871
0.578786
0.181261
0.718826
0.913896
0.300342
0.595848
0.284260
1.385843
1.467784
2.258112
1.477308
1.986406
0.116360
0.090126
0.689605
0.579910
0.491457
0.866690
1.217368
0.285966
0.693279
0.177066
0.309283
0.606784
0.425567
0.429876
1.001451
0.802868
1.682159
2.148078
1.670130
1.818247
1.291475
0.410111
0.852900
1.601171
0.148251
0.069553
1.072360
0.506798
2.091379
0.505581
2.553994
0.801286
0.095124
0.039938
0.633192
0.910362
0.784057
0.318593
0.668856
0.044664
0.646128
0.228033
0.798875
0.299363
0.497210
1.066932
3.432290
0.351155
1.921402
0.930896
1.532682
0.019942
0.052509
0.724497
0.233035
0.928166
0.956001
0.956907
0.127696
1.685828
1.621930
1.227391
0.245765
0.064508
0.255713
0.727487
1.663444
0.305098
0.168070
0.864272
1.316332
1.434324
1.331456
0.018816
0.452908
0.409213
0.385539
0.934937
1.318780
1.581247
1.113613
0.387853
1.067806
2.580803
1.480616
0.113637
0.862470
0.074463
0.772022
0.851026
0.937931
0.599949
0.728898
0.195213
1.445202
0.765453
2.201244
0.803032
0.595397
1.276667
0.125870
0.364539
0.728475
0.043003
1.116296
1.797964
0.476021
0.120720
3.407267
1.086357
0.539118
0.678742
1.483556
0.240301
1.127023
0.346351
3.010478
1.770642
3.508044
0.008685
0.550098
0.626706
0.021908
0.261477
0.090321
1.547540
0.978389
2.390126
3.723476
0.311234
0.713392
1.739772
0.721336
0.797635
2.849210
2.252091
1.297011
0.544350
0.355995
0.393914
1.706756
0.468124
2.432067
0.092817
0.076350
0.125549
1.777924
0.986847
0.787155
4.787468
0.743769
1.399431
1.519535
0.105947
1.553887
0.799063
1.174841
0.353182
0.899736
0.702650
1.228582
1.148629
0.946262
1.108108
0.454438
0.274678
0.079225
1.482466
1.374467
1.592173
0.152493
1.343514
1.125495
2.722178
1.654993
0.606458
0.492472
0.650932
2.158835
0.210149
1.309654
0.904694
0.898199
0.507203
0.404613
1.917839
1.343007
1.889532
0.082128
1.053647
0.294350
1.171458
1.360349
2.590069
0.369954
1.613312
0.318204
1.878740
1.156284
0.256222
1.964575
0.602844
0.330674
1.019851
0.086940
0.189677
0.592768
0.014237
0.114698
0.435830
0.640356
0.508098
0.754599
1.087035
0.592810
0.787424
1.670414
1.536857
0.501405
0.419164
0.800093
1.030544
0.275089
0.263936
1.301781
0.083930
0.160292
4.369062
0.684715
0.996886
0.245413
0.348090
0.280993
0.747799
0.103189
0.344186
1.230482
2.205977
1.031866
0.138044
0.157431
0.396514
1.499272
0.827851
1.238351
0.083659
0.906593
0.175890
2.625879
2.208828
0.215125
0.451043
0.024463
0.327090
2.110998
1.157239
0.661875
0.825786
0.661573
0.628630
0.892437
2.403155
2.723544
0.674196
0.068834
1.182011
0.222745
2.376310
1.769474
0.244777
0.581169
0.206592
1.584305
1.173177
0.315794
0.618092
3.074484
1.967782
2.688290
0.064216
1.455886
0.226296
2.173540
4.341870
0.507539
1.061185
0.124358
1.477154
2.228100
0.397801
0.094577
0.850633
0.333392
1.394373
0.202982
0.766040
1.176770
0.167956
1.114474
0.207525
0.713075
1.170570
0.870159
0.078751
0.789524
0.748315
0.079657
0.219158
0.151162
0.680574
1.672984
1.279845
0.728197
0.447783
1.163757
0.423635
0.394182
0.450474
0.037941
0.000671
1.721614
1.087279
0.199297
0.145224
5.104009
2.057304
1.451640
1.896500
0.596250
2.896698
0.192168
2.185208
0.222480
1.379458
0.858695
1.230319
1.497446
0.431261
0.995481
0.554985
1.580622
0.996231
3.237477
0.699059
0.152941
1.837489
0.248642
1.592269
0.738086
0.284447
0.071260
1.476219
1.546318
0.522663
3.652627
0.430683
0.463227
0.775053
0.731496
2.425081
1.221427
0.687952
0.195634
0.060253
0.789127
0.934243
0.507461
0.384727
0.208602
0.361384
1.570366
1.829679
0.632710
0.592134
1.592928
1.718499
1.755284
0.587725
0.621502
0.297429
0.034280
0.247323
2.425266
2.177913
0.122659
0.248847
1.292956
0.629458
0.386072
1.155994
0.752538
0.170870
0.543579
0.487397
0.207012
0.185652
0.525062
0.161270
2.221026
0.446028
0.464250
0.338805
1.275371
5.015025
0.016367
0.996027
0.822916
1.099662
0.881178
2.342061
3.355382
1.297155
1.091528
1.202609
0.492188
0.231957
0.516990
1.589434
0.395128
0.320419
1.833732
0.115227
0.116488
0.769707
0.647095
0.321366
1.890484
0.532161
0.573779
1.388704
0.398460
1.479712
1.264477
0.498618
0.686905
2.035267
1.128094
0.523524
1.607998
1.074947
0.185472
0.977935
0.535888
5.603773
2.816105
1.740952
0.108151
0.759118
0.324938
0.697561
2.014817
0.271692
3.285941
0.832957
3.548775
0.931237
0.075062
0.706275
0.328900
2.991269
0.818124
0.274739
1.658705
0.070836
0.643833
1.135166
0.407296
1.991315
0.940701
0.977215
0.679271
0.141455
0.637418
1.205528
0.617711
1.823027
0.309770
0.560212
0.276067
0.486150
0.682069
2.761630
2.007044
0.279060
1.581144
0.493202
1.963709
2.686429
1.216909
0.851880
7.054895
0.062506
0.249429
0.173997
1.539234
0.770084
3.065373
0.244848
0.266796
1.939825
0.488176
0.180450
0.093846
1.174701
0.851948
2.905809
0.305024
0.948706
1.407155
1.736594
0.592144
1.000410
1.913893
0.842980
0.142141
0.497525
2.394698
1.810521
0.299430
0.777305
1.232295
0.080239
0.852911
0.626450
0.750766
0.987354
0.138956
0.390685
2.086018
0.111591
0.787393
2.539890
1.690753
0.745716
0.351636
1.270870
0.025995
0.084431
0.542383
0.452694
1.134636
0.476565
0.197839
0.084366
1.054638
0.623217
1.312768
0.201137
1.063025
0.371031
0.315558
0.016068
0.957443
0.269898
2.149367
2.003129
2.018749
0.325427
0.189954
0.974102
0.472541
0.281679
2.355351
1.763141
1.373171
0.279988
0.735592
0.888790
1.276645
0.388437
0.234982
0.172027
0.356419
0.024286
0.518956
5.082487
0.046506
2.304667
1.225739
0.164929
0.415488
0.141669
0.205904
1.040801
1.135675
0.771922
0.219658
2.778413
0.731923
1.116244
0.120467
0.384425
0.081939
1.884539
0.936830
0.001432
0.907701
3.284770
0.851391
0.406062
0.714042
1.436369
0.794893
0.862876
0.087826
0.399228
0.429030
0.561867
0.301969
1.058845
0.044937
2.491259
0.973494
0.488266
2.577610
0.291312
0.117693
0.068390
0.150217
0.144713
0.603988
0.494843
2.638272
0.268042
2.029704
1.322879
0.440726
1.075103
0.650242
0.227101
0.072414
0.573739
1.625408
0.972905
0.442569
0.529157
1.035795
1.182680
0.230798
0.369059
0.929710
0.758080
0.108839
2.456998
0.493196
2.464059
0.465422
1.154612
0.202732
0.952213
0.109971
0.225954
0.867182
0.189851
1.053274
0.774574
0.426155
3.848442
0.428267
0.191889
0.333140
0.570310
0.276938
0.152785
1.087158
0.016913
0.860509
0.068213
1.078953
0.423042
1.425527
3.167821
0.936958
0.088408
0.571599
0.476070
0.034433
1.820957
0.379997
1.055796
0.636476
0.429170
0.066227
4.430294
1.531288
0.592864
0.121078
1.165212
0.394355
1.517436
0.163562
3.169845
1.541918
0.584641
0.329668
0.949917
0.325635
0.588132
0.044412
1.195835
0.918861
0.258296
0.988260
0.168126
0.276237
0.109072
0.288006
0.221842
1.209531
0.771623
4.290377
0.163768
0.835227
0.061316
0.486709
0.934034
1.066082
1.182703
1.370019
0.770404
1.284643
1.908896
1.028900
0.310965
0.060578
0.189709
0.276491
0.851948
0.064236
0.499479
0.875055
2.325912
0.683906
0.079592
1.030325
0.165949
0.023283
0.559932
0.894997
2.300213
0.253607
1.277002
2.974619
1.142189
3.576111
3.656708
3.606816
0.089116
0.060796
0.375799
0.182586
0.077751
0.445889
0.303350
0.368469
1.568169
0.259722
0.535842
0.516055
0.646606
1.575316
1.907191
2.588692
0.077382
1.773597
1.160593
0.359778
2.423921
0.505657
1.272377
1.067430
1.480848
0.553946
0.992646
0.755477
1.478273
0.952957
0.492659
1.299850
0.925819
0.224741
1.963066
0.709280
0.544212
0.159810
0.292892
0.992328
0.227936
0.738553
1.386943
0.509622
2.091627
0.097145
0.247895
1.606778
0.569435
2.131076
5.329604
0.464933
1.750802
0.876010
0.262253
1.002022
0.760724
0.548983
0.724672
0.359289
1.526881
1.761607
0.784986
0.720763
2.060977
3.533869
0.309553
0.567418
0.032384
0.150153
0.365154
3.501657
0.179956
2.756572
0.494733
0.370681
0.165369
0.925570
1.567239
0.116981
0.168176
0.185523
0.020177
0.449651
0.690201
1.817637
1.470880
0.092609
0.920182
0.088059
0.324570
1.374061
0.677284
0.888136
3.214626
0.333109
0.113087
0.872864
1.247305
2.238847
0.846994
0.634789
0.263378
1.842299
1.095076
2.444329
1.490804
0.033568
0.593872
0.419733
0.078909
0.744527
0.563579
1.540515
1.727731
0.888840
0.354150
0.841042
0.368057
0.138123
1.208411
3.875796
0.853630
1.828614
1.562967
2.418532
1.788434
0.011507
1.948052
0.778903
0.374532
1.862524
1.136985
0.325240
1.920747
0.293014
0.041981
0.299605
2.444320
0.998695
0.144442
0.382906
0.473465
0.110782
0.244297
0.299474
0.391550
3.125918
1.334500
0.115066
3.791156
1.858798
0.778343
0.623346
1.462178
0.468568
3.858960
0.696802
0.998506
1.246010
2.670225
0.671149
1.676570
0.349890
1.753369
2.167165
0.290435
0.637509
0.415731
0.198395
0.280149
0.607903
1.542510
2.346750
1.240841
1.227421
0.029306
0.896216
1.585122
2.214741
0.188601
0.822209
2.259630
0.200675
0.699704
0.060745
0.238585
3.486904
0.964018
1.783257
0.668547
0.385526
1.577766
1.002150
0.222483
0.637612
0.751769
0.056131
0.259746
1.107047
0.578511
0.167339
0.059155
1.548245
0.107365
1.667561
0.094526
0.240971
0.073435
0.473162
2.010717
2.387093
1.084266
0.158283
0.524849
0.723428
0.351646
0.882772
0.217623
0.780070
1.137167
0.225096
1.769809
0.258421
1.838356
0.111649
2.020631
0.198305
1.316128
0.205747
0.280310
0.142393
1.287771
0.516208
1.513540
0.836319
0.613564
0.441737
1.822780
1.126571
1.467331
0.486871
1.746492
1.624346
0.036896
0.297039
1.409374
1.700916
0.387952
0.145165
1.059418
1.708234
0.097446
0.341168
0.244838
0.394593
3.133734
0.442166
0.830053
0.944205
0.766709
1.025427
1.336700
0.191816
2.871622
1.553523
0.593296
0.932101
0.188508
1.733160
0.462851
2.625400
2.362068
1.304482
0.903399
0.488781
0.272628
0.191970
3.447416
1.617692
1.000669
1.354317
0.677356
0.480774
0.393650
0.042718
0.094157
0.958617
2.756578
0.102897
0.724471
1.947971
0.337400
0.164027
1.020922
0.805599
0.283080
2.053965
1.269001
0.949617
1.311519
0.304135
1.575338
0.341864
0.473955
0.335667
0.485972
0.663125
0.649561
1.718000
0.477292
0.171049
0.413385
1.055107
0.396419
3.017382
1.549353
0.506214
2.017063
1.611434
0.717750
3.998092
0.979460
0.681758
0.426291
0.454836
2.943222
0.500807
0.953080
2.077460
2.138558
0.424314
0.306884
2.264827
0.513484
0.219181
0.104916
1.064525
0.118484
0.547220
0.380054
0.570043
1.366267
0.967696
1.333920
0.646863
0.534500
0.007912
0.152788
1.041457
1.090822
2.074521
0.081307
1.208145
0.945324
1.382585
1.598706
0.120981
0.154966
0.057155
1.656636
1.157512
1.435560
0.357222
2.765456
1.448273
2.042863
1.136081
1.916178
0.689216
0.540711
0.956216
0.572487
2.093986
1.287976
1.441874
0.684340
2.072386
0.677734
0.530463
1.100625
0.507179
1.083598
1.986311
0.107127
0.201412
0.451054
1.532758
1.517194
0.507738
0.316641
0.816817
2.356809
1.025691
0.344064
0.228207
1.512183
1.285147
0.705306
1.047701
