0.925839
1.603817
0.802345
1.660390
0.718727
1.620153
0.619982
0.879487
1.202854
1.086644
1.500525
0.472262
0.682295
0.297228
1.056833
0.418835
0.502582
0.467026
0.975902
0.599191
1.571783
0.701329
0.292794
0.291140
1.690044
0.414250
1.423558
0.930202
1.142475
1.380987
0.958736
0.912896
1.475432
0.436789
1.217901
1.162303
0.612528
0.367419
0.436240
0.289690
0.701673
0.769093
0.975084
0.784549
0.847325
1.594401
0.952322
0.822603
1.517778
1.146120
0.745391
0.599918
0.955193
0.499695
0.728343
0.203679
0.472901
1.471732
0.721488
1.618885
1.040891
1.329703
1.064501
0.869696
0.622193
0.833470
0.841694
1.189068
0.683695
1.172143
0.794533
0.380910
0.805075
0.673455
0.838085
1.442196
1.373615
0.813029
0.830365
0.460505
1.876757
0.946660
1.700834
0.800169
1.030243
1.013082
1.130596
1.203293
0.776734
0.487746
0.868793
1.398938
1.597317
0.962504
0.404058
1.410158
1.211876
0.735528
0.552635
1.383620
0.591528
0.864803
0.886965
1.058124
0.263208
0.602780
1.221392
0.438062
0.980172
1.574012
0.823414
0.757423
0.655702
0.753721
1.001402
0.554128
0.746000
0.762014
1.205041
1.205826
0.751431
1.404875
0.817978
0.454062
0.232972
1.123344
1.324862
1.188433
0.977492
1.013785
1.101084
1.022618
1.004940
0.796938
1.418886
0.234842
0.304936
1.138184
0.495024
1.194358
0.802434
1.119542
0.584101
1.050149
1.254320
1.116263
0.692176
0.843779
0.952525
1.068410
0.656361
0.662044
0.312978
1.201905
1.180284
0.931857
0.272825
0.680411
1.132423
0.356280
0.234632
0.934131
0.482898
0.879069
0.757478
1.435344
1.233711
1.115322
1.146819
0.946227
1.288595
1.276472
1.252860
0.413772
0.712645
0.359724
1.514596
1.006167
0.771552
1.499831
0.880349
1.232254
0.808962
0.684396
1.239527
0.445556
1.430146
1.380384
1.163772
0.404293
0.482357
1.291216
1.034740
0.626570
0.809048
0.990074
0.896900
0.862056
0.917637
1.011812
1.192146
0.306240
0.617962
0.855208
0.631396
1.179869
1.408683
0.454517
0.859340
0.273843
1.039626
0.951345
1.048808
0.232766
0.250518
1.208690
0.579731
0.885195
1.490293
1.095314
0.948680
0.850244
0.878171
0.971114
1.259304
0.787440
0.977581
0.987726
0.953147
0.930377
1.598888
1.162411
0.688918
0.426119
1.076839
0.288157
0.481154
0.930922
1.264179
0.776038
0.994420
0.471131
0.820364
0.525821
0.990557
0.741589
0.769814
0.743253
0.626674
1.141020
0.775728
1.215055
1.244373
0.317828
1.155424
0.658215
0.970515
0.340338
0.781949
0.787791
0.922123
0.948795
0.861049
1.000644
0.533035
0.573742
0.787210
0.548839
0.882946
1.016658
0.686165
0.666545
1.154467
1.315019
0.684255
1.295020
1.110656
0.491640
0.300655
1.143625
0.986386
1.127464
0.586284
1.158341
0.700244
1.007507
0.597604
1.195684
0.853485
0.516604
0.813505
0.746243
0.925866
1.039027
0.294081
0.985013
1.009855
1.315382
1.110697
0.515429
1.206776
0.572937
0.849351
0.517986
0.711891
1.037213
1.465310
1.163920
0.952218
0.903098
1.006546
0.400070
0.948342
1.328561
1.438693
1.004054
0.878821
0.867511
0.619679
0.366351
0.932636
1.326460
0.949395
1.233597
1.217484
0.864373
0.839236
1.328969
0.363674
0.728075
0.573325
0.491316
0.922740
0.192514
1.115645
1.119141
0.841571
0.944896
1.112792
0.766507
0.660691
1.015986
0.938207
1.084164
0.336526
0.336758
0.417014
0.598617
0.318320
0.901003
0.396895
0.961366
0.906692
0.553180
0.702682
1.076867
1.120190
0.880846
0.932791
0.745055
1.260373
1.874129
0.916102
1.419522
0.783954
0.654496
0.935618
1.179122
1.065210
1.652640
0.600710
1.197161
0.442308
0.607583
0.956190
0.958551
0.791393
1.041624
0.856557
1.197895
1.240296
0.634791
0.473523
0.727856
1.314722
1.026469
0.834220
1.719121
1.174891
0.602009
0.439490
0.789817
0.955410
0.258318
0.815770
0.717696
0.843365
0.700992
1.164307
1.232330
0.417429
0.437070
0.929961
1.341180
0.292505
1.388269
1.048955
1.015682
1.146716
0.895819
0.846762
0.827821
1.324294
0.903642
1.001248
0.385400
1.615037
0.859030
0.824811
0.942051
1.124515
1.012306
1.250547
0.912867
0.315346
0.453855
1.217001
0.963714
0.884057
0.954122
1.013070
0.617343
0.857913
0.546941
1.197431
0.573340
0.826838
1.095036
0.817044
0.571068
1.036792
0.589209
1.261145
0.711227
0.919756
1.484698
1.462195
0.911222
0.527834
1.415560
0.526730
1.193118
1.063185
0.676980
0.914910
0.941083
0.441589
1.102253
0.892272
0.310121
1.136554
1.136516
1.450232
1.322256
1.204361
0.630866
1.173203
0.401126
1.082658
0.861965
0.593453
1.245695
0.829771
1.443891
1.056873
1.100274
0.303524
1.500150
0.686579
0.564721
1.015063
0.754327
1.199588
1.040349
1.400066
1.423527
0.952474
1.116105
1.030364
1.281764
0.992439
0.843186
1.004010
1.088577
1.456323
0.132669
1.058151
0.633689
0.432746
0.502812
0.554879
0.647338
0.436109
0.644313
0.881942
0.886741
1.085144
0.781585
0.891494
0.642188
0.665359
1.363429
0.813838
0.507347
0.863011
1.193456
0.699630
1.458523
1.222123
0.902710
1.112829
0.454103
0.612012
0.783124
1.145423
0.972784
1.059339
0.872111
1.357581
0.528898
0.278723
0.387415
1.342747
0.614841
1.053070
0.678557
0.750154
0.934090
1.179080
1.000999
1.072048
1.090246
0.843135
0.978898
0.988594
0.820068
1.260503
0.830449
1.149601
1.212432
1.194601
0.337721
0.686742
0.413682
0.198785
1.460457
0.978088
0.255251
0.921307
0.854946
1.024489
1.166745
0.875279
0.936855
0.695785
0.727056
0.707869
0.817981
1.103235
0.441040
1.497864
1.106620
1.313781
1.191457
0.592382
0.618712
1.387550
1.039152
0.746383
0.420498
1.120671
1.247812
0.209693
0.501382
0.975128
0.181802
1.288527
1.240456
0.570481
0.916583
0.473335
0.544857
1.208978
1.124797
0.497898
0.969844
0.860999
1.029061
1.353474
0.604969
0.753283
0.660850
0.522388
1.223938
0.901126
0.615515
0.952791
0.795525
1.104294
0.811720
1.348653
1.035360
0.348432
1.252653
0.705464
1.188529
0.510170
0.438456
1.051291
0.488045
1.093599
0.636508
1.044528
1.364117
0.914403
1.222472
0.857786
1.106038
0.707722
1.018458
0.948077
1.085089
1.225331
1.117067
0.870121
0.489830
0.865258
1.023704
0.952625
0.965119
0.809919
0.952326
1.059883
0.574389
1.127896
1.361658
1.095595
0.996643
0.663073
0.707570
1.460608
1.385612
0.820950
0.991966
0.635382
0.781268
1.611987
0.779584
0.695876
0.450347
0.925608
0.825405
0.620511
0.892319
1.195818
1.024514
0.566051
0.908536
0.942050
1.052151
0.901446
1.159194
1.502172
0.558108
1.213585
0.813752
1.079644
1.085583
0.416606
0.659836
0.773557
1.141625
0.456021
0.304002
0.246585
0.673906
0.569957
0.510491
0.830537
1.307196
0.545219
0.970339
0.486232
0.955421
0.496191
0.945232
0.866756
1.039318
0.798654
1.118510
1.809652
1.280022
0.613706
0.755675
0.574652
1.212625
0.667160
0.479349
0.668069
0.701846
0.643570
0.636090
0.961611
0.922861
0.962719
1.117568
0.955356
0.651428
1.031483
0.771540
0.916416
0.900948
1.301729
1.237234
0.886657
0.850256
0.949304
1.016348
1.509508
1.188787
0.655576
1.535661
1.127623
1.201183
0.365300
0.966679
0.699193
1.432291
0.753511
1.309930
1.079213
0.630719
1.239463
1.006516
1.082482
1.103867
0.745342
0.651119
0.616966
0.550699
1.267885
1.016833
0.711746
0.959380
0.786388
0.841727
0.291451
1.088957
0.719444
1.132249
0.646591
0.815025
1.189413
0.925012
1.022112
0.644959
1.087774
0.445612
0.675787
0.952162
1.254719
1.063046
1.188129
0.941793
0.572452
0.631820
0.863845
0.754822
0.448617
0.304046
1.054444
0.309855
0.641563
1.081355
0.663220
1.178737
0.949766
0.953474
0.577230
0.466185
1.107258
0.747975
0.466146
0.813040
1.178315
0.551011
1.090008
1.038616
1.400124
0.645625
0.610460
1.135632
0.628175
1.014780
0.574690
0.908909
0.899136
1.028587
0.607118
0.926209
1.071648
1.107842
0.458201
1.432492
0.833037
0.872465
0.955924
1.275584
1.362586
1.317124
1.349525
1.041960
1.630449
0.716204
0.691397
1.441562
0.570347
0.884648
0.881863
0.662937
0.494867
1.115148
0.418276
0.927357
0.877148
0.772272
1.172898
1.170753
0.974206
0.819722
0.946141
0.893971
1.130110
1.111394
0.892069
0.612481
1.353546
0.902910
1.170020
0.490173
0.734118
0.585071
0.778987
0.746237
0.923175
1.237316
0.681830
0.912027
0.932146
0.636355
1.145049
0.891268
1.062512
0.764982
1.144021
0.742004
0.644737
0.730356
0.991020
1.008970
1.031410
0.759099
0.831000
0.500730
1.118281
0.991346
0.660891
0.630182
0.987649
0.513393
0.216640
0.538501
1.170200
0.688398
1.395548
1.197401
0.941931
1.033120
0.707185
0.537379
0.749095
0.917589
0.677542
1.275292
0.530029
1.026007
0.846124
1.081019
0.745495
0.906279
0.975405
0.637080
1.519955
0.612966
0.878335
0.995904
0.435907
1.391181
1.295619
1.312601
0.500896
0.997083
1.093937
1.220429
1.053104
1.174014
0.793175
1.523317
1.332231
0.795913
1.034649
1.178347
0.821954
0.595062
0.767190
1.146409
0.596769
0.884198
0.961818
0.300359
0.194214
0.351914
0.404160
0.687551
1.551041
0.347021
0.296857
0.293162
1.159517
0.754020
1.082878
0.549754
1.769241
0.488583
0.768621
0.868568
1.002628
1.379489
1.199889
1.440485
1.258311
1.258487
0.762607
0.852773
1.238867
1.840482
0.790506
0.541977
0.998603
0.849701
0.947483
0.758281
0.905043
0.937461
1.090759
1.160306
0.265792
0.791488
1.031357
1.534490
0.774962
1.006590
0.802504
2.131884
0.488201
1.005012
1.170552
0.513350
1.192635
0.922035
0.862365
1.042756
1.468537
0.941917
0.487332
0.650975
0.437215
0.684648
0.824249
1.027094
1.041384
0.734257
0.539381
0.337575
0.517683
0.692448
1.234244
1.082092
1.217720
0.705115
1.100101
1.165172
1.254037
0.168707
1.153086
1.066373
0.540459
0.883345
0.778189
1.046157
1.798829
0.527252
0.713825
0.581685
0.906220
1.151121
0.854872
0.340247
0.651684
0.996727
0.556409
0.917793
0.852641
0.631753
0.926701
1.310611
0.574784
0.573636
1.092259
1.399791
0.906761
1.007068
1.422070
1.089799
1.109464
0.874225
0.233786
1.571929
1.019346
0.729291
1.115625
0.955518
1.605963
0.719285
1.248529
0.185381
1.307489
0.407448
1.315336
0.795364
0.579150
0.308887
0.468907
0.866512
0.537544
1.147815
1.190485
0.622600
1.038258
1.063714
0.552614
1.021562
1.003349
0.550581
0.812472
1.519828
0.638149
0.919512
1.333918
1.012745
0.254300
0.615089
0.648716
0.559030
1.344254
0.797696
0.693857
0.932355
0.191044
1.652873
0.703976
0.745045
1.093953
0.498779
1.157275
1.235106
0.894819
0.693159
0.747484
0.688135
1.065788
1.069001
1.147844
0.789375
0.531029
1.299931
0.337373
0.980123
1.377301
1.266301
0.559530
0.911762
0.625074
1.021843
0.641945
0.457327
1.330071
1.803086
0.522855
1.455589
0.970665
0.819908
1.007037
1.248228
0.820353
0.620696
1.043341
0.955138
0.529348
1.373321
1.020665
0.899984
0.189658
0.859690
0.582687
0.816606
1.094513
0.654005
1.207461
0.857982
0.739774
0.749378
0.731182
1.166934
1.141331
1.057354
0.689123
1.105655
1.297758
0.664143
1.262369
0.459149
0.964515
0.748710
0.731094
1.416223
2.090197
0.932591
0.447587
1.458974
0.901353
0.842678
0.987951
0.680363
0.954411
0.714903
0.643490
1.645229
0.166327
1.419040
1.325144
0.585884
0.159627
1.305118
0.818728
1.246022
1.139518
1.057786
0.612873
1.009826
1.045574
0.644104
1.789370
0.614146
0.220937
0.723072
0.364534
0.477218
0.924791
0.935903
1.463935
1.140383
0.453424
1.173614
0.787990
0.798341
0.573575
0.454434
0.936474
1.232399
0.888958
0.699928
0.581729
0.782667
0.237637
0.399803
1.087941
0.596253
0.934143
1.117748
1.240545
0.448879
0.807152
1.281115
0.778395
0.631437
1.324492
0.740389
0.537411
0.641363
0.757133
0.662244
0.561524
0.384584
1.455044
0.351130
0.659882
0.665139
1.311262
1.738078
0.688264
0.882905
0.628274
0.890496
1.102777
0.550861
0.606033
0.704864
0.689957
1.016549
0.596974
0.756678
0.928810
0.554210
1.035596
1.204091
0.945862
0.760101
0.786594
1.251177
0.866778
0.895431
1.427822
0.790854
0.644268
1.194131
0.900918
1.406057
1.378877
0.949529
0.731262
0.670199
0.869197
0.466498
0.202666
0.806795
0.668037
0.568604
0.726804
0.879737
0.892354
0.802292
0.694609
0.602516
0.988167
1.153800
0.707630
0.951604
0.924613
1.028760
0.885818
1.215935
0.843206
1.256519
0.853906
0.958485
0.631553
0.830591
1.326412
1.090566
1.195950
1.001506
0.965414
1.093009
0.861197
0.560465
1.191549
1.071658
1.251793
1.205331
0.306644
1.486403
1.353937
0.847501
0.805764
1.013403
1.488084
0.852839
1.223982
0.493791
1.002286
1.368764
1.144569
1.015936
0.395121
0.581798
1.171758
1.044833
0.649255
1.142020
1.178988
0.977427
0.732975
0.789843
1.023832
1.094699
0.745154
0.220206
0.562464
0.343013
1.026419
0.682473
0.852839
0.966891
1.088885
1.215101
0.735043
1.035665
0.975184
0.752179
0.371323
1.030879
0.742082
1.390384
1.270996
0.706582
1.221932
1.013306
1.222706
1.248063
0.722950
0.878807
0.872830
0.569194
1.059058
1.352900
0.599910
1.318043
1.600038
1.003943
1.154436
0.878513
0.614912
0.343321
0.660991
1.090399
0.911145
1.024026
0.711050
1.176838
0.814381
0.671758
1.057148
0.491486
0.757580
0.356015
1.058220
1.269068
1.141476
0.592993
1.068342
0.418184
0.951920
1.229908
0.921542
1.583976
0.464398
0.429250
0.146596
1.263036
1.198291
1.119945
0.919800
0.686236
0.522387
0.730383
0.877103
1.628330
0.136793
0.352371
0.722972
1.325212
0.960017
0.557809
1.203638
0.724154
1.168596
0.551002
0.209675
1.230569
1.031202
0.926060
0.993492
0.606051
1.031944
1.259288
0.799145
0.765735
0.671898
1.285959
0.995928
0.916951
0.103927
0.694769
1.455873
0.541603
0.458333
1.188901
1.419977
1.044975
1.045109
0.628460
0.726014
0.734224
0.539698
1.118730
0.931259
0.773811
0.841397
1.176016
0.492323
1.053862
0.995321
0.895666
0.607059
0.715728
0.528971
0.586752
0.291179
0.820559
1.228637
0.621058
1.110467
1.066983
1.071362
0.953690
1.230602
0.298938
0.809051
0.945070
0.837310
0.481792
1.193463
1.172932
1.391255
1.235508
1.171650
1.270334
1.117115
0.848291
1.164255
0.385649
0.706662
0.623941
0.786567
1.480490
1.450641
0.719058
1.331257
1.170298
0.599156
0.846300
0.777509
0.577429
0.893572
1.492965
1.445911
1.178355
1.041097
1.284059
1.012529
1.232551
1.108915
1.390939
1.124809
0.995581
0.885886
0.856429
0.844905
0.438215
0.635557
0.894084
1.498221
1.149473
0.763803
0.996092
0.988069
0.550175
0.157585
1.218742
0.133039
0.849129
0.824904
0.755169
0.577193
0.620936
0.599837
0.848956
0.497042
0.776421
0.448615
0.767671
1.062840
0.804038
0.149119
0.838131
0.956410
0.373389
0.451365
0.716002
0.870346
0.476863
1.312656
0.609533
0.713266
0.615154
0.586123
0.217245
0.996237
0.504443
1.162661
1.366892
0.840192
1.061000
0.644580
0.554493
0.366649
0.817721
0.490549
0.569273
0.417051
1.047464
0.969838
0.717610
1.116421
0.881827
1.140619
0.998891
0.853992
1.361739
0.770684
0.700558
1.063431
0.504693
0.811957
0.798134
1.535635
0.694012
1.055788
0.913928
0.738093
1.590753
1.077350
1.564274
0.693044
1.007578
0.979184
0.718291
1.008741
0.746747
1.051688
1.393710
1.102387
0.721008
1.039184
0.711932
0.834219
1.141299
1.167023
0.546008
0.418960
0.824077
0.852278
1.101418
0.669818
1.036550
1.087989
0.195303
0.892950
0.227502
1.575201
1.209984
0.641602
1.208862
0.995438
0.570580
0.863468
0.785899
0.892006
1.252632
0.731203
0.883810
0.550102
1.190601
0.711264
1.355652
1.108520
0.430810
1.053308
0.915975
1.219637
0.447296
1.306735
1.311626
0.508373
0.892671
0.884305
0.791365
0.281082
1.192661
1.106624
1.200523
1.289303
0.649799
1.158709
0.058418
1.423820
0.958694
0.624581
0.557363
1.310608
0.553930
1.024849
0.996932
0.563204
0.819062
1.272758
1.045598
1.122647
1.086405
0.678813
0.501237
0.600509
0.563060
0.861066
0.676800
0.700074
0.635346
0.655067
1.036721
0.729113
0.973153
0.997478
1.305126
1.140469
0.898420
0.587906
1.588409
0.445563
0.655020
0.662742
1.010668
0.855193
1.064773
0.135618
0.468105
0.715666
1.313221
0.765486
0.723274
0.941826
1.340877
0.588032
0.765182
0.838279
1.114147
1.212996
0.939058
1.790095
1.007426
0.409222
1.590262
0.559574
0.956461
0.780100
0.722537
0.390936
1.631618
1.402105
0.450463
1.102205
0.734178
0.658574
0.535417
0.971537
1.013771
0.925148
1.279144
1.269671
0.848241
0.989627
0.347058
0.595235
0.507378
0.349359
0.795446
1.152026
0.933252
1.308102
1.178809
0.676187
1.103281
1.420475
0.771863
1.095463
1.771160
0.929340
0.744244
0.342533
1.029668
0.138243
0.811736
0.690996
0.898684
1.336081
0.670777
0.785913
0.778494
0.629293
0.791409
0.694881
0.704305
1.541618
1.009163
1.019831
0.976955
0.520169
0.854158
0.823273
1.177347
1.197077
0.957381
1.143775
0.859882
1.186205
1.263574
0.565297
0.930246
0.874075
1.249875
0.935593
0.599735
0.992326
0.766991
0.620022
0.554116
0.703584
0.981360
0.866733
1.244790
1.165154
0.771056
0.745660
0.505081
0.805314
1.208795
1.394467
0.725953
0.683387
0.914595
0.967619
0.819010
0.685072
0.511900
0.697136
0.450592
1.295186
0.855829
1.171425
1.015734
0.235846
0.554357
1.388817
0.267991
0.580251
0.613309
0.767885
1.172458
0.708553
0.941833
0.625281
0.909660
0.777712
0.615423
1.347077
0.694580
0.957645
0.674361
1.064051
1.037576
1.655249
0.825611
0.817600
0.953695
0.506236
1.293707
0.870488
0.954648
0.382160
1.583114
0.749710
0.987729
0.294870
0.601061
1.576341
0.580897
0.632977
0.792317
1.052274
0.834396
1.463818
0.842417
0.948939
0.651732
1.107058
1.376108
0.963479
1.154469
1.518865
1.401450
0.762307
0.976082
0.716866
1.370864
0.950847
0.961341
0.621383
1.028057
0.292173
1.208492
0.872593
1.108120
0.733834
0.705216
1.572821
0.740327
0.626587
1.316106
0.862611
0.470759
1.870334
0.901573
1.142583
0.991334
0.603733
1.383337
1.447973
0.538466
0.277467
1.373244
1.391020
1.177920
0.818250
1.025970
1.285487
0.939089
1.313880
0.984898
0.600613
0.463621
0.966480
0.291471
0.411663
0.836828
1.147726
1.481480
1.422899
1.196722
0.921120
0.564866
1.022826
1.063990
0.510284
0.823247
1.172629
1.140201
0.756910
0.749134
0.903268
1.260446
0.416828
0.928131
0.749837
0.725775
0.762077
1.546813
0.817457
1.147910
1.018044
1.071985
0.636668
1.258081
0.532712
1.000352
0.677390
0.971065
0.393338
1.325211
1.094708
1.173940
0.805278
0.954032
0.224936
0.934995
1.281945
0.910086
0.896047
1.066337
0.960137
1.033414
1.436098
0.857640
1.320413
1.409751
1.163380
1.131586
0.775951
1.096191
0.953231
0.465841
0.938438
1.463897
0.660111
1.314605
1.246766
1.426666
0.758110
1.226908
0.736042
0.613814
0.741566
0.411509
1.003383
1.077199
1.030467
0.797096
1.045798
0.281602
0.961937
1.617587
0.839053
1.047247
0.839425
0.494757
1.029793
0.693621
0.767692
0.829131
1.129605
0.949928
1.226977
1.199073
0.527966
1.777746
1.327863
0.858175
0.469736
0.413451
0.922395
1.133990
0.983870
1.413765
0.638133
0.849856
0.466049
0.941146
0.716185
0.727820
1.065935
0.602863
0.308102
1.016729
1.282619
1.195602
1.024715
1.133065
1.150644
0.485466
1.043859
1.558038
0.846909
0.965597
0.745879
0.528043
1.272298
0.812910
1.377780
0.887887
1.037947
0.733818
1.261477
0.515898
1.417922
1.183248
0.258008
1.015777
1.137893
0.517675
0.848047
0.682894
1.187961
0.658106
1.031327
0.496904
1.032629
0.880611
0.936162
1.107052
0.903872
0.616902
1.266250
0.683406
0.433341
1.019276
1.039005
1.530711
1.850184
0.514796
1.177073
1.118590
1.030158
1.248129
0.633881
0.818591
1.160717
1.136580
1.084410
1.043878
0.696907
0.938326
1.284401
1.701395
0.870969
1.242068
0.924167
0.949079
1.160891
0.993250
0.801630
0.771183
0.897133
0.826083
0.892596
1.479198
1.037018
1.627655
0.299665
0.416394
1.351074
0.765242
0.812276
0.810183
0.861510
0.722528
0.326197
1.341744
0.862392
0.492694
0.917609
1.018793
0.921929
0.921569
0.907871
0.987280
1.361454
0.241157
0.196512
0.848681
1.504598
1.143621
1.055743
0.883129
1.340332
1.146390
1.245115
0.396484
1.176998
0.929378
1.490670
0.536933
1.326391
0.763313
0.344331
1.528029
0.825829
0.637723
1.217671
0.519770
0.296730
1.646136
1.121339
0.781423
0.680389
0.813906
1.292630
1.081860
1.048506
1.350245
0.859176
0.711625
0.660579
1.259019
0.289844
1.381851
1.188181
0.496167
0.822914
0.546711
0.507656
1.084967
0.577876
0.877066
0.825581
0.943489
0.382289
0.946901
0.753566
0.906721
1.018391
0.327912
0.497092
0.447346
0.825298
0.632728
1.354819
0.525706
0.411303
0.942448
1.350778
0.827687
0.303790
0.784064
0.888206
0.719667
0.466117
1.472416
0.567274
1.208274
0.695080
1.023726
0.514248
1.252981
0.635237
1.273712
0.571143
1.348556
1.166999
0.641614
0.868002
0.951563
0.896682
1.596040
1.222041
1.092183
0.829468
1.043025
1.231720
0.782696
0.576317
1.425867
0.682281
1.340638
1.537326
1.130254
0.813895
0.995605
1.055796
0.907948
1.419047
0.883486
1.072758
0.516419
0.757122
0.929287
0.976225
0.598299
0.765940
0.954119
1.514010
1.000718
1.134139
0.518932
0.678357
0.669896
0.825685
0.462749
0.481338
0.431500
1.238193
1.231472
1.280979
1.671451
1.410529
1.108275
1.406031
1.079543
1.127838
1.225767
0.701718
1.032417
0.936025
1.548300
1.276081
0.928347
0.632892
0.696182
0.983434
0.481378
0.907207
0.785664
1.484544
0.642313
0.489308
0.406228
0.852945
0.425641
1.227573
1.034069
1.437346
0.862900
1.278741
0.532899
1.236490
0.870529
1.257155
1.186675
0.570066
0.335917
0.650270
0.805138
1.288391
1.457629
0.817698
0.905947
0.580974
0.395203
1.010171
1.008816
0.847591
1.165806
0.573980
0.633917
1.806979
0.939080
0.938302
0.962526
0.189984
1.434704
0.897079
0.587233
1.040033
0.933739
1.034926
1.085284
1.437417
0.849490
1.351253
0.990133
0.837606
0.123993
1.056888
1.040704
1.342775
0.760984
0.828277
0.648577
0.531372
0.950847
1.719719
0.418581
1.289565
1.031840
0.687010
0.490900
1.352910
0.681998
0.554692
1.110250
0.687064
1.254456
0.750065
0.783081
0.817556
0.815850
1.265525
0.549530
0.472630
0.257745
0.346922
1.063786
0.760820
0.752750
0.763220
0.699497
1.182146
0.465181
1.161255
1.055433
0.715009
1.534011
0.955868
0.565439
0.449438
1.025940
0.309618
0.780498
0.888196
0.920385
1.841715
0.824553
0.994891
0.526655
1.306689
0.739387
1.268524
0.351615
1.002278
0.555154
0.274607
1.151321
1.161937
0.603992
0.826775
1.239941
0.705094
1.357056
0.524933
0.514710
0.677054
1.086825
0.704826
0.535764
0.579301
1.278448
0.684927
1.052729
0.926980
0.963499
0.645122
0.824369
0.949768
1.051380
1.022031
0.865430
0.310862
1.009936
0.819447
0.853459
0.380504
0.963772
1.748952
0.519801
0.615187
0.087734
0.756056
0.897010
0.860712
1.291167
0.553521
0.629800
0.911994
0.711361
0.379694
0.795369
1.602408
0.780819
0.186656
1.233220
0.579988
1.046881
1.665889
0.877928
0.861069
0.920926
1.217331
0.919888
1.260331
1.074031
1.298567
1.005218
1.319769
0.485572
1.430687
0.543070
1.199315
0.756128
0.652656
1.304468
0.307529
1.323451
0.857989
0.559668
1.298426
1.136437
1.057855
0.603096
0.831194
0.368630
1.258713
0.429259
0.852083
0.493170
1.568615
0.456841
1.295042
1.098497
1.006394
0.852914
0.644265
0.617715
0.902021
0.770929
1.187414
0.699518
1.347566
0.824400
0.696713
0.803149
1.124705
0.538889
0.882041
0.507731
1.062584
0.881815
0.816281
0.508758
0.664802
0.724130
1.228075
0.618962
0.437415
1.106032
0.990121
0.394028
1.235421
0.788023
0.973297
0.790633
0.763067
0.287469
0.434734
1.077907
0.414313
1.040886
1.519375
0.988110
1.059208
0.641773
0.689044
0.822895
0.661392
0.316961
0.503036
0.960027
1.231957
0.557272
0.822448
0.780713
0.844978
1.663450
1.035761
1.361941
0.655583
0.421427
1.134386
0.916890
0.566613
0.499087
0.957170
1.239491
0.780939
0.698519
0.655096
0.791029
0.823303
1.213406
1.206054
0.610514
0.462601
1.084112
0.781727
0.736620
0.711195
1.147367
0.592232
0.515328
0.685527
1.486248
1.401893
1.465898
1.135698
0.690275
0.724950
1.230453
1.603446
0.836398
0.287456
1.160732
1.450484
0.953317
0.670934
0.225403
0.290866
0.417066
1.028616
0.554854
0.976644
1.003955
1.635229
0.959385
0.604660
0.571970
0.597158
0.998025
1.229749
0.711372
0.506212
0.507308
0.757644
0.685682
0.841137
0.916935
0.672319
0.278167
1.493673
1.352080
0.833017
0.796874
0.953767
1.021735
1.103848
0.690311
0.694711
1.040567
0.574889
0.737614
1.909214
0.642415
0.594227
0.563942
0.637927
0.954113
1.234555
1.123918
0.301904
0.702359
0.996820
0.558505
0.936048
1.067489
0.450869
1.040212
1.137778
0.844743
0.670204
1.132720
1.314845
0.474223
0.614838
1.320343
0.305502
1.191241
0.336283
0.714603
0.665439
1.396586
1.102568
1.091747
1.005265
0.959125
0.503449
1.042624
0.823372
1.318411
0.994097
1.114911
0.888436
0.986924
1.261139
1.543047
0.375306
0.654956
0.639840
1.130118
0.532334
0.897219
1.107039
1.239830
0.730883
0.833745
0.775122
1.253249
1.093202
1.437564
1.051096
0.591027
1.159002
0.913218
0.768210
0.915485
0.869415
0.556384
1.497056
0.733103
0.754898
0.744346
0.369281
0.440676
0.940321
0.745258
1.188948
1.205474
0.986718
0.360448
0.630993
1.062639
1.061207
0.988333
0.936363
0.328060
0.793805
0.773106
0.513441
1.119119
0.623437
0.369316
1.235676
1.313189
1.495669
0.999727
0.630306
0.789979
1.168257
1.125001
1.446217
1.141848
1.394935
0.610758
0.147651
1.442859
0.792255
0.469364
0.636631
1.141156
0.382501
0.927715
1.263352
0.704217
0.918718
1.274153
0.416577
0.870963
1.278367
0.894892
0.516715
0.849117
0.780876
0.881611
1.571952
1.369344
1.074142
0.807898
0.828897
0.805917
0.859512
0.478180
0.294767
0.651553
1.028384
1.154328
1.100935
0.573196
1.016603
0.925984
1.126462
1.208895
0.774606
0.566096
0.861417
0.482504
0.690754
0.490834
1.123181
0.777234
0.735622
1.004726
0.879160
1.095195
0.391577
1.147849
1.335503
0.835034
1.231111
0.729002
1.281889
0.684279
0.872672
0.735324
0.828413
1.413050
1.216534
0.924290
0.784498
0.541515
1.070388
0.429852
0.960952
0.539889
0.928935
0.528809
1.513843
0.429484
0.501719
0.842237
1.028612
0.844058
0.587213
1.138728
1.558035
0.730667
1.529465
0.722493
0.707353
1.338188
1.419233
0.963281
0.943299
0.776410
1.217434
1.314431
1.165453
0.573537
0.644256
0.723635
0.603751
1.062677
1.682017
0.627791
0.863600
0.570124
0.716367
0.905523
0.544208
0.987669
0.908864
0.653004
0.188190
0.774607
0.650772
0.735635
1.007460
0.572626
0.973302
1.068425
1.308500
0.734796
0.498982
0.605204
1.133747
1.053080
0.368187
1.187623
1.103012
1.196832
1.559169
0.874602
0.512192
0.381370
0.073460
0.972098
0.330976
1.123539
1.004486
0.609901
0.773713
0.906061
1.066758
0.815226
0.857488
0.963187
1.238551
0.772747
0.398398
0.518127
0.886349
0.868267
0.241330
1.367441
0.944893
1.319923
0.958344
0.816408
0.264501
0.999234
0.622129
0.365976
0.684716
1.010404
0.707240
1.067519
0.774029
1.041627
1.115183
0.923751
0.904008
0.569082
0.913491
0.724512
1.017169
0.658097
0.690134
0.643242
0.550824
1.064492
0.518868
0.912472
1.300974
0.545550
0.532919
0.901185
2.156050
0.212572
1.302730
0.796226
0.767387
1.398489
1.423207
1.164931
0.814188
0.997037
1.662387
0.768509
1.107587
0.990146
0.750776
0.744808
1.194014
1.187413
1.561563
0.670769
0.773379
1.182578
1.396926
0.677349
1.000330
1.029904
0.970672
0.892636
1.006809
0.849828
1.104401
0.637976
0.692668
0.506890
0.695874
0.678134
0.715872
0.967589
0.541579
1.548303
0.364819
0.397191
0.668747
1.089379
0.671373
0.588009
0.785491
0.796883
1.520530
1.448211
0.679131
1.019798
0.753444
0.537802
0.338730
0.597622
0.667064
0.682700
1.347423
0.573449
0.571446
1.318895
1.153827
1.030560
0.255064
0.536416
0.507819
0.406305
1.007756
1.225672
0.835777
0.877386
0.924366
0.846258
0.777574
1.376489
0.541867
0.877986
0.759831
1.069469
0.918449
0.603249
0.723491
0.933772
1.188653
0.770249
0.757446
0.739840
0.421340
0.921998
1.272703
0.689123
0.506010
1.054821
0.306483
1.406960
0.980534
0.586809
1.470580
1.061376
0.244624
0.793457
0.980145
0.571111
0.998333
0.461125
0.810100
0.943457
0.812646
0.623079
1.647328
0.494407
1.052427
0.871899
0.982748
0.723324
0.571445
0.251529
1.385511
1.033252
1.096957
1.314058
0.813741
1.050414
1.240750
0.616251
0.812816
1.420678
0.521099
0.828635
0.561656
0.924792
1.027436
1.345043
0.558203
0.442458
0.961850
1.231673
1.148816
1.056062
0.520994
1.019431
1.333724
0.604341
0.653306
0.320261
0.468158
1.559117
0.702499
0.850257
0.963637
1.227287
0.689732
0.586211
0.961789
0.959994
0.912034
0.424834
0.777690
0.828150
0.657844
0.952647
0.427696
0.443323
0.359868
0.618515
1.205871
1.198235
1.404520
0.440916
1.038926
1.263406
1.557055
0.751569
1.008638
0.992539
1.006623
1.076521
0.283820
1.256609
0.332320
0.601560
1.173142
0.473191
1.134676
0.737331
0.874095
0.988375
0.856721
0.948185
1.118193
0.125138
0.846822
0.479097
0.093657
1.250799
0.768120
0.551278
1.086126
1.024551
0.793677
0.843236
0.401788
0.434366
0.797132
1.140452
0.794981
1.409528
1.170917
0.704157
0.320751
1.347368
0.812944
0.209280
0.947891
0.536492
0.883872
0.880357
0.263741
0.624959
1.084924
0.773362
1.128052
0.660977
1.498803
0.614512
0.462524
0.792281
0.495399
1.072522
1.373164
1.268800
0.627131
0.936715
0.858392
1.066179
0.803658
1.279567
1.111242
0.902995
1.109765
1.251872
0.831876
1.564744
0.455830
0.623876
1.121133
0.279257
0.977724
0.728891
1.267793
0.538361
0.639273
0.609870
1.116304
1.164034
0.214406
0.526850
0.967183
0.665042
0.943662
0.983806
1.380701
0.923320
0.763595
0.491805
0.608477
1.181300
0.717745
0.410379
0.952363
0.746722
1.223458
1.502197
0.587667
0.758804
0.763340
0.456627
1.299414
0.413820
1.107553
0.759984
0.681454
1.573064
0.835255
0.737942
0.674000
0.635443
1.063627
1.601375
0.510584
1.204780
1.174259
0.664658
0.753386
1.111760
0.809177
0.789496
1.284181
0.865202
1.073611
0.892112
0.794217
0.763473
0.754014
1.115626
0.905132
0.860409
0.884551
1.107321
0.645318
0.876096
1.091299
1.245470
0.939246
0.806037
0.553683
0.933034
0.745890
0.762292
0.902732
1.453646
1.117578
1.397432
1.259195
0.528166
0.783468
0.903943
1.702469
0.567575
0.555395
0.461951
1.338093
1.103705
1.696546
0.557364
1.015774
1.173124
0.863235
1.511719
1.065227
1.653349
1.097432
1.348107
1.336928
1.100129
1.150427
1.398127
1.195655
1.177393
1.063005
0.688426
0.685080
0.298164
1.113643
0.709589
0.770544
1.322531
0.594983
1.701693
0.774309
0.973728
1.226270
0.733687
0.394119
0.856226
0.761936
0.784419
0.598374
1.077076
0.781457
0.973047
1.266977
1.429647
0.751117
1.483921
0.533210
0.402178
0.390606
0.190988
0.553858
1.336157
1.682755
1.355537
0.998226
0.373353
0.720389
0.892355
1.395837
1.110840
0.994413
1.616484
1.107490
0.429440
1.409340
0.584304
0.376747
0.733542
0.772527
1.119651
1.071958
0.668897
0.591718
1.017728
1.321495
1.032904
1.314799
1.511204
0.789724
0.875650
0.800066
1.268977
0.886136
1.277821
0.358320
1.158366
1.070788
0.551261
0.873672
0.739891
0.844104
0.971954
0.570220
0.772203
0.441849
1.039683
1.092642
1.238100
1.017985
0.770170
0.753890
1.186758
1.367473
0.351846
0.735141
0.578291
1.051208
0.622822
1.113434
0.933375
1.116055
1.500130
0.577409
0.391814
1.115020
1.140564
0.882321
0.714539
1.289311
0.987553
0.480451
0.573856
1.121403
0.899264
0.830936
0.736114
1.336460
1.552847
1.058334
0.898662
0.845378
0.471936
0.733921
0.686267
0.404385
0.734127
0.609009
0.760680
1.097481
0.457271
0.735067
0.698722
0.381478
1.091458
1.080992
1.075437
0.766075
0.245883
0.816457
0.787112
0.553513
0.941707
1.313257
0.405273
0.894026
0.841549
0.593358
0.957459
1.287395
1.023135
1.377927
1.074983
0.452229
0.286561
0.144428
0.844004
0.900778
1.001033
0.288948
1.036802
0.670085
0.597259
0.531359
1.299788
0.362179
1.034102
0.923190
0.245606
0.710238
0.447529
0.795376
0.731708
0.612954
0.754618
1.191400
0.773020
1.398648
0.836198
0.846735
0.632973
1.094899
0.792565
0.362986
1.224729
1.367086
0.850825
0.827351
0.466069
0.925567
1.756675
1.025672
0.818499
1.227213
0.971959
1.024468
1.213271
0.843770
0.710196
0.949359
0.674932
1.023254
0.655415
0.924447
0.886539
1.218633
0.918250
1.576347
1.217409
0.449303
1.508830
0.652550
1.305037
1.172499
1.252279
0.418524
0.964578
0.756794
1.154470
0.838811
1.065325
1.048005
0.760261
1.300408
0.848270
0.418365
0.766890
1.407699
0.758579
0.931796
1.348708
0.651944
0.758997
0.415979
0.627874
0.756996
0.911838
1.010655
0.935480
0.421900
0.446804
0.676577
0.370041
0.394986
0.725211
0.606110
0.713438
0.579930
0.987124
0.149180
0.723101
0.758697
1.587946
1.358325
0.265116
0.991452
1.237579
0.965187
0.567816
0.445922
0.885747
1.235561
1.371182
0.573400
0.901864
1.009368
1.363599
0.978322
0.575183
1.376636
0.490179
0.671987
1.334335
0.292082
1.341828
0.533728
1.186010
1.063676
0.986898
0.501076
0.471539
0.863536
0.817961
1.364269
0.250127
0.760249
1.235349
0.907359
1.035570
0.904940
0.956768
0.945558
1.080472
0.505795
0.862915
0.678029
1.117796
0.949560
0.337634
1.377121
1.046830
0.204793
1.156635
1.075383
1.250502
1.484972
0.641862
0.661182
0.405172
1.204879
1.147235
0.707023
0.802593
0.327363
1.390727
0.756396
1.619980
0.782342
0.556381
0.777849
0.695822
0.807427
0.760994
0.870315
1.065921
1.209447
0.702332
0.771057
0.920196
0.859283
1.086343
0.863984
0.877241
0.693868
0.575250
1.213733
1.083522
0.376493
0.567735
0.716488
0.965445
0.572380
1.106005
0.911384
1.079303
0.573637
0.909448
0.570979
0.691223
1.372500
0.581036
0.793550
0.961439
0.695521
1.401492
0.821160
1.051560
1.081830
0.627604
1.211247
1.167671
1.003714
0.600798
0.203137
0.657639
0.699069
0.987643
1.084029
1.081096
0.470755
0.631753
1.742848
0.718257
0.319805
0.937522
0.375923
0.475049
0.486068
1.180264
1.238317
1.177872
0.968257
1.064326
1.081601
1.347366
1.412870
0.747478
1.164287
0.830312
0.562345
1.056421
0.964771
0.357568
1.347855
1.582520
1.160449
0.887140
1.192600
0.967879
0.904362
0.399354
1.162411
0.978100
0.917882
0.245350
1.058850
0.644621
0.832515
0.774447
0.880839
1.133461
0.550954
0.937891
1.524302
1.546251
1.347417
0.714319
0.752399
1.087660
1.163971
0.283482
0.292272
0.447232
0.755722
0.658429
1.300456
0.865206
0.626623
0.747840
0.718561
0.812279
0.943772
0.268690
0.670880
0.945376
1.561812
1.235931
1.234606
1.319929
0.869330
0.933260
0.781084
0.601296
1.046622
1.079682
0.585623
1.089015
1.341774
1.396413
0.783573
0.671659
0.676931
1.160875
1.694210
1.120251
1.083916
0.725233
0.498350
1.435204
0.936716
0.824663
1.001562
0.837846
1.040618
0.608461
0.635102
0.877949
0.660739
1.156170
0.999709
0.897538
0.684920
1.129013
1.143700
0.438611
0.880522
0.989996
1.028291
0.704145
0.445494
0.251236
0.526756
0.936672
