1.310994
2.317049
0.728977
0.503055
0.926326
1.256463
1.269014
1.397273
1.152346
0.602220
0.651437
1.116758
1.572358
1.330179
1.112401
0.145594
1.058805
2.012196
0.727671
0.508555
0.286667
1.851136
1.426715
1.426115
0.421432
0.214271
0.607942
0.442994
0.115842
0.186974
1.691912
0.209059
1.521382
0.886416
0.057434
0.819816
0.069239
0.090046
0.238242
1.141858
0.127600
0.687006
0.509784
0.632808
0.263394
0.314231
0.171576
0.398579
0.078765
1.305952
1.784300
0.928480
1.021179
0.331315
0.298290
0.928987
0.769699
0.545164
0.987689
1.986499
0.149659
0.653184
0.545356
0.316301
0.331792
2.069010
0.842098
2.415587
0.286824
0.295282
1.421784
1.079099
3.301366
0.176508
0.377057
1.505330
2.281078
1.082263
0.495045
1.899985
0.367460
1.057459
0.905842
0.668230
2.034850
1.726453
0.598486
0.337842
0.427938
2.011496
0.717698
0.239883
0.814914
0.258358
0.576218
1.274400
0.262506
0.979723
0.568033
0.686337
0.135363
0.118449
1.205618
0.140358
0.027290
0.283950
0.156991
2.241302
0.375413
2.152583
0.535396
0.192221
1.171950
0.271778
2.656759
0.924899
1.331181
0.006643
0.487155
0.289227
1.555765
0.910765
0.167005
1.473111
0.835923
1.462049
0.024213
0.337043
0.803407
0.155667
1.439429
0.659916
2.059333
1.112210
1.077823
0.304793
0.535248
1.549406
1.148830
1.999761
0.291047
0.279345
0.471363
2.287504
1.240488
1.251198
1.360707
0.020540
0.616541
1.375966
0.285264
1.469431
0.990110
1.854115
1.931764
0.615163
1.838534
0.674236
1.096687
0.464679
1.286367
0.417694
0.705770
0.625500
1.623059
0.542797
0.191065
1.874127
0.206945
0.717822
0.843890
0.311169
0.630357
2.066295
0.604950
0.022409
0.985684
1.640763
0.368678
1.182892
0.411106
1.654231
1.530640
0.068056
0.230769
0.496602
1.108343
0.478386
0.443533
0.845024
1.215187
0.898016
1.069482
0.671897
0.714812
0.134491
2.334703
0.131670
0.592335
1.562160
0.580616
0.708608
1.424085
0.243163
0.776921
0.503650
0.097716
1.486097
0.470950
0.259088
0.558776
0.683920
0.857875
2.161065
0.762811
2.082290
0.904147
0.831317
0.355563
1.373996
0.198426
0.221319
0.389826
0.426402
2.470669
1.102200
0.582558
1.457815
0.735522
0.028271
1.265608
1.910089
2.286859
0.797605
0.361627
0.853018
1.439778
0.719263
0.836789
0.262148
1.092278
0.369017
0.363270
0.370854
0.209810
0.941827
1.452152
1.195644
0.535413
0.489469
0.217045
1.231302
0.025614
0.793748
0.820630
0.043845
0.088373
0.241042
0.265754
0.625330
0.338388
0.195265
1.454516
0.388656
0.590407
0.456093
0.359703
1.057342
0.903840
1.140027
1.603202
0.737687
0.381523
0.624338
0.481449
0.392628
1.187985
1.487006
0.362783
0.040795
1.430095
1.053981
1.033849
2.237746
0.272956
1.050347
0.528986
1.114961
0.835106
0.263608
0.041033
0.682457
1.234940
2.503977
0.302185
1.230123
1.353911
0.593367
0.629188
0.852769
0.393573
2.115536
1.508271
0.329094
1.365224
0.612182
0.142747
0.542515
2.236328
1.192353
0.253357
0.316305
2.249255
1.860567
1.780007
0.684736
0.542944
0.357119
2.475467
0.285197
1.579635
0.657280
0.264987
0.391163
1.702363
0.577694
0.410861
0.011542
1.524575
0.374634
0.177253
1.062740
1.537074
1.852320
1.493508
0.852519
0.141896
0.232864
0.489479
0.555717
0.661749
2.323004
2.415670
0.325403
2.979713
0.667098
1.747792
0.494872
0.929183
0.382237
0.273231
3.109418
1.657526
0.447179
0.099063
0.873507
1.583252
1.461005
0.374324
0.856605
2.262507
0.132553
0.485314
0.059488
0.809226
0.975988
0.850944
0.289442
0.242656
0.698472
0.254698
0.887272
0.072056
2.307789
0.340992
0.444350
1.272460
0.122093
0.514723
2.006371
0.973342
1.093050
1.105342
0.923643
0.215358
0.770818
0.963767
0.083927
0.902314
1.263334
1.631930
0.351214
0.378960
1.535610
0.916407
2.149704
0.908034
0.480337
0.754941
0.752812
1.821726
2.325193
1.751453
1.025741
1.218359
0.722330
2.465314
0.224300
1.368732
1.830619
1.364539
0.776660
0.870262
1.411303
0.403317
1.617579
0.279950
1.492636
1.011742
0.320882
1.098054
0.272383
0.386024
0.840951
0.610608
1.051204
0.508029
0.546613
1.028114
0.606811
1.204170
1.893065
1.118717
0.973526
0.732798
0.226447
0.156961
0.814788
0.960150
0.527903
0.459929
0.752517
0.737377
0.376372
1.015046
0.936575
0.836013
0.215452
0.258039
0.451386
0.493616
0.816210
1.051199
0.336536
0.218698
0.106434
1.543348
1.440848
0.548288
0.153828
0.436211
0.700603
0.333997
1.545644
1.283679
4.038026
0.256580
0.706069
0.647490
1.827793
1.046700
0.145652
2.222165
1.633825
0.326813
1.292943
0.945780
1.447407
0.897381
1.982492
1.010257
1.551957
2.097050
0.293823
1.549369
1.096088
0.160707
0.712846
1.640063
0.376302
0.874930
0.924869
0.256052
2.936582
2.996631
1.596715
0.098290
0.212139
0.540075
0.079780
1.022352
1.727942
0.215804
1.133177
0.100506
1.253410
1.169747
0.863230
0.792058
1.701943
0.297070
0.457667
0.116927
0.554930
1.839110
1.076099
1.331817
0.298848
1.270272
1.990063
1.060804
1.632438
1.055188
1.419057
1.024940
0.604865
0.398186
0.663448
0.995054
0.454013
1.726975
1.214085
0.300444
1.188349
0.289748
2.530480
0.500652
0.637840
1.268363
0.007774
0.016921
1.245433
0.746484
1.125766
0.112673
1.688831
0.831159
0.813766
0.749641
0.130639
1.996252
0.431565
1.248199
0.230288
2.628237
0.763658
1.485042
0.938789
0.559356
0.481720
1.608356
0.672258
2.250085
0.273701
0.932905
0.569418
1.663491
1.463494
2.659928
1.005682
0.824377
1.024081
3.938332
0.607407
0.362932
0.035414
0.677571
0.389670
1.956356
0.872659
0.544726
0.442733
0.588993
0.946058
0.609830
0.365691
0.154206
1.338681
0.711500
0.822653
0.790763
0.147963
0.012952
0.160477
1.637440
0.464180
1.036486
0.693716
0.859666
0.255786
1.270396
0.463755
0.690965
1.309271
2.113669
1.582422
1.341645
1.287667
0.464797
1.011643
0.271463
0.747821
1.427018
0.493730
0.713043
1.145419
2.560146
1.427350
0.371619
1.604596
0.625190
0.255428
0.863689
2.491971
0.896909
1.687930
0.649258
1.757997
0.464862
0.224551
0.733505
0.805374
1.463809
1.160734
0.991807
0.202704
1.297256
1.659805
0.161629
0.344355
0.015375
0.601979
1.267644
1.395674
0.630561
1.830877
0.585968
1.144118
0.209636
0.196480
0.153206
1.283643
0.507218
2.089127
0.402756
0.246140
0.226094
0.969630
0.487418
0.009275
0.670669
1.707724
0.602015
0.866584
0.426726
0.258579
0.876787
0.523211
0.729281
0.545867
0.377537
2.446588
1.442522
0.915957
1.527470
1.043667
0.635049
0.938591
0.970067
0.315872
0.428150
1.652588
0.297319
0.678942
1.006457
1.765767
0.949785
0.640644
0.760079
2.144502
1.438715
0.590372
0.207421
0.309633
1.466024
0.318415
0.387590
2.262595
0.224999
0.188462
1.039129
1.175625
0.858810
0.674202
0.609314
0.420566
1.658755
2.382527
1.709246
0.476338
0.458429
1.972473
0.648280
0.953092
0.406555
1.816404
0.976293
1.211198
0.004089
0.347669
0.602843
2.114119
1.528333
0.807494
0.237558
2.161235
1.390065
0.264183
0.027176
0.173353
0.404863
0.877996
0.159152
0.180827
1.298665
1.048283
0.706190
0.437949
0.293281
0.858425
0.714666
0.409987
1.090884
1.730583
0.104859
0.514203
0.612828
0.441757
1.619640
0.103522
1.384754
0.044655
0.321095
0.201800
0.724725
0.764584
0.854950
1.256419
1.419799
0.757124
1.266197
0.976532
0.908057
0.295343
0.772407
0.050628
1.222462
0.875841
0.557739
1.272786
1.797659
0.009668
0.596098
0.502399
0.678383
0.990588
1.458586
2.001155
0.264327
0.073305
0.446244
0.430027
0.264162
0.426614
0.333622
0.982889
1.613847
0.668952
1.643901
3.068599
1.491106
1.310349
0.780448
0.557134
1.675457
0.468416
0.681820
0.411604
0.630167
1.114555
2.175748
1.202798
0.489971
0.553885
0.856649
0.283884
0.612402
0.125302
0.082322
0.473579
3.495214
0.232410
1.159424
0.240602
0.504071
0.799309
0.392063
0.231423
0.594649
0.059886
1.445126
0.969081
0.060469
0.233860
0.377447
0.071381
1.383100
0.125032
1.467979
0.878616
0.647844
0.595097
0.352564
1.643125
0.185536
0.764631
1.880744
0.880691
1.977084
2.305706
0.552626
0.367392
0.238854
0.062831
0.391912
0.639561
0.806836
1.629524
1.580601
0.511185
2.078697
0.205447
1.676326
1.566568
1.252765
0.343197
3.306684
0.524722
2.214526
3.437462
0.774008
1.352655
1.068985
2.710569
0.430446
0.412229
0.014661
0.816257
0.030062
0.765131
0.381927
0.176293
0.103281
0.585803
1.562531
0.169993
1.176569
0.025650
1.011889
0.270226
2.323416
0.206007
2.058956
0.454583
1.408566
0.852233
0.924307
0.339528
0.218358
0.261208
0.561556
0.202582
0.580033
0.303239
1.307332
0.597603
2.197657
0.162886
1.949291
0.827216
0.302587
0.676327
1.008520
0.084235
1.175420
0.669108
1.674532
0.352041
0.859480
1.683239
0.837928
0.236749
0.824014
0.255661
1.310205
2.365652
1.347429
0.735490
0.177740
1.049641
1.933391
0.552436
0.730893
1.559413
1.372949
0.480085
0.596630
0.269781
0.238668
0.554143
1.649116
0.869936
2.765800
0.542347
0.677719
0.420199
0.290242
0.909238
1.090738
0.301674
0.013638
1.004811
0.131568
0.520829
0.764841
0.054410
1.185981
1.211036
0.531705
0.635317
0.183314
0.483929
0.221325
0.657237
0.113920
0.792658
0.287782
1.169668
0.057914
0.492543
1.191444
0.407203
0.450789
0.947735
1.615768
0.506604
1.114869
1.648776
0.674698
0.222167
0.656904
0.024194
0.450921
1.289044
0.802531
1.829468
0.688180
0.947691
1.203790
1.581028
0.394973
2.557554
2.241835
0.240088
1.597100
0.353803
0.763375
0.798640
1.266417
0.480737
0.058828
1.044242
0.127582
0.440209
0.262980
0.708500
0.399784
1.147729
2.265900
0.104587
0.614166
1.615582
0.246657
2.143763
0.474550
0.123234
1.015272
0.130872
1.243196
2.192609
0.660802
0.346312
1.281350
0.685076
1.077954
0.495780
1.277734
0.793537
0.645965
0.804080
1.288947
2.801095
2.254406
1.134028
0.420689
0.924352
0.634506
0.659506
0.286199
3.023048
0.666439
1.096087
0.018294
2.476084
0.264388
0.526285
2.371238
0.604803
0.440708
1.854104
2.056934
0.746744
0.451583
0.872275
2.105079
1.062947
2.380074
1.048336
0.423385
0.942858
1.951268
0.812610
1.047039
1.841641
0.289221
1.472393
0.858089
0.908891
0.584486
1.517286
0.027606
0.231379
0.362825
0.650418
0.235478
1.248781
1.514073
1.650510
0.412289
0.226513
0.266890
0.195683
0.521468
0.191543
1.329832
1.356989
0.667195
0.061240
1.275728
0.201710
0.186833
1.693802
0.243621
0.075647
0.724217
1.374316
0.806394
1.400038
1.062345
0.525542
0.822019
0.378844
1.760665
0.459804
0.432096
0.511393
0.317868
0.810799
2.729839
1.174500
0.313509
0.447231
1.063607
1.366901
0.138686
0.893063
2.229783
0.784555
0.330509
0.802485
0.344223
0.899788
0.144673
2.164148
0.911859
1.091755
0.268403
0.210977
0.072005
1.433893
0.604370
1.245003
0.996765
0.691795
0.070008
2.275906
0.860180
0.424928
0.874813
1.003249
0.698793
1.180039
0.383866
0.225008
1.610192
0.959866
0.405766
0.519777
0.151727
0.304406
0.269082
1.510433
0.612525
0.478238
0.940290
0.099140
0.894458
1.951705
1.464105
0.322428
0.210937
0.888475
0.518042
0.402346
1.615803
0.505484
0.776045
0.016483
1.494411
0.159743
0.022656
1.013119
0.801893
0.978572
0.950439
0.175371
0.848082
0.946004
0.620439
0.928704
0.424750
0.248976
0.190593
1.229195
1.661759
1.188608
1.623793
0.927681
0.412646
0.098729
1.373261
0.526404
2.443480
0.920673
0.230722
1.172874
2.047874
1.572855
0.488938
2.033091
0.123228
1.002971
1.507753
1.528390
0.543983
1.941449
0.776910
0.140598
1.116064
1.390809
2.752261
0.287861
1.260194
0.939735
1.183053
0.520498
1.073305
0.391478
0.455631
0.409279
0.287368
1.107817
0.032197
0.395407
0.538782
1.911532
1.386365
1.114962
0.778415
0.653680
1.916348
0.431234
0.958057
0.841468
0.736587
0.357378
0.792789
0.240299
0.124878
0.424972
1.672102
0.938904
0.047540
2.436089
0.694915
0.291884
0.442680
0.267896
0.736199
0.763308
0.052704
0.023796
0.328866
0.824335
2.364083
2.360762
0.556974
0.110089
2.029092
0.095284
0.673536
0.941833
0.314072
0.770577
0.331480
0.804919
2.619192
1.212608
0.485058
0.571877
0.485974
1.378113
1.612883
1.604915
0.138251
0.757573
0.016995
1.534097
0.358402
1.122007
0.475910
0.691329
2.442970
0.725951
1.610418
0.412592
0.219200
2.490125
0.791978
0.199634
0.079822
1.799809
0.592553
0.255882
0.473663
0.724363
1.546904
1.111888
0.806754
0.645666
1.871455
0.656625
1.101220
0.847368
0.598125
0.587669
0.293743
0.251606
0.257554
1.700757
1.212662
0.283794
1.036228
0.454516
0.542360
1.060559
0.471179
1.709547
1.325786
0.073328
1.245445
1.778827
0.198746
0.853877
0.024407
0.104721
0.750046
0.331213
1.942551
2.284499
0.624099
0.510599
1.082139
0.342863
0.716236
0.901327
0.040951
0.939624
0.238657
0.088486
0.456766
1.626169
1.775007
2.145587
4.311832
1.799681
0.763511
1.581451
2.211446
0.917132
0.179692
1.196149
1.905959
1.199795
0.645245
1.698527
0.662134
0.642198
0.369003
0.312421
1.562489
1.325776
1.045412
0.378202
2.465121
0.960317
0.176129
1.076311
0.822524
1.855991
0.609390
0.513952
1.281702
1.539115
2.104086
1.220679
0.175434
0.942673
0.757133
0.435447
0.082843
0.775929
0.967050
0.608300
0.234209
1.755461
0.681462
0.753486
1.041823
0.401166
0.308603
0.231414
0.383287
0.695865
1.468525
0.641826
0.557705
0.922459
0.068566
1.060976
2.400464
0.630231
0.715329
0.470051
0.416127
1.026902
2.321239
1.446047
1.052482
1.572804
0.494804
0.276486
1.486595
1.399409
0.550211
1.151086
2.329671
0.616315
1.911423
0.599256
0.533074
1.653957
2.057153
0.467055
0.927707
1.471608
0.485726
1.178541
0.600635
0.430165
0.288103
0.346341
1.074593
0.917580
1.664860
0.455517
0.382009
1.524841
3.116357
1.307766
1.880781
0.686431
0.166402
0.073415
0.676433
1.167964
0.945249
0.103665
0.292096
0.222635
1.064265
0.590003
2.030832
0.324420
0.800084
2.550392
3.209092
1.171071
1.192166
1.883784
0.350732
1.219070
1.556684
0.172251
1.833311
0.650857
2.431642
0.200814
1.565072
0.888828
0.401053
1.454452
0.575470
1.402304
1.979752
0.564255
0.090876
0.744452
1.186535
0.716953
1.277056
0.543519
0.632564
1.359326
1.341205
0.640598
0.192205
0.551132
0.375378
0.688857
0.601161
0.393832
1.131509
1.418189
0.986735
0.321494
1.354826
0.526187
0.702472
1.009572
0.264988
1.554204
0.975618
1.995387
0.842910
0.601480
2.044785
0.804730
0.209721
0.420816
0.877116
1.651134
1.077125
0.822720
0.137748
1.084692
1.608132
1.015374
1.951940
0.476756
0.958914
0.416441
1.150256
0.540411
0.078440
0.222811
2.114219
0.288714
0.062291
0.135956
0.211142
1.014751
0.767686
2.533437
0.264514
0.212624
0.506819
0.850414
0.516053
0.133812
0.253195
0.914213
2.212456
1.226632
1.711079
0.053196
0.599347
0.026371
0.145078
1.180077
0.385708
1.409830
1.569575
0.389270
1.066046
0.193865
1.609770
0.176252
1.854899
1.556663
0.990165
1.724351
2.341881
1.946698
0.033114
0.317418
1.579422
1.420137
0.797902
0.723079
0.517787
0.769046
0.741669
0.430742
1.339550
0.276957
0.683875
0.578478
1.201572
0.448362
0.123864
0.657668
1.109860
0.785178
0.531315
0.398438
0.319463
0.482279
1.572871
0.183960
0.411298
2.191377
0.375023
1.308304
0.290735
0.386522
0.474446
1.291074
1.617956
0.003384
1.355406
0.381229
0.578304
0.782000
0.770543
2.165265
0.375476
0.291226
0.476021
1.721367
0.061471
0.726395
1.220844
1.800043
0.534115
0.388464
0.103021
1.371585
0.556356
0.335525
0.188580
1.198447
0.274224
0.227511
2.485670
0.603660
0.398341
0.786283
0.703819
0.395361
1.698253
0.573857
0.243648
0.559984
0.073999
0.043648
2.684934
2.382291
1.934894
0.269923
1.173591
0.522350
1.040211
0.110783
0.464870
1.002628
0.846948
1.724375
0.573271
0.626199
1.370375
1.099780
0.923448
0.328610
0.119757
1.089222
0.443831
0.430069
0.990047
0.549700
0.202570
1.527131
0.242449
0.802772
0.722338
1.219448
1.047900
0.457011
0.728999
1.981970
0.365663
0.707196
0.516296
0.524773
0.632286
0.219165
0.550383
1.083582
0.232850
1.118103
1.219832
0.245908
0.688557
0.281145
0.319429
0.894051
1.079505
1.053211
2.114733
0.844087
0.892768
0.783425
1.132381
0.666372
0.781323
0.568394
0.821231
1.424699
0.571666
1.234064
0.575234
0.348612
1.020976
1.813837
0.214037
0.370884
1.558148
0.799706
2.800861
0.749116
0.147898
1.555228
0.257897
1.004726
0.556905
0.139512
0.126566
0.712543
0.305970
0.036456
0.948667
1.517407
0.455153
0.296037
0.768736
0.162801
0.740683
1.321347
1.735418
0.566729
0.635748
1.633375
1.254534
0.764903
1.292602
0.254352
0.112122
2.499011
1.088629
1.825005
0.176965
1.605879
1.635631
0.115899
0.217702
1.177635
3.023074
1.117902
0.596114
0.221584
0.246514
1.213468
0.771423
1.645804
0.727650
0.700089
0.608009
0.931980
1.734528
0.920365
0.945662
2.812305
0.867878
1.653588
0.205306
0.386330
0.198105
0.945494
0.349846
2.269673
0.767704
1.340613
0.166494
0.549160
2.114676
0.690460
0.663241
1.652167
0.527452
0.895572
0.195129
0.238621
1.469946
0.173614
1.237096
1.739375
0.294836
0.216536
0.990626
0.451542
1.688535
1.308420
0.037355
1.096638
2.095364
2.353035
0.616059
0.917169
0.841735
0.765589
0.396495
0.597350
0.549334
0.788489
0.346936
1.110387
1.275697
0.903218
0.879209
0.189597
1.163337
1.155692
0.702692
0.575753
1.046417
0.394778
1.943476
0.884117
0.240499
1.488010
1.061662
0.662240
2.552054
0.123811
0.835801
0.599473
0.669011
0.246414
1.625253
0.558259
0.360295
0.913332
0.867913
0.335892
0.817744
0.716042
1.332335
0.643968
1.589340
0.175654
0.127449
1.321488
2.273829
0.522338
0.224801
1.783989
0.702974
1.756475
0.602290
0.076154
0.048971
1.154313
0.328712
0.650578
0.627105
2.009912
1.591221
1.852025
1.953794
0.384722
1.727532
2.612302
0.712236
4.026053
0.226190
0.836554
1.008764
0.355330
2.644747
0.870079
1.733501
1.303271
1.676535
0.964522
0.992629
0.519287
0.292337
0.651078
0.040123
0.706330
1.477075
0.532343
0.221613
0.249491
1.130679
0.598611
0.359952
1.506834
1.217287
1.110113
1.268728
2.025320
0.387251
0.332887
0.566000
1.643087
0.151088
3.462986
0.509618
1.138994
0.380928
0.696741
1.954025
0.509602
0.803278
0.781624
1.591592
0.455650
0.528297
0.833335
0.144731
0.921450
0.470535
0.286528
0.772611
1.466980
1.282951
0.689826
1.045114
0.485016
0.897106
1.414084
0.837699
0.233543
2.178383
0.344349
0.735802
1.826194
1.043641
0.231204
0.756288
1.214675
1.051730
1.197199
2.763394
0.705232
0.817566
0.842914
1.679697
0.831625
0.863743
1.263054
1.084802
1.220009
0.812756
0.501822
0.544774
0.205131
1.007386
0.843142
1.487387
0.496583
0.605414
0.520922
0.541323
1.865881
0.050212
1.322317
0.515649
0.086893
0.416868
2.451864
0.168794
0.035647
0.482799
0.058727
0.230015
0.175689
0.848200
1.060367
2.684735
2.440216
1.945308
1.584594
0.664622
0.478217
0.182895
1.163712
1.306224
2.287516
1.732619
0.490177
0.465793
0.389354
0.715399
0.664702
0.964119
0.707521
1.182008
1.506666
0.671338
0.233266
1.536879
1.595537
0.438714
0.967054
0.860889
1.207981
1.132525
1.300379
0.411690
1.686142
2.632016
1.922843
0.762856
1.131643
0.065283
0.235279
1.834820
0.398608
0.737725
1.374220
0.346043
1.791663
0.442294
1.148529
0.223720
0.162057
1.087852
0.706781
0.442262
2.981440
0.976068
0.521617
0.627478
0.965358
0.452061
0.835459
0.266167
1.502680
1.113562
0.774303
0.956643
1.872079
1.016289
0.201124
0.474646
0.336371
0.712513
1.279467
0.782006
1.713035
1.269299
0.290193
1.883880
0.540338
0.843518
1.069771
1.081535
1.376164
1.023750
1.275173
0.486595
0.810562
0.811810
0.250779
0.412229
1.155444
1.337418
0.289817
1.350979
0.552886
0.125515
3.621423
0.208053
0.412805
0.422237
0.999256
1.845738
1.251124
0.997043
0.199264
1.244376
0.567625
0.699309
1.104618
0.677222
2.175939
1.237378
2.811015
0.519327
2.141825
1.231418
2.486980
1.753703
1.679408
0.668580
1.810425
0.498658
3.253913
0.568461
1.210089
0.149190
0.586326
0.241458
0.996229
1.016550
1.097855
0.302408
0.937581
1.481802
1.410115
1.101878
1.078065
2.306806
1.371110
1.819423
1.325507
0.678206
1.041545
0.906468
0.791872
1.407161
0.659964
0.604194
0.628776
1.802772
1.320097
0.424885
0.867192
4.781020
1.735401
1.266885
1.048365
0.396158
1.598985
0.115873
2.286899
0.053308
1.800536
0.449372
0.155819
1.223647
1.931336
1.046347
1.963163
0.718807
1.130708
1.071086
0.352924
0.747047
0.976326
0.658059
1.790837
1.862298
0.571460
0.611208
0.417343
1.233139
0.231318
1.129035
0.449528
0.690289
0.696344
1.847059
1.346316
2.842708
0.817486
3.738075
0.389614
0.057330
0.769209
0.708796
1.410137
0.398027
0.163358
0.411019
1.010953
0.532303
0.216344
1.145892
1.628630
2.183684
0.763278
0.232219
0.883079
0.212310
0.530784
0.665509
0.789302
0.323019
1.334728
0.658077
0.042942
0.936584
1.179280
1.315433
0.420176
0.296929
0.847141
0.811339
1.035809
0.250638
0.333121
0.774766
1.038947
2.086449
0.616297
1.721878
2.950740
1.247429
0.207806
0.075048
0.374974
0.389482
0.720450
0.761520
1.196666
1.336913
1.251973
1.821235
0.299968
2.113532
0.497504
1.102453
0.253939
1.279504
0.161924
0.287374
1.587243
0.958945
0.531454
0.248692
0.760875
1.315684
1.671857
0.748107
0.079052
0.638851
0.461801
0.877838
0.429761
1.289835
0.913302
0.057437
0.417889
0.104074
0.420022
2.602407
0.302901
0.125391
0.016716
1.492038
0.924892
0.837699
0.039849
0.868849
1.155010
0.323741
1.104266
0.267319
1.032540
1.247336
0.753074
0.235322
0.847898
2.241132
0.893864
0.161105
1.074006
0.864796
1.066030
0.230907
0.384967
1.589552
0.455648
0.911690
0.815231
0.878195
0.921779
1.050894
1.802729
0.891052
0.278527
0.476935
1.295469
1.041965
1.574429
0.487073
0.990354
1.441824
0.313751
0.407471
0.677046
1.025089
0.377107
0.012960
2.186567
1.467658
0.275602
1.961646
0.804928
0.447354
0.660041
0.398533
0.222890
0.523235
0.718798
1.005398
0.483001
0.929948
0.298962
0.546549
0.591026
0.996207
0.963338
1.894056
2.951863
1.593194
2.644097
0.534420
1.264108
0.808839
0.252785
0.933683
0.251601
0.741541
0.812382
0.525950
2.178810
0.776445
1.600372
1.190347
0.215291
1.068353
0.570818
1.933994
0.065651
1.676976
1.348778
0.501739
0.162488
0.563170
0.517261
0.776870
1.462758
0.958178
1.454208
0.316240
2.750145
0.680443
1.336072
0.595455
1.086865
1.380994
1.736843
0.447345
0.260347
0.205645
0.254772
0.198078
2.627764
1.977159
1.093278
0.794843
3.439773
0.480712
0.005799
0.528613
1.569348
0.447781
1.001764
0.061128
1.031369
0.419620
1.123570
0.697012
0.877897
0.152209
2.278935
1.250794
0.150247
0.562379
0.166558
1.744569
1.094117
0.282868
0.574098
0.036825
0.791848
1.675344
2.053541
0.292127
1.413656
0.584245
1.157797
0.149120
2.398414
1.085950
1.587232
0.869556
0.412619
0.786759
0.688957
0.460959
0.997840
0.220045
0.374694
1.412165
0.499219
0.186422
0.838776
1.533265
0.330941
0.856066
0.136293
0.559771
1.451538
1.525817
0.245936
2.188653
1.418579
1.045537
0.061962
0.379267
0.401848
1.766569
1.335640
0.834832
2.017156
2.146579
0.871472
0.713870
0.806935
1.314979
0.109350
1.046824
0.352570
0.585296
1.712668
0.583221
0.732534
1.093651
0.509451
1.440851
0.144022
0.023821
0.290051
0.651939
0.504623
0.878367
0.240207
2.103221
0.479011
1.722107
0.953747
0.575540
0.232773
0.307305
0.642962
1.595377
1.883202
0.816730
0.327211
0.125639
1.379989
0.640033
1.535374
2.114210
1.062301
0.535916
0.910244
1.264911
0.962931
0.236260
0.526147
0.559160
0.135194
1.153497
2.915421
0.889485
0.289487
0.340384
0.851169
0.945972
0.403543
0.460404
0.478409
0.759452
0.849846
1.391812
0.269797
0.454879
0.393987
0.593375
1.607749
0.422592
0.544265
0.383811
0.402174
0.202635
0.489115
0.299951
1.200489
1.104432
0.469025
0.058316
0.905345
0.136108
0.784910
0.126293
1.426960
0.037263
0.290223
1.679674
0.075990
1.502117
1.573071
0.964945
0.238642
0.057940
1.843919
2.179654
0.182154
1.330908
0.804514
0.479600
0.806558
0.385196
1.100615
2.191680
2.053200
0.692976
0.613596
0.476579
0.867433
1.341285
1.775616
0.683540
0.518665
1.301653
0.059309
0.111443
0.803687
0.509196
0.440236
0.877992
1.609759
1.153960
1.595623
3.781182
1.619951
0.342767
1.091844
1.484399
0.189292
1.182113
1.669384
0.114873
0.680129
1.431031
0.351208
1.352401
2.399546
0.771782
1.047601
0.585934
0.924608
0.631124
0.231682
0.954611
0.398866
1.109579
0.200181
0.616134
1.319146
1.019427
1.159548
0.402633
1.115695
0.336193
0.436358
0.611641
1.145922
0.122596
0.485752
0.457317
1.758064
0.342114
0.473612
0.975888
2.023609
2.912638
0.369263
2.175348
0.036194
1.795269
0.813367
1.905611
0.345724
1.082465
0.377940
0.584888
0.253866
1.306186
0.493898
2.093619
1.279519
1.369796
0.969993
0.521898
2.388730
1.630337
0.378980
0.884580
0.274757
0.954302
1.824804
0.344589
0.338332
0.430661
0.521909
1.190304
0.700040
0.885269
0.956724
0.309774
0.004278
0.433957
0.830598
0.373664
1.639090
1.202419
1.757686
0.219991
0.678912
0.045318
0.575142
1.412973
1.366864
1.337189
2.403725
0.271789
0.179374
1.164151
0.520251
1.569557
0.082895
0.326712
1.202287
1.327613
0.888516
0.195699
2.158099
1.179585
0.945366
1.228338
0.373843
0.803975
1.976031
0.176068
0.320098
0.517296
0.322811
0.432082
0.637930
0.780079
0.787506
0.183145
0.020501
1.059841
0.245974
0.764225
0.032396
0.639722
0.636206
0.885915
1.116560
0.631836
0.123017
0.791230
0.487299
1.311679
1.165909
1.361008
1.035005
0.735282
1.280389
0.750493
0.217014
1.213289
0.285583
0.771337
0.516506
0.417695
0.144027
0.204727
2.478670
1.915765
0.322025
0.363600
0.979333
1.284148
1.985646
0.664501
1.291412
0.868776
0.110469
1.862727
1.716853
0.969546
0.253946
1.029638
0.772107
0.331813
0.601420
0.152144
1.439640
1.257495
1.215595
2.125932
0.232719
1.034246
1.316192
0.072864
0.015820
0.841969
1.877929
0.321289
1.693130
0.269415
1.388527
0.853319
2.032331
0.830417
4.215254
0.703355
1.996984
2.024279
0.867664
0.140857
0.601201
1.926767
0.136820
0.384219
1.236185
1.444878
0.651541
0.743982
0.881803
0.765413
0.345500
0.315460
1.128895
2.964911
0.885374
1.971959
1.654446
0.140934
0.253749
0.163108
0.614198
2.547965
1.129296
0.342303
1.411065
2.257696
0.625057
0.291641
0.179095
0.195413
0.381854
0.103166
0.663802
2.935926
1.285409
0.444574
0.017165
0.701392
0.912319
0.231963
1.408210
0.688339
1.554131
0.111043
0.175458
0.493025
0.915429
1.674984
0.757819
1.627011
0.751555
2.441721
0.778426
1.388260
1.776289
1.145880
2.106792
0.369117
0.149732
0.361794
1.311761
1.297546
0.994900
0.318186
0.246835
2.150604
1.349494
1.098985
1.178206
1.542069
1.986710
1.072398
0.531962
0.150741
0.856320
1.305090
1.059909
1.024878
0.417581
1.270370
3.193131
0.873764
0.278894
0.470044
0.505582
0.208218
1.151264
0.284556
0.500325
2.041390
0.120734
1.458506
0.866718
0.385374
0.415686
0.775864
0.805861
0.402447
1.053722
0.005063
1.144996
0.306829
0.642984
0.197758
0.822346
0.388729
0.162746
1.192974
0.403814
0.199907
0.461144
0.141292
0.351810
0.249370
3.063702
0.296653
0.139584
2.509310
1.972307
0.128127
0.127247
0.003980
1.040180
1.122865
2.055968
0.778605
1.239887
1.560125
1.476271
1.184077
0.263180
0.672074
1.297349
0.477824
0.629131
1.074022
0.569101
1.705101
2.703340
0.061378
0.780652
1.754609
2.432204
0.216476
0.601207
0.452052
0.430351
0.610751
2.142441
0.085110
2.366246
1.164585
1.044934
0.854239
1.046754
1.678301
0.164852
1.640823
0.819166
1.181168
0.322964
0.428969
0.606549
0.574287
0.744096
0.777191
0.446099
1.947067
0.885589
1.810878
1.110948
0.617574
1.363182
0.999013
0.045979
0.629624
1.542116
0.376914
0.157848
0.501389
1.015019
0.911154
1.619552
0.625733
0.496194
0.197111
1.102656
0.770153
2.095326
1.205241
0.485907
0.459245
0.249387
0.008162
0.986616
0.162266
0.867816
1.807636
0.444395
0.844474
1.727916
0.497828
0.043305
0.303665
0.785293
2.342318
0.800677
0.379183
0.734298
0.112109
0.824205
2.170971
0.101124
1.187678
1.264822
1.967920
2.986073
2.601526
0.428967
0.566961
0.232910
0.301120
1.540473
1.032040
1.206860
0.527855
0.046960
1.730776
1.242925
0.325169
2.244249
0.614287
1.436624
1.594461
1.062784
0.057000
0.354689
0.612308
0.642828
1.258631
1.507605
1.109997
1.266576
0.322856
1.789912
0.678459
1.012794
1.567497
1.032843
1.097161
0.998627
0.878985
0.539402
1.110491
0.217052
0.189562
0.482609
0.869568
0.764180
0.756044
1.179332
0.383886
0.295055
1.005635
0.596091
1.413486
0.280028
1.251823
0.522215
0.608639
1.598561
0.922478
0.416304
0.114875
2.246393
0.797800
1.777395
0.983792
0.906023
1.366725
0.900908
0.621122
0.270981
0.373331
0.437178
0.038980
1.083004
0.372759
0.560276
0.942880
2.154788
1.064904
1.004127
0.292492
3.260211
0.193476
0.202336
1.510760
0.292548
1.376469
0.870908
0.277812
0.193393
0.928642
2.183243
2.000816
1.106758
0.451769
0.564365
0.784798
0.225756
1.522998
3.367751
0.268479
0.309965
1.227527
1.007490
2.132600
2.228034
0.321799
0.445787
1.483047
1.021870
0.125538
0.505848
0.200415
0.359713
1.498113
0.610537
0.299150
1.176447
0.392118
1.081105
0.179331
0.730120
0.726492
1.084896
0.513982
0.202484
1.728053
1.379683
1.625418
0.506172
0.501776
0.063450
1.251867
0.909717
1.120647
0.526240
0.269063
0.204125
0.710179
2.516737
1.024507
1.101042
0.953896
0.205187
1.235086
0.466124
1.610459
0.569733
2.345504
0.188992
1.841324
0.910905
1.000965
1.245380
2.724480
0.405984
3.975137
0.049630
0.617381
0.448951
1.766150
0.467214
1.972362
1.089301
0.298470
1.460827
0.705218
0.777234
1.134530
0.692739
0.731448
0.763061
0.775089
0.452522
2.021854
0.152644
0.630488
0.227604
0.690248
0.406885
0.493016
0.343045
0.241824
0.890375
0.046785
1.748969
1.183802
2.298023
0.445615
1.124359
1.013328
1.679917
0.659344
2.793860
0.595445
0.512957
1.638559
1.633893
1.038819
1.810699
1.196581
0.155338
0.130913
1.420633
0.157452
1.349242
0.774401
0.267336
1.210514
0.934189
0.564515
0.344725
1.249907
0.224205
0.066424
1.531395
0.665555
0.722289
1.698566
0.654924
0.298104
2.107427
0.089555
0.595532
0.437360
0.367664
1.329010
0.277232
0.333159
1.126231
0.756361
0.610391
0.806983
0.398394
1.397396
1.040440
0.255806
0.998449
0.591592
0.218318
1.861644
1.366739
0.507266
2.648874
1.329490
1.269705
0.660450
0.139168
0.825728
1.167488
0.440599
0.211936
1.784843
0.720104
0.586730
1.049751
0.205872
0.398861
0.536373
2.469090
0.121010
1.018945
0.818838
0.351617
0.519432
1.292386
0.885722
0.425813
1.075319
0.960389
0.160967
0.379015
0.140462
0.092600
0.526956
0.446026
0.695262
0.322295
0.466003
0.361051
1.206348
0.243661
0.449285
0.699212
0.203677
0.321901
0.887518
1.264868
0.753175
0.993079
0.083500
0.647854
0.788292
0.136478
0.308412
0.055997
1.042387
0.865614
0.794078
0.742550
1.048012
0.020948
2.159087
0.770353
0.872777
1.377676
0.120607
0.176066
0.127351
0.763625
0.024556
0.357851
0.742222
2.023176
0.479768
1.875751
0.297592
0.601484
1.864322
0.570034
0.330712
0.700009
1.208961
0.378776
0.482632
0.205491
0.308340
0.364113
1.000286
1.274356
2.305127
0.821316
0.472985
0.689659
1.517378
0.127183
0.222249
1.694228
2.003674
4.213834
1.180948
0.500850
0.457024
1.350752
1.465821
1.013365
1.251140
1.295167
0.441339
0.958016
1.563362
1.189228
1.252635
1.086463
1.326672
3.246978
0.132955
0.663956
0.560770
0.058260
0.046101
1.394399
1.636287
0.622536
3.372070
1.034753
3.609021
0.430077
0.947517
0.981119
0.220402
2.416619
0.866160
0.201240
0.215635
1.241655
0.917845
0.411727
1.077287
1.050598
1.404774
0.314824
0.671042
0.687806
2.482976
2.411537
0.707988
0.246489
0.399021
0.107004
1.263200
0.966855
0.947900
0.078499
0.974426
0.814007
0.811283
0.300989
0.227611
0.853651
0.337654
0.518117
1.512553
0.246382
1.390375
0.545341
0.691536
0.156865
0.527806
0.459521
0.065432
0.862423
1.948306
0.247151
0.435602
0.093631
0.454812
1.976990
0.210838
2.627131
0.407173
1.714249
2.974066
0.169481
1.479058
2.680672
0.824537
0.696251
0.405255
1.004391
0.964531
2.009132
0.071021
0.868817
0.781757
0.384574
0.384974
1.586480
1.267197
0.759996
0.415355
1.309674
1.063967
2.591274
0.751576
0.423120
1.465393
0.678339
2.249443
0.429337
0.692958
2.460855
0.697245
2.302926
0.940079
0.800913
0.392712
1.314173
0.404516
1.753014
0.285602
1.622275
3.676766
1.039141
0.215031
0.646931
0.524233
1.331996
0.774689
0.584446
1.623485
1.280503
0.518967
0.082716
0.412499
0.569465
1.688239
0.750965
0.981980
0.495966
1.975655
0.731789
1.221294
0.390383
0.465696
0.302239
0.615385
0.168539
0.065274
0.709938
0.895514
0.569174
0.472282
0.708660
0.949355
0.327191
0.480677
0.089129
0.079543
0.114709
0.307334
0.759417
1.345511
0.837535
0.918656
1.026092
1.037807
0.057031
0.396231
0.423333
0.668230
2.540526
0.641683
0.517256
1.692433
1.681339
0.493252
1.436609
0.095675
0.673372
0.277689
0.641830
1.286777
0.894104
1.391731
0.476496
0.830305
1.274681
0.351116
0.238573
0.485836
0.836458
0.274095
0.062019
0.329754
1.166622
0.893971
1.253902
2.254240
0.182688
1.105704
0.708966
2.303528
0.490817
0.363401
0.083919
1.236581
0.749467
2.048246
0.635741
0.257520
1.317505
0.381891
2.655394
0.663643
0.666592
0.786879
0.808020
0.407973
0.873088
0.348761
0.408697
0.542994
0.843848
0.312040
1.432051
0.107316
0.391610
0.293435
2.775980
0.537617
0.184752
0.764417
0.695137
0.141196
0.059608
0.687294
1.978442
0.046936
0.756023
1.032290
0.766978
0.761983
1.342057
0.548349
1.278427
1.090939
1.392000
1.253354
2.223143
2.083051
2.180766
1.265966
1.895272
2.911334
0.787909
0.667462
1.856214
0.553848
0.961118
0.291555
0.773372
0.103377
0.990218
0.258037
1.966442
0.095835
0.894110
2.109053
0.147184
0.546347
0.609546
0.097973
0.282532
0.374051
0.018998
0.539450
0.713834
0.246420
0.649697
1.806479
1.040211
0.444718
0.714406
0.436492
0.809671
1.220087
1.242089
0.506044
0.888297
0.311777
0.079014
0.711513
0.485229
1.078914
0.525498
1.903987
1.098550
0.348466
0.644594
2.966142
0.387689
1.019821
1.022308
0.823224
1.617409
2.612988
2.093501
1.001459
1.202925
1.888288
0.382997
0.743778
0.462026
1.238322
1.859675
1.444680
0.825403
1.408812
0.612197
0.836847
0.270789
0.378801
0.705703
1.013781
0.578583
0.855876
0.132968
1.098189
1.176135
0.516218
1.154152
1.338714
1.309006
0.971218
0.809720
1.718436
1.160160
1.063407
0.203586
0.093833
0.578015
0.275672
0.481509
0.436410
2.485570
1.223237
0.391924
0.909998
0.902531
3.690588
1.383910
0.876465
1.541891
0.435558
1.166588
1.548664
1.026285
0.215621
0.757848
2.712044
0.129243
0.889627
0.171246
1.427036
1.166821
1.086386
0.348493
0.517949
0.237198
0.287248
1.529952
0.637725
1.103684
0.518050
0.186679
0.266688
0.569550
