1.104762
1.002203
1.614768
1.006117
1.140115
0.338923
0.646016
0.127173
0.388010
0.514325
0.615761
0.146031
1.525007
1.156108
0.490966
0.504793
0.507955
1.068960
0.133553
0.890683
0.687339
0.629206
0.811525
0.330738
0.012905
1.837057
0.487742
1.637340
0.683147
0.590957
1.211376
1.350816
1.025328
0.706128
0.344672
0.640278
0.300376
0.554996
1.998611
0.094065
0.436746
2.676237
0.821981
1.649240
1.863200
0.188086
1.603073
0.833896
0.159121
1.421834
0.033016
0.859669
0.711839
0.722954
0.390929
0.546194
1.416854
1.704629
0.698221
1.095332
0.436364
1.147950
1.407096
1.068164
0.732444
0.625920
0.533126
0.398021
0.907112
0.834971
0.444196
0.695963
1.097331
0.130845
0.866364
0.693040
0.987262
0.805510
1.055605
1.158208
1.168592
0.175390
0.452835
0.611296
0.695643
0.641860
3.053274
0.921371
0.503724
0.159346
1.476174
0.989536
0.818753
0.472471
0.714735
0.975757
1.304431
0.229232
1.111887
1.614633
0.739494
2.417885
0.618826
2.205323
0.595354
1.755321
1.980390
1.165535
1.026683
3.402422
0.858411
0.817063
1.253272
1.126901
0.125314
0.622336
1.170524
0.732744
0.334738
0.013035
0.784291
0.671297
0.936850
1.033209
0.591712
0.545655
0.778770
0.145873
0.236365
0.120234
0.993398
0.386547
0.472506
0.978128
0.589301
1.649042
0.518764
0.747374
1.102748
1.202444
1.573330
0.538381
1.311562
1.380441
0.351340
1.113796
0.366903
2.648681
1.516590
0.342230
0.921886
0.591605
1.341498
1.649931
0.393584
1.279481
0.395200
0.205031
1.053893
0.811891
0.256788
0.471511
0.035797
1.416844
0.853269
2.100099
0.292037
1.554537
0.094338
0.362039
0.519417
0.453962
1.038934
1.296012
0.685156
0.666521
0.668610
0.247617
0.594359
0.495327
0.518974
1.173536
0.655322
2.509749
0.850274
0.877647
0.679002
0.771024
0.413745
1.039816
0.466705
0.887286
0.866783
0.197683
0.375655
0.915250
0.797446
1.686868
2.383122
1.238236
3.263745
1.132903
0.462013
1.114129
0.684517
0.297401
0.469770
0.774182
1.451799
0.396312
1.164661
1.010822
0.652983
1.689029
1.479259
2.138498
1.337534
0.309367
0.803493
1.362362
0.992391
1.320719
1.350619
0.634209
0.323246
3.422020
0.855333
1.354648
0.378561
0.274205
0.727628
1.332582
0.216121
2.095463
0.664008
0.269782
0.075330
2.172614
1.509627
1.819225
1.530742
1.734817
1.298561
1.305073
0.059440
1.636753
0.389864
0.279702
0.461336
0.929893
0.788240
0.440850
0.111111
0.891251
0.383317
0.975950
1.619073
2.021306
0.592345
0.706407
1.053405
1.355048
0.676069
0.780019
0.237836
2.499049
0.284927
1.051259
1.648392
0.411179
0.116013
1.076454
0.749710
0.323888
0.161720
0.181822
0.198966
0.905360
0.395901
0.498246
1.166323
0.159940
1.145239
0.517202
1.857968
0.849070
2.260007
0.786302
0.660636
0.178981
0.349056
0.775888
1.673367
0.586266
0.590228
1.366982
0.322101
0.418874
0.327594
1.121433
1.805576
0.204343
0.283158
0.512584
0.696737
0.458193
0.831179
0.889352
0.536891
0.892648
0.455645
1.295016
1.572025
1.405932
0.774617
0.720341
0.481717
0.755154
0.978338
0.364573
0.613277
1.347774
2.009254
0.299014
0.769798
1.811855
0.631145
2.177079
0.501910
0.914073
0.640000
1.672646
1.020119
0.505420
1.275373
0.585857
0.065599
1.799473
1.096663
0.227255
2.592655
0.375891
0.475423
0.345593
0.912301
0.108650
0.876041
0.363613
0.375013
0.466273
0.979829
1.176120
1.458508
0.352444
0.175843
0.032225
0.178145
0.340271
0.484822
0.381208
0.105064
0.125672
0.423280
0.788704
0.411333
1.219332
1.509350
0.838952
0.875463
0.521172
0.426492
2.800349
1.170926
1.830517
0.219507
0.842869
0.765223
0.384989
0.033023
0.342503
0.271825
0.778349
1.269892
1.426307
0.220942
0.142082
1.253448
0.774172
0.943259
0.786245
0.510224
0.433183
0.141635
0.947162
0.274493
0.479517
0.508000
0.283026
1.352767
1.276955
0.183685
0.465452
1.280490
0.570758
2.327504
0.882351
0.126163
1.507608
0.160973
0.466966
0.772981
1.349733
0.530005
1.317773
1.791298
0.467459
0.809212
1.139926
0.357811
1.071375
0.212007
1.146198
2.374244
1.230700
0.649173
0.484952
0.571974
0.262387
1.929243
0.628315
0.489443
1.033908
0.217594
0.682267
0.264177
1.277971
1.417486
0.288160
0.825900
0.020431
0.267119
0.497697
0.615777
0.031876
0.139917
1.074242
2.646534
0.114401
0.780267
0.362810
1.101574
1.268082
0.398760
0.269892
0.243379
0.605766
1.287660
0.338076
0.264585
0.610834
0.765257
0.931185
0.353180
0.394586
0.228733
0.053093
0.918138
0.667340
0.722007
0.369974
0.147737
0.485068
1.033533
0.817146
0.288748
2.238878
0.971968
1.038308
0.128615
0.952146
0.054461
0.483577
1.375735
1.561435
1.683468
0.442750
0.855770
1.034698
0.742925
0.733683
1.897261
0.463622
0.970339
1.235124
1.414911
1.173794
2.980705
0.272477
0.350225
1.505249
0.432874
1.450960
0.240774
2.026442
0.372466
0.564244
1.376184
1.731425
0.970412
1.026428
1.083288
1.474815
1.468163
1.634472
0.416736
0.538636
2.918355
0.241257
0.362075
0.477671
1.249827
1.418417
0.529217
0.154958
0.715381
0.804379
0.201017
0.309429
0.887413
1.450031
0.865932
0.520542
0.480201
0.546745
0.495077
0.461479
0.226979
0.715449
0.442714
2.821653
1.441977
1.282577
0.705096
0.826143
0.427869
0.132787
1.395780
1.240766
0.342311
1.342951
0.351778
1.305052
0.467181
1.026415
1.435492
0.902498
0.734601
1.347491
0.536673
0.480923
0.505547
0.837952
0.193951
0.664821
0.768169
1.899007
1.941987
1.742790
1.363681
0.527175
0.694169
0.637965
1.683685
0.302584
0.448586
0.951287
0.623372
1.060974
1.049885
0.393104
2.918788
0.232770
0.652103
0.599433
1.310443
1.296485
0.595801
0.550680
0.691031
1.188904
0.640527
1.368560
0.608746
0.898895
0.950139
0.536742
0.759285
0.640382
0.355415
0.592207
1.171661
0.667746
0.384269
0.327527
0.452653
1.420647
0.953965
0.508883
1.306368
2.006133
0.503659
1.565718
0.926739
0.832708
0.463369
3.182558
0.775156
0.431276
1.025722
1.666188
0.788549
1.649396
0.617322
0.600878
1.093513
1.710734
1.105741
0.124327
0.242224
1.266833
0.449609
0.404361
1.678218
0.367755
1.055688
0.523656
0.876340
0.231260
0.808987
0.368667
0.146651
1.077777
0.479439
1.567441
1.927168
0.984911
0.868799
0.869591
0.677376
0.316277
0.615599
0.225237
0.704321
0.504542
0.329780
0.755609
1.549231
0.209559
0.931720
0.163150
2.382755
1.926678
1.677889
0.525387
0.233654
1.858140
0.888289
1.342577
0.115418
1.613840
0.768482
0.742242
0.908590
0.751515
1.361210
0.742984
1.043116
1.373670
1.027423
0.340312
0.802832
0.743307
1.346340
0.393299
0.908494
0.453299
0.793308
1.693341
0.393329
0.597812
0.310512
1.426054
0.404278
0.790302
0.424730
0.428655
0.732116
1.012467
0.616080
1.894178
0.229153
0.530197
1.340573
1.440531
0.062438
0.920682
0.569613
0.877499
0.117450
1.237016
1.515223
2.229604
1.770371
0.431622
0.884612
0.710498
1.347950
0.428079
0.439969
0.276373
0.106234
1.492311
1.156315
0.303564
1.499291
0.742161
0.192620
1.159045
0.182015
0.182699
1.112369
1.481955
1.591055
0.432793
0.508900
0.222312
0.657293
0.981705
0.178440
0.437975
1.311843
1.199544
0.222414
0.065388
0.613499
0.266889
0.725306
0.790264
0.335631
0.592400
0.803039
0.558840
0.434978
0.264849
0.238353
0.814270
0.245703
0.255167
0.611651
0.906030
0.333700
0.303274
0.603928
1.707554
0.070091
1.025589
0.370545
1.077597
0.617584
0.623577
0.645322
0.536245
0.759406
1.217292
0.400934
0.319774
0.770535
0.510305
0.487607
1.628067
1.038368
1.197213
1.292983
1.730425
1.818226
0.346805
0.297142
0.412402
0.860835
0.794659
0.594428
0.578766
1.258135
1.467143
0.848488
1.130495
2.825167
1.681535
1.177553
0.481995
1.131321
1.371851
0.898508
1.038251
1.118389
1.366640
0.472974
0.272675
1.043241
0.162960
1.022634
0.548111
1.605486
1.080730
0.399367
0.930847
2.085195
0.457732
0.986790
1.137247
1.400768
1.500790
0.352716
0.123302
0.981264
1.589982
0.576563
0.807471
1.633246
0.856490
1.505934
1.061598
3.476995
0.273509
1.496339
1.364005
1.853228
0.373940
1.106025
0.331906
0.510681
1.898851
0.725053
0.635528
0.145916
3.340556
0.325008
0.672074
1.080052
0.865823
1.054477
0.342352
0.802508
2.915051
1.575916
0.353834
1.128467
0.380911
1.234367
1.441621
1.414062
0.711230
1.049859
1.544501
0.091469
0.626599
1.210920
1.101948
1.838840
1.582565
0.213543
0.458238
0.223388
0.859950
0.473021
0.038529
1.661433
0.215343
1.323538
0.744163
0.430811
0.887907
0.978665
1.157629
0.269794
1.056713
0.368877
0.930727
1.313530
0.529144
0.578305
1.338364
0.244933
0.051207
0.538904
1.048324
0.195147
0.886346
0.912726
2.101517
1.392803
0.609330
1.971677
1.034213
1.686989
1.211139
0.834930
0.689577
0.481894
0.896261
0.109258
0.301801
1.101351
1.261380
0.788871
0.448515
1.041492
0.769790
0.675219
0.542149
1.190284
1.706687
1.147399
2.825559
1.177150
1.905836
1.517419
0.597908
0.494919
0.917263
0.770130
0.887765
0.765329
1.762503
1.370509
1.384843
0.578586
0.997433
2.238999
1.195725
0.648579
0.252613
2.303310
1.456200
0.860818
0.875515
0.877953
0.265559
0.582839
0.580329
0.559765
0.829339
0.346345
1.257653
0.644116
0.456125
1.551036
0.045841
0.561827
0.665386
0.640299
0.349001
0.340386
0.792625
1.673811
0.638664
0.054948
1.733942
0.407353
0.947163
0.412506
1.054848
1.931954
1.979422
0.711592
0.949166
0.784633
0.226011
1.259683
1.507889
0.338542
0.437092
0.599832
1.159142
0.700805
1.479637
0.308135
1.178590
0.630533
0.540476
0.476936
0.818042
0.714102
0.684458
1.377227
0.838141
0.854081
0.284790
0.884507
0.866152
0.881748
2.587071
1.134796
1.541305
1.379527
0.676734
0.152663
2.328970
0.633526
0.599205
1.100269
1.862398
0.139381
0.525044
1.924896
0.606328
0.184566
1.995494
0.647022
1.508208
0.461106
1.271979
0.484494
1.088001
0.999737
1.857702
0.257053
0.408280
0.611422
0.291277
0.068841
0.219311
0.566746
0.765071
0.565291
0.277258
0.930993
1.005868
0.315060
0.875414
2.217385
2.867473
1.510834
0.273912
0.686288
0.767091
1.820834
0.691446
2.574985
0.539070
0.187577
0.094244
0.466362
0.645503
1.538806
1.427864
0.221727
0.823040
1.048714
0.343676
1.645792
0.145417
0.743057
1.225334
0.884807
0.911950
1.014573
1.594604
0.415836
0.554931
1.769731
0.243174
1.085690
0.748451
0.700818
1.622023
0.370794
0.665246
1.631092
0.699608
1.613175
1.251216
1.213000
0.673496
1.640901
0.821423
1.004935
0.241312
0.629378
0.654750
0.324456
0.622192
0.489603
0.954977
0.331020
0.988809
1.141634
0.075062
1.812923
0.478132
0.520312
1.152424
1.152827
0.973052
0.896361
1.374496
2.695757
0.083467
0.469143
0.889765
0.014135
0.185175
1.766355
0.893463
1.198369
1.104556
1.012489
2.453630
0.176918
0.622256
0.547051
1.179342
1.708539
1.773656
1.203381
0.919999
0.396293
0.450805
2.807898
1.917104
0.306271
1.047449
0.803699
0.872392
0.437037
0.332488
0.644176
0.415254
1.264928
0.925413
0.300919
0.746851
0.531696
0.660634
0.635780
0.943086
0.263585
1.418295
0.700141
1.303587
1.491767
1.251725
0.726990
0.744215
2.846053
0.713864
0.193362
0.876276
0.788803
1.494382
0.759568
1.149763
0.198223
0.681279
1.940329
1.764251
0.172370
0.880840
0.409519
1.539448
0.303747
1.934419
0.441619
1.132062
1.370076
0.267067
1.686340
0.394317
1.293536
1.600507
0.143935
0.398277
1.738228
0.912480
0.356743
0.796680
0.934157
0.553893
0.792326
0.533280
0.567833
0.431983
1.341121
1.256072
0.322558
0.205973
0.788149
2.131671
1.492611
0.594746
0.411459
1.879021
1.601858
1.114398
1.260867
1.224900
1.542032
0.858654
0.174949
0.854717
0.072244
2.816682
1.793902
0.686262
0.809808
3.603756
0.302246
0.736464
0.383130
1.042393
1.497408
3.058842
0.713453
0.128009
0.676336
1.147827
0.901090
0.325720
0.832267
0.248864
0.930479
0.726538
0.357302
2.124598
0.454270
1.789258
1.288239
0.832370
1.144298
1.514061
0.826729
0.109109
1.360376
0.812844
0.346699
0.940601
1.821610
0.351550
0.568344
0.605771
1.181963
1.328708
0.820222
0.728634
0.214222
0.606374
1.174418
1.773300
0.268972
1.652086
2.097697
0.990294
0.778581
0.284828
0.428236
0.354965
0.719573
1.138776
1.507227
0.533740
0.097004
0.096643
1.026772
1.475234
2.212387
1.642605
1.231119
0.310513
0.397578
0.551167
2.264634
0.444179
0.821950
0.963675
1.904375
0.711255
1.819643
1.671128
0.541841
1.178100
0.325229
1.809387
0.784706
0.664601
1.001446
0.406578
0.566156
0.551970
0.932432
0.268649
0.291430
0.588406
0.207777
0.492966
0.298277
1.554841
1.930634
1.092987
0.755115
0.748593
0.174893
0.437560
1.834911
0.091722
0.517224
0.502221
1.013007
0.946336
0.156392
0.550184
0.225879
0.215303
1.041181
1.509939
1.172320
1.408133
0.337346
0.824714
1.679884
0.111621
1.705948
2.069768
2.925489
0.360988
0.767745
1.865615
0.746228
1.194774
0.232575
0.382897
1.589231
0.601561
0.595973
1.028728
0.264387
1.788145
1.043089
0.653106
0.752750
0.610734
2.177381
2.000989
1.108224
0.865749
0.264767
0.452252
0.841354
0.290803
0.657416
0.639819
0.472943
1.429575
1.463319
0.158926
0.865669
1.736463
0.687205
0.951755
1.114227
0.950720
0.393432
0.116115
0.824962
0.319711
0.321943
0.952348
0.584573
1.844434
0.110208
0.753973
0.260200
0.509656
1.288183
0.565506
2.339571
0.285899
0.554466
2.361253
0.464376
2.264657
1.141426
0.847095
1.270736
0.921483
0.729015
0.326733
0.536451
0.924071
1.965134
0.611200
0.640921
0.520180
1.051335
1.754480
0.538289
0.325960
0.357060
0.738413
2.225192
0.733017
0.743259
0.906529
1.837435
2.150557
0.618212
1.598000
1.346439
1.621950
0.826102
1.581660
0.268316
2.012792
0.239076
0.422694
2.254879
0.612776
0.411059
0.843619
0.642295
0.703955
0.915141
0.899039
1.562706
0.916333
0.444237
1.106313
1.499823
1.276730
0.058453
0.989320
1.555641
0.315728
0.693316
1.386476
0.297504
0.712205
0.213903
1.323945
1.977163
0.947729
0.227215
0.221062
0.907902
0.516164
0.465639
0.400728
1.300182
2.234569
0.729141
0.776101
0.436925
0.824442
0.953770
1.066294
0.804611
1.324416
2.286630
2.818391
0.240367
0.347569
0.916338
0.034663
0.096018
0.431990
0.112212
0.262154
0.791522
0.650830
0.958023
1.555379
0.438627
0.356507
0.307509
1.479661
0.976714
0.363773
0.539928
0.255043
1.352369
0.553300
1.015792
0.499343
0.774618
1.681562
0.577357
0.766370
0.692069
1.108363
0.825390
0.384042
0.932021
0.147269
1.207843
0.421420
0.966873
0.329112
1.058438
0.456483
0.802107
1.757316
1.422862
0.398700
2.247120
0.913279
0.973428
1.158366
0.274875
0.907483
0.978484
0.822875
1.624920
0.964395
0.495664
0.222667
0.486627
1.489540
0.913544
1.577794
0.387829
0.220541
1.165500
0.852387
1.195518
0.660300
0.294792
0.195291
0.216813
1.341355
1.633546
0.687275
0.803126
2.199729
1.324169
0.400907
0.853273
0.829369
0.297384
1.988164
1.179453
0.933491
0.623867
3.789165
0.283970
0.131348
0.525705
0.707851
0.599226
0.637664
1.686088
0.236352
3.627657
1.659550
0.259998
0.655121
0.826135
0.995993
0.669073
0.214299
0.084411
0.555040
1.020199
1.278562
0.427436
0.403300
0.679863
1.554881
2.744500
2.429424
0.032395
0.550846
0.809851
2.441821
0.856350
0.671871
0.164722
0.280762
1.112647
1.724478
0.957069
0.339306
1.423871
0.868369
0.168107
0.201899
0.788387
2.688423
0.422581
0.392526
0.059218
0.616403
1.071554
0.474527
0.280395
0.029765
0.228598
0.069016
0.497866
0.747443
1.148477
2.494781
1.541869
1.467142
0.914243
0.103893
0.998406
1.187610
0.429112
1.250967
0.014324
0.364698
0.591804
0.654742
0.371140
1.499817
2.037522
0.250789
3.477716
0.640332
0.232334
0.209036
1.005564
1.163832
1.670652
1.716322
0.343424
0.728329
1.710326
0.849464
0.330863
1.387870
1.158607
0.998708
0.748845
0.050516
1.149205
0.285710
1.007461
0.796409
0.535571
1.260356
1.478254
0.798748
0.399022
0.783166
0.718421
0.228989
2.907077
0.622163
2.313526
0.522898
1.241500
1.175689
0.177484
0.309671
0.598854
1.521674
0.040614
0.588104
1.889625
1.392721
1.189709
0.488846
0.775848
0.487704
0.186394
1.361404
0.756671
1.131808
0.483308
0.694847
0.444007
1.731039
0.422663
0.865636
1.897482
1.595276
1.325563
0.573241
0.650370
0.493297
0.214917
0.233344
0.813843
1.018480
1.509032
0.345463
0.181905
0.890876
0.603004
0.215053
0.628100
0.203983
0.978820
0.180831
0.192405
0.939127
0.343742
1.267357
0.779448
0.642462
0.699482
0.196371
1.038691
0.057782
0.891818
1.371372
0.413249
0.771245
0.400318
1.643190
0.484701
0.804605
0.532068
0.099059
0.260335
0.592573
1.025166
0.382274
0.605851
0.356884
0.781452
0.832459
1.168974
0.505124
1.476636
2.197670
1.493277
1.528549
0.126190
0.256903
0.911172
0.138332
1.260899
1.194708
0.860941
0.382225
1.194042
2.185371
0.566409
0.845720
0.840706
0.749249
0.941560
0.616745
1.776148
0.310811
1.179891
0.069936
0.795631
0.492839
1.999625
0.215616
0.832477
1.390228
1.802661
1.171531
2.021293
0.725674
0.828551
2.320029
0.355356
2.084314
0.165039
0.351898
0.037355
0.156721
0.598010
1.066060
1.198910
0.074136
0.406101
0.165965
0.872036
0.197563
1.314278
0.915731
1.104751
0.768786
0.913024
0.886560
1.219011
0.922096
0.932380
0.226877
0.848590
0.341158
1.591226
1.506549
0.504969
1.218628
1.476021
2.946251
1.007215
0.659625
1.216125
0.532506
0.110631
0.593885
0.519937
0.307567
1.173477
0.743740
0.513630
0.801978
0.526864
0.652076
1.382389
1.238402
0.433642
1.785314
1.233410
0.257772
0.656469
2.137795
1.146794
0.927126
1.449797
1.486350
0.769234
1.505655
0.453755
0.165703
0.819886
0.374956
0.084549
0.423516
1.390599
1.847963
0.992981
0.176491
1.735106
0.592864
0.526764
0.536949
1.527206
0.301025
2.380446
0.753719
1.207519
2.235151
0.573205
0.412377
1.315237
0.144599
0.082743
0.109930
0.151663
1.018997
0.783907
0.061006
0.605520
0.218150
0.659629
0.322384
1.070585
1.298802
0.126933
0.721310
1.316611
0.383714
0.085642
1.809038
1.190013
0.712865
1.173563
0.885178
1.207328
1.068624
0.813630
1.449576
1.380201
1.020857
0.827531
0.168938
1.059698
2.658496
0.760983
0.957207
0.702645
0.915805
1.887475
0.700626
0.498196
0.326359
0.288789
0.184353
2.645026
1.658219
0.068087
1.303781
1.157063
0.352862
0.717993
0.712026
1.229078
0.520873
0.642750
3.489327
0.401207
1.619047
1.830634
0.561948
2.315276
0.389732
0.877788
0.187176
1.013635
0.797192
1.337907
1.277010
0.794948
0.121234
0.357059
0.418210
1.039354
0.128465
0.582377
0.562341
0.091211
0.849653
1.769654
0.500905
1.748224
0.593619
0.201640
0.287178
1.303696
1.282649
0.054611
1.110111
1.958394
0.432648
1.193672
0.702337
2.943921
0.882706
1.362564
0.191273
1.455970
0.304126
0.237967
1.467484
1.198835
1.044100
0.012404
1.015136
1.770365
1.638591
1.457278
0.600183
1.036826
0.421293
0.228437
1.850829
0.357226
0.320177
0.716241
0.461705
1.412374
1.870742
1.242454
0.484136
1.004072
0.889457
0.706302
1.974339
0.699432
0.985963
0.751288
0.766115
0.339379
0.277650
1.203033
0.971312
0.819320
1.215940
0.620154
0.565482
0.472034
0.278601
0.764930
0.420889
0.121389
0.048236
0.931870
0.497362
0.386883
1.345789
0.153932
0.780543
0.556229
1.223573
1.094377
0.549682
0.415929
0.274173
0.285560
1.092095
0.766924
0.058065
1.261145
0.753108
1.264857
0.827996
0.412699
1.016979
0.895826
0.751526
0.384336
1.360388
0.369036
0.262997
2.233620
0.932892
1.762216
2.274980
2.512347
0.820611
2.477372
1.085950
0.284155
0.560990
1.716637
0.708861
0.562603
0.312977
0.627570
1.162879
0.850564
0.568386
1.244754
2.394925
0.414498
0.176894
0.219799
0.567592
0.798683
1.008836
0.524639
0.267759
0.331827
1.090724
0.653963
0.208696
1.563619
2.021057
2.289092
1.061136
1.301024
1.380455
1.190582
0.366936
1.015855
0.855374
0.229328
0.125631
0.877230
1.254129
0.288400
1.915717
0.523686
0.035217
1.525413
0.853896
0.215280
1.171662
0.920864
0.289572
0.578929
0.241269
0.661919
0.571622
0.194747
0.274224
0.721414
0.914061
2.277345
0.258297
0.447878
1.748369
0.814591
0.575044
0.178991
1.559084
0.108916
2.996279
0.162819
0.141559
0.727340
1.361010
0.490441
1.335417
1.451300
0.576253
0.738933
0.066967
0.399437
0.383870
1.503115
1.817356
0.127010
0.710944
0.837069
0.239084
0.483206
1.363698
2.233931
0.612627
0.091915
1.033770
0.899438
0.730354
0.760322
0.841957
1.984572
0.483473
1.229167
1.681543
0.653035
1.975240
0.426543
0.172412
0.956804
0.147568
0.342973
2.196772
0.183474
0.680339
1.129819
2.859616
0.624601
1.108205
0.244476
0.532126
0.139084
2.504658
0.557202
1.139084
0.604465
0.436630
1.019768
1.963969
0.327937
1.890098
1.503610
0.785715
0.168933
0.310358
0.212967
1.282046
0.746477
1.073369
1.732917
1.068732
0.673921
1.098930
2.037603
0.471568
1.349021
1.773429
0.318858
1.293762
1.019346
0.277353
0.454934
1.116376
1.059112
0.549356
1.933574
1.943631
1.297921
0.480778
0.681415
0.631630
0.963271
0.665052
1.608471
1.918723
0.560977
1.630705
0.130310
0.780853
0.363871
0.209695
0.351507
0.140131
0.852608
0.020018
0.573105
1.093283
0.751437
1.727248
1.121309
1.860724
0.838454
0.933359
0.093325
0.380201
0.690166
0.661882
0.317326
0.101387
1.964804
0.206985
1.099922
0.663190
0.864331
0.126260
0.634194
0.644919
0.512606
0.074408
0.496422
0.993392
1.405342
0.466809
0.385134
0.599682
0.213756
1.274614
1.080372
2.170579
1.004931
0.179043
1.651820
0.690397
0.454266
0.873553
1.161103
0.570914
0.836811
1.049939
1.067987
0.082686
0.089726
0.782156
1.629703
2.421864
1.963419
0.676848
0.996261
2.043743
1.268945
0.911856
2.195213
2.308772
1.712339
1.418023
0.947493
0.210729
0.822804
0.296582
0.757291
0.719934
0.491307
1.442482
1.234227
2.635058
0.290007
0.173934
0.356208
0.289494
0.284324
0.209198
0.963136
0.922849
0.154616
0.509126
0.605350
0.885875
0.407777
1.100186
0.193893
1.159906
0.855349
0.412027
1.483196
0.885384
0.721831
1.058515
0.845313
0.304252
0.993515
1.716121
0.663335
0.451594
0.276013
0.173828
0.869671
3.343340
1.541593
0.210270
2.097621
0.701521
0.597660
0.480555
2.425423
0.351298
0.717024
0.950610
0.377814
1.727105
0.698043
1.535698
0.524028
0.694593
0.822558
0.826016
0.341383
0.864730
0.024899
1.192984
1.306463
1.388092
0.311548
0.683861
0.587902
0.141378
1.245213
1.300310
1.187112
1.618707
0.605206
0.696123
0.702274
0.987779
1.383691
0.207962
1.157585
2.306239
1.060243
0.292324
0.191532
1.028955
1.080046
1.463247
0.708634
0.048176
1.481806
0.410012
1.240641
1.138270
1.492509
1.638527
0.792790
0.425709
0.816464
1.161362
0.508357
0.798370
0.837729
0.607865
0.942042
0.915920
0.760818
0.674538
0.631264
0.455052
0.246520
1.141283
0.520676
0.683672
0.948440
1.306769
0.302545
0.404282
0.434129
0.014078
0.644340
0.942843
0.625170
0.083848
0.687720
0.364285
0.412291
0.754728
1.526477
0.921000
1.254123
1.808759
0.784772
1.274551
1.885504
0.747870
0.375901
0.575872
0.535681
0.152094
0.902701
1.511776
1.469383
1.470661
0.369438
0.774256
0.791222
2.300343
2.258115
0.384629
0.925433
0.815082
0.204943
2.818913
0.184521
1.172490
0.467880
1.421964
0.431936
0.581435
0.632071
0.543888
1.102094
0.950286
0.217646
1.443599
1.055664
1.568211
0.422491
0.930772
0.091452
1.232850
0.646467
0.536694
0.147338
1.106452
0.656357
1.042242
0.357555
0.407748
1.201180
2.118455
0.797576
1.352550
0.918750
0.504024
1.702237
1.363874
0.557733
0.585455
0.988751
1.882784
0.631506
1.548199
0.908425
0.776966
0.785110
0.129184
1.125937
0.841861
0.973320
0.192651
0.130520
0.811927
0.612306
1.415648
1.425185
1.005792
2.280893
0.235406
0.154532
0.069003
2.320355
0.192564
0.339767
2.207503
1.213645
1.070714
0.630734
0.874613
0.913443
0.225104
1.757824
0.820065
0.329890
0.215006
0.811362
0.219257
0.177404
0.207723
1.723149
0.373663
1.159095
0.092418
1.090382
0.163219
1.274857
0.438944
1.036603
0.877275
0.043730
0.593827
0.667470
1.008343
0.767809
0.365996
1.476173
1.324628
0.013554
0.674008
0.594285
2.155493
1.317562
0.211021
1.251308
0.410314
0.487658
2.086515
1.501682
1.940740
0.098932
0.457158
0.536635
2.568950
0.396006
0.503779
2.325307
1.449367
0.949841
0.392825
3.452470
1.735374
0.329831
1.026984
0.905587
1.210869
1.219420
0.947388
0.352075
0.557253
1.845600
0.132057
0.673722
1.535340
1.510165
0.814116
2.054253
0.963735
1.320142
1.312758
1.318833
0.010530
0.582833
0.834311
0.651465
0.756421
0.257627
1.485210
2.119308
0.133279
1.396454
0.988446
1.231266
1.878829
1.137049
0.373659
0.860507
0.314344
1.333481
0.770756
0.858157
1.169037
1.196602
2.453404
0.799174
1.797415
0.501328
0.716510
0.193666
1.492425
0.607574
1.948675
0.386688
0.648614
0.032836
0.090404
1.092131
0.474064
0.500972
0.896381
0.152757
0.640328
0.663007
0.264380
1.072641
1.006954
1.585415
0.176279
0.403888
0.295449
1.072927
0.589153
0.504650
1.370108
1.541620
0.347218
2.524848
0.710146
0.070497
0.288357
0.430446
1.659535
0.760784
0.815168
0.535026
0.994628
0.735874
0.078175
1.890789
1.232630
1.222581
1.466463
0.830977
0.830383
0.512392
0.561452
0.998130
0.162305
1.037461
0.730515
0.700036
1.047202
0.394878
1.752542
0.378471
1.145165
2.003097
0.971578
0.309921
0.980877
0.599010
0.558880
0.559838
1.659271
0.356052
0.068470
1.041439
0.498133
0.507283
1.862916
1.393545
2.893547
2.565001
1.283327
0.128536
1.169060
1.765379
3.138499
0.301471
0.860334
0.508458
1.300861
0.341839
0.872272
0.708417
0.346583
0.993695
0.308643
0.294063
0.897670
0.889812
1.346591
0.901221
0.863077
0.231870
0.314201
0.419537
0.849666
0.278320
0.880648
0.536871
0.701210
1.916555
0.330089
0.555683
1.691357
0.290379
2.184895
1.567492
0.099078
1.001543
0.253447
1.347671
0.022035
1.089550
0.851218
2.823087
0.416971
0.862467
0.352308
0.424749
0.114897
0.468594
1.281435
0.523886
0.826598
0.766464
1.430337
0.074226
0.557496
0.838143
1.242670
0.636905
0.295743
0.289319
0.412329
1.433318
1.284732
1.045252
0.451025
1.719352
2.028061
0.945905
0.834389
1.041420
0.670003
0.713681
0.501153
0.316569
2.125391
0.863077
0.572863
0.222848
0.124017
0.932691
0.364968
0.926825
0.944435
0.997931
1.215088
0.726653
1.853058
0.728381
0.559147
1.564511
0.124020
0.580554
1.010695
1.487193
2.692985
0.658622
0.904869
0.870032
0.328123
0.453672
1.203990
1.107345
0.931493
0.386118
3.429249
0.483380
0.439498
0.157835
1.053446
0.099883
0.826717
0.486603
2.274365
0.562612
0.141233
1.979284
0.692281
2.440608
1.678514
0.386975
1.890064
1.047594
0.450774
0.696215
0.863563
0.210870
0.757115
0.024682
0.963219
1.035046
0.507066
0.238465
0.614764
1.188948
1.653446
0.977744
0.552509
0.387861
2.695703
0.361327
0.035329
1.397396
1.069005
0.252080
0.496276
0.216978
0.701078
0.388423
0.103175
1.399512
0.612160
1.290310
0.896990
1.807410
0.393292
0.668183
1.601244
0.950291
0.090784
1.225558
0.109487
1.495328
1.282222
0.753429
0.425571
0.936667
0.566861
1.128076
0.205579
1.123705
0.679879
0.963646
0.762408
1.030251
0.805765
0.487422
0.100065
0.044133
0.072223
2.073713
1.958445
1.695787
0.873479
1.377236
0.020170
1.630205
0.010587
0.542797
1.094161
1.242284
0.709125
2.685996
0.976796
0.135015
1.115944
0.200108
1.588927
0.830881
1.358122
1.673700
0.248041
0.411488
0.454181
0.062306
0.680635
0.590320
0.667132
2.233537
1.895294
0.514474
1.595497
1.334347
1.018853
1.333567
0.899822
0.494246
1.232185
1.126725
1.121885
0.645795
1.390025
0.876591
1.602146
2.430238
0.413728
1.026359
0.325659
0.409730
0.123419
1.669536
1.311212
0.810217
0.502999
0.625765
0.799240
3.364082
0.942978
0.905769
0.549268
0.298417
1.294845
1.108080
0.392638
1.117381
0.929566
1.711991
1.248986
0.010511
0.476547
1.200788
1.340745
0.730820
1.151957
0.934349
1.598142
0.359445
0.729956
1.277183
1.258616
1.761545
1.187107
0.492449
0.897548
0.980049
1.012988
2.369596
0.903807
0.531179
1.858883
0.693742
0.912801
0.284490
0.473901
1.071997
1.444205
0.962044
0.320206
0.416029
0.696339
0.963721
0.866764
1.268826
0.583254
0.661854
0.601554
2.131814
0.267159
0.398992
0.548538
1.638409
1.135262
0.454060
1.779509
0.709627
0.442936
1.856304
1.159642
0.384360
0.807981
0.399201
0.930461
0.047654
1.081255
0.437713
0.770535
1.937752
0.042414
1.323311
0.411825
0.971653
1.619583
0.475604
1.164493
1.112952
0.615686
0.683521
0.253585
0.293092
1.081547
0.234420
2.010338
1.070014
0.921115
0.640406
0.444835
1.357531
0.714255
0.344187
3.057207
0.165244
0.338683
0.887371
1.165489
0.365230
1.482372
2.230814
0.900669
0.983182
1.544747
1.602570
0.835542
1.309000
0.987266
0.563086
0.838212
0.181779
0.097159
0.380721
1.154945
1.052510
0.394709
0.248355
0.847714
0.105148
1.125190
0.658236
0.546532
0.602842
1.946493
0.581200
0.337234
1.297499
0.062200
1.494721
2.108653
0.372967
2.353112
1.207253
0.444096
0.103995
0.398749
1.065546
0.199988
0.844048
0.449246
1.216324
0.899240
1.216094
0.226257
0.277834
0.691694
1.808572
1.372163
0.633975
0.583466
0.558476
1.546872
0.861743
0.319093
2.473354
0.874755
0.724436
0.500569
0.095688
0.492929
0.998666
1.036763
1.267449
0.141844
1.173058
0.149215
0.192920
2.161344
0.268822
1.944143
0.915316
1.212257
0.809930
0.299385
0.720498
1.279885
1.302729
0.599642
0.819332
0.338739
1.700716
0.791251
0.402552
0.149659
0.119685
0.513214
0.574267
0.134654
0.531047
0.162556
1.786724
0.977345
0.344589
0.643932
0.695511
1.081149
1.259232
1.104817
2.030397
0.614845
0.439126
0.408469
0.661047
0.526821
0.360616
0.287442
2.152941
3.768599
0.549056
0.920039
0.673584
0.588600
0.527791
1.366664
0.348824
0.834977
0.886369
1.509319
0.907183
0.975125
1.522020
0.835569
0.755067
1.014753
1.969564
0.209928
0.873580
0.286234
0.759772
0.917856
0.396338
0.509464
0.345857
0.738699
0.817489
0.177980
0.842979
0.608725
0.746152
0.297193
0.021245
1.759536
1.066239
1.314550
0.233877
0.346976
1.795761
0.408233
0.724060
0.272020
0.807880
1.416850
0.259364
0.217058
0.873214
0.282873
0.539202
2.161136
0.877661
0.605485
0.772699
0.639590
0.287842
1.610235
0.546574
0.114653
0.791082
0.725330
0.621319
0.272514
1.283310
0.757550
0.909281
0.567767
0.322889
0.887269
0.886845
0.597355
0.607822
0.572166
0.516012
0.403996
1.407184
0.224189
0.925887
0.675019
1.425033
1.573025
0.935067
0.678270
0.207549
0.739489
0.735330
0.153411
1.623665
0.999550
0.808108
0.668269
1.813837
0.604952
0.297550
0.447320
0.765862
0.549305
0.707472
0.353725
0.458266
0.158904
1.263553
2.504353
0.404677
0.184423
1.177864
1.315195
1.572276
1.814552
1.225180
0.367469
0.166814
0.105919
1.658324
0.201465
0.476883
1.217824
0.493587
0.263601
1.631863
2.441382
0.643781
0.234606
0.554574
1.623450
2.771080
0.709528
0.431002
0.796416
0.470801
0.202087
2.179091
0.052635
0.521514
1.447775
1.256739
1.721397
0.025049
1.054811
1.179642
2.091634
1.189695
0.702540
0.587224
1.518923
0.808888
0.306454
0.636995
1.274077
0.115415
0.911513
0.216365
1.243669
1.551968
0.481591
0.739453
0.957639
0.603187
2.286897
0.349556
1.548416
0.303979
0.076709
0.694326
1.221482
0.500738
0.881990
1.191220
0.711109
0.833701
0.563741
0.813433
0.277823
0.984575
0.423049
0.848952
2.004559
0.551072
1.716905
1.353415
0.721722
0.869511
0.319661
0.742607
1.534561
0.320149
1.174024
0.508521
2.010754
0.046801
0.500582
0.216758
0.337644
0.250344
0.781530
1.049842
0.856166
0.856506
0.159296
0.638570
0.944011
1.189227
0.644569
0.262879
1.230096
0.217115
0.920789
0.086687
0.635860
0.850712
1.105793
1.162656
1.034838
0.324565
0.385463
0.932171
1.363529
0.725797
0.388568
0.532152
0.993275
1.743286
0.311266
1.532628
0.376617
0.890703
0.967236
1.591232
0.424201
0.318483
1.248581
0.817560
0.176706
0.648384
1.641508
0.336332
1.702548
1.476310
2.073092
1.341521
0.724813
1.070467
0.824179
0.129489
0.134511
0.296572
1.039868
0.688573
1.449345
1.460265
1.182802
0.259546
0.796547
0.093559
0.393104
0.391524
0.796841
0.399869
0.214777
0.564187
0.592870
0.852129
0.510573
0.690278
0.376517
0.492201
0.280284
1.580208
0.596500
0.508778
0.703119
0.805931
0.719424
1.325879
0.633100
0.552398
0.280001
1.308469
1.531127
0.361618
1.925787
0.964915
0.121555
2.240354
1.012830
0.696209
0.981086
0.453619
1.982868
0.936722
0.030781
0.646785
0.060734
0.846082
3.691681
0.187391
0.933844
0.896481
2.065901
1.033372
0.992722
0.087336
0.746911
0.641905
0.494503
0.476860
2.213802
0.688900
0.818673
1.004124
1.483294
0.578456
0.457755
1.635019
2.281952
0.476175
1.397095
1.042660
1.629646
1.290635
1.153924
0.066774
0.979917
0.633585
0.984799
1.611650
2.073498
1.085889
1.434591
1.598240
0.414516
0.479281
0.678787
0.986868
0.123128
0.399373
3.699715
1.415563
1.975121
1.312388
0.063232
0.096692
0.636041
0.727022
0.685178
0.236199
0.916472
0.830266
0.242215
0.444853
0.993754
0.787915
1.525591
1.423666
0.769221
0.643803
1.258338
1.038412
1.364819
2.457746
1.463726
0.061935
1.099646
0.364712
1.676887
1.003058
0.447327
1.017723
1.478571
0.368527
0.110008
1.483702
0.500136
0.716593
0.574852
0.241578
0.496905
3.467469
1.018103
1.095259
1.741397
0.830093
0.192493
0.144530
0.193891
1.003209
1.678068
1.012224
0.119197
0.385169
1.370711
0.287540
0.664717
2.278422
0.358513
1.330602
1.344092
0.786934
0.460564
0.356641
1.750511
0.413834
0.779152
0.453265
0.706501
2.039682
0.611320
0.391347
1.398335
1.558207
0.070151
1.311509
0.812934
0.201198
0.264031
0.032959
0.853958
0.508948
0.645576
0.939177
1.077388
0.719250
0.325602
0.351553
1.372597
0.180953
1.021040
1.232416
0.270498
1.763152
1.084736
1.347628
0.741325
0.122322
0.988107
0.185537
0.630273
0.795372
1.993556
0.046835
1.209803
1.622612
0.886031
0.744241
1.354296
1.401716
0.683235
0.652560
0.599760
1.208375
1.162727
0.634464
0.035710
2.002375
0.769309
2.869570
0.448615
0.961992
0.338859
2.151818
0.699896
0.306526
0.346371
0.615721
1.393243
0.584789
0.678691
0.840181
1.214675
0.727449
0.797410
1.112957
0.736182
1.609403
0.163121
0.480002
0.639439
0.307485
0.083954
0.925112
0.053031
0.093313
0.026178
0.958569
1.621019
1.102672
1.200890
0.815669
0.557748
0.270049
1.139752
0.270880
0.354581
1.926066
0.654592
0.946933
0.948570
0.420726
0.860817
1.632505
0.428500
2.267935
0.776122
0.189412
0.438325
2.313479
1.314051
0.552896
1.144402
0.744124
1.112470
0.231569
1.154112
0.848573
1.801393
1.408447
0.807117
0.787811
0.402250
0.244858
0.198580
1.747671
1.441667
0.586094
1.002298
0.115566
0.814684
0.628072
0.583621
2.211607
1.005859
1.087221
0.226422
0.682887
1.726438
1.946281
0.527583
1.532576
1.278402
1.144152
1.010598
1.736421
0.674992
0.354737
0.225506
1.282421
0.400722
1.110653
0.244795
1.052874
2.261915
0.987452
0.233469
0.574318
1.030061
0.906716
0.100109
