0.994209
0.984153
0.998866
0.976818
1.001092
0.943306
1.009844
1.021342
0.960614
1.002667
0.961895
0.952180
0.939298
1.003333
0.979166
0.966685
0.981667
1.005728
1.001965
0.898280
1.013476
0.987041
0.933047
1.036010
0.900444
0.948486
0.878944
1.022842
0.932635
0.981696
0.979736
1.015053
0.956939
0.931020
0.909816
1.024182
0.997052
0.989049
0.992499
0.917243
0.966631
0.990791
0.996948
0.981438
0.973423
1.003492
0.947309
0.961608
0.962918
1.016919
1.044190
0.945118
0.948145
0.958348
1.012240
1.011932
0.992311
0.991749
0.997569
0.939698
0.941700
1.010078
0.956430
0.998245
0.947287
1.047064
1.030368
1.009054
0.966390
0.983293
1.015843
0.996659
0.968697
0.998063
0.925021
1.011130
0.990977
0.953839
0.977418
0.984329
1.039412
0.978830
1.026244
0.929431
0.991947
0.975823
1.006585
1.009847
0.949710
1.008739
0.956806
0.989946
1.004079
0.937157
0.969368
0.945913
0.994751
0.974848
0.985813
0.897937
0.957205
1.009874
0.939949
0.982348
1.026969
0.996294
0.956480
0.998857
0.999926
0.987312
0.945156
1.018093
1.000276
1.013098
1.031633
0.977611
1.016696
1.031192
1.002369
0.978268
0.920512
1.032961
0.978753
1.030048
0.995664
0.972606
0.980775
1.022911
1.026919
0.979296
0.915117
0.971275
0.922815
1.015593
1.017787
0.984921
1.002569
1.012733
0.995192
1.007245
0.959750
1.001951
1.032364
1.006978
0.978083
0.912560
0.914171
0.921414
0.918427
0.943508
1.049779
0.990217
0.934531
1.050385
0.863875
1.006884
0.996636
0.894805
0.984538
0.931402
0.962110
1.029852
1.007582
0.955375
1.001750
0.975178
1.044328
1.015600
0.875211
0.997675
1.022528
0.897725
1.033153
0.933023
1.003098
0.982537
0.983678
1.011390
0.821579
0.986760
0.988559
1.041358
0.972531
1.017715
1.018187
1.004071
0.899436
1.034608
0.847748
1.028078
0.943027
0.953588
0.999210
0.969688
1.028924
0.967235
0.966794
0.931067
0.977375
0.995956
1.010184
0.989351
1.010276
1.029190
1.020893
0.966499
0.983736
0.967408
0.995001
1.001562
0.880971
1.018557
1.007026
1.027327
1.008070
0.861319
1.024496
0.968656
0.928973
0.983527
0.979079
0.956951
0.941029
0.982070
0.978137
0.925525
0.961272
0.922997
0.983242
1.008646
1.029888
0.962092
0.943712
0.946097
0.936735
0.966986
0.974779
0.980697
1.004182
1.000809
0.848018
0.977934
0.953904
1.001104
0.985487
0.995163
0.987944
1.013611
0.993093
0.948354
0.964071
1.015472
0.991888
1.023901
0.993784
1.008774
0.998039
0.984487
1.009617
0.975996
1.031525
1.014455
0.937346
0.993680
0.939126
0.953530
1.028399
0.970511
0.964875
0.950407
0.992901
0.980067
0.973697
0.964581
1.016638
1.018452
1.010304
1.030245
0.971379
0.994607
0.966840
1.012564
1.006008
1.019757
1.022093
1.043479
1.020076
0.963864
1.027502
1.031309
1.002119
0.957109
1.030392
1.013171
0.977659
1.010428
1.015031
0.963687
1.021653
0.964920
1.004413
0.974227
1.013847
1.029387
1.029458
0.912601
0.979566
1.007222
0.975450
1.023207
0.886394
0.945472
1.057990
1.026265
0.981458
0.995921
1.015441
1.000888
1.017248
0.960623
0.962146
0.937589
1.016132
1.026524
1.047525
1.007743
1.008010
0.957915
0.990903
0.999153
0.920567
0.970154
0.986261
0.949575
0.958019
1.024306
1.032879
0.980848
0.998155
0.985228
1.020835
0.941103
0.979051
1.017335
0.923769
1.019791
1.016486
1.008126
1.025093
1.013617
0.951253
0.920079
1.031272
0.991020
0.947346
1.033728
0.985006
0.974958
0.982715
1.015973
0.983161
0.973611
0.987904
0.961919
1.033183
1.002449
1.007632
0.993386
0.982632
0.955713
0.991406
0.963826
1.024256
0.981545
1.012019
0.950270
0.983620
0.965317
0.963214
0.993730
1.000903
1.012174
1.043333
0.955055
0.909226
0.972663
0.990891
1.002728
0.979197
1.014123
0.916942
0.993533
0.992326
0.990793
0.963447
0.941190
0.978974
1.040418
1.010277
0.973981
1.049639
0.939100
0.976345
0.977086
1.027912
0.953585
0.997168
0.997926
0.984925
0.995130
0.977981
0.938229
1.032558
0.936439
1.023457
1.000676
0.984961
0.987566
1.008638
0.956582
1.055426
1.049637
1.004493
1.037308
0.981029
0.936322
0.949251
0.993577
0.904844
0.943892
1.013570
1.011882
1.001069
0.993851
0.940832
0.998897
1.011806
0.962787
1.023345
1.022245
0.983931
0.953552
0.983458
0.960864
1.025509
0.963005
0.932402
1.004179
1.015486
1.019488
0.987650
0.934448
0.951984
0.972895
1.004432
1.010300
0.925554
1.017239
0.956609
0.983348
0.999199
1.024604
1.014350
1.006219
0.892390
0.953700
0.923045
1.001836
1.023830
1.009587
0.989384
1.003975
0.949211
0.973392
0.991532
0.995472
1.018261
0.975595
0.943921
0.986617
1.020663
1.009735
0.950524
0.994089
1.025975
0.949317
1.025037
1.005189
1.017732
0.987303
1.005222
1.002853
1.008085
0.983571
1.041493
1.022623
1.015435
1.009281
1.048571
1.007241
0.997778
1.008156
1.013624
1.016990
0.988712
0.922586
1.016289
1.004075
1.004661
1.002125
0.954358
0.991063
0.958222
1.029575
1.010767
0.968975
0.980738
0.984936
0.989605
1.006411
0.926156
0.951552
0.985685
0.950243
0.950150
1.028800
0.991075
1.018378
1.013971
1.057779
1.003165
0.998691
0.934774
1.008793
0.904263
0.978981
1.005254
0.995431
0.987419
0.999648
0.940200
0.988780
0.975144
1.049223
1.027031
1.030507
1.025406
1.012815
1.000093
0.955312
1.013750
0.855787
1.011012
0.920297
0.887298
1.011225
0.965076
1.042469
1.010245
0.919016
1.005776
0.946712
0.981298
0.925936
1.014501
0.964594
0.944526
0.982682
1.033389
1.012528
0.997822
1.009580
0.821822
0.994618
0.974637
1.036240
1.026487
0.966894
0.967673
1.018562
0.984157
0.935387
1.012097
1.019001
0.986063
0.877864
0.966963
0.914872
0.986578
0.927479
0.936534
1.024505
1.005772
0.948802
0.971870
0.966733
1.003871
1.050236
1.050026
1.003736
1.023115
0.999414
1.029496
0.907271
1.051170
0.942134
0.957177
1.035064
1.024303
1.027884
0.988961
0.976573
0.930925
1.006245
1.005129
1.008003
1.004884
1.022464
0.981205
0.997214
1.020466
1.002273
0.979057
1.014320
1.019767
0.943977
1.002550
0.998439
1.036893
1.029845
1.039787
0.991284
0.986800
1.009830
0.987585
1.019707
0.966136
1.011443
0.982180
0.998142
0.996618
0.893839
0.980192
1.012225
0.973030
1.012812
0.965223
0.985755
0.979961
1.021407
0.952195
1.007579
0.972341
0.965145
1.026777
0.940539
1.011117
0.986938
1.028177
0.970979
0.919016
0.991465
0.981948
1.053208
0.924808
0.965607
0.944601
0.962113
1.029341
1.000337
0.954568
1.012598
1.001112
0.982840
0.957061
1.018800
1.016604
1.009394
1.005277
0.994726
0.982357
1.014108
0.922094
1.004917
0.972808
0.958226
1.013031
1.008035
0.973764
1.017104
1.007582
0.996125
0.952303
1.016087
0.903870
0.985651
0.957746
0.974209
0.970820
0.997995
1.017318
0.990296
0.992873
0.951215
0.998668
0.936007
0.953082
1.006694
1.007505
1.014967
0.890964
0.982867
1.016944
1.040533
0.973724
0.957134
1.015434
0.958642
1.015997
0.994860
0.994201
0.969232
0.962139
0.986767
0.988892
1.002391
0.822460
1.022216
1.012113
1.029357
0.944944
1.029971
1.033937
1.010493
0.993712
1.021727
0.962935
0.979200
0.990323
1.011163
1.022442
0.993766
0.993145
0.994830
0.994568
0.982004
0.970489
1.002672
0.945565
0.978298
0.999452
0.994393
1.000398
1.002856
1.002386
0.962057
0.925851
0.927848
0.994013
1.021230
0.986035
1.017444
0.971595
0.941564
1.027336
1.021298
0.978528
1.015822
0.977734
1.028052
0.985226
1.049418
0.960834
0.963540
1.024883
0.988914
1.010854
1.013885
0.995323
0.998054
1.021858
1.016169
0.971559
0.951495
0.968698
1.005289
1.016374
1.011680
0.941420
1.002572
0.977372
0.985527
1.014920
1.028577
1.049231
1.002205
0.981969
0.996239
0.977117
1.000380
0.968714
0.930882
1.024050
1.028018
0.991332
0.960371
0.967086
1.032807
0.913571
1.030899
1.022467
1.032442
0.985013
0.984212
1.013222
0.976085
0.998024
0.998812
1.016743
1.016085
0.944056
0.997953
0.991227
0.920601
0.929434
0.971695
0.992347
0.985818
1.027174
0.915881
0.990876
0.954773
0.978953
0.958075
0.956332
0.958828
0.991645
0.974976
1.002810
0.973653
1.006764
0.942356
0.898069
0.980038
1.009510
0.923995
0.923181
0.978240
0.980218
0.954931
0.936002
0.946134
1.053097
0.986005
0.988171
0.905524
1.009529
1.029130
1.017498
0.982825
0.946495
0.931588
0.960591
0.965772
0.992015
0.984672
0.971902
0.971409
0.947739
1.008030
0.964091
1.000971
0.956991
0.947622
0.969035
0.964787
0.962092
0.919341
0.969925
1.005749
0.985687
1.067107
1.007770
0.949570
1.022527
0.983174
0.991599
0.975389
0.970771
0.967675
0.986999
0.988894
0.996993
1.015434
0.980004
0.944536
0.985895
0.979012
0.983310
1.008018
0.985755
0.997859
0.998614
1.039194
0.994672
1.051562
0.950492
1.034424
0.995708
0.981038
1.021500
1.000505
1.002823
0.923609
1.022461
1.001259
1.008009
0.929009
0.971852
1.047489
1.036606
1.010829
0.988901
0.973237
0.944049
0.919766
1.033581
1.006715
1.006254
0.930494
1.013035
0.924894
1.008820
1.002519
1.011563
0.986320
0.959007
1.002342
0.971672
0.928595
0.964293
0.934249
0.911218
0.938985
1.005336
0.952062
0.962683
1.019669
0.982140
0.943098
1.018542
0.973087
0.981584
0.943638
0.916569
0.993571
1.031631
1.018223
1.038378
0.979408
0.958542
0.958397
1.019014
1.013675
1.007357
0.974176
0.992148
0.991479
0.959048
0.919493
0.980371
0.979143
0.966890
1.032432
0.941735
0.987497
1.007347
1.004470
0.996583
1.013560
1.006952
1.022443
0.964374
1.000776
0.942593
1.021091
0.936052
0.998987
0.949124
0.945473
0.976740
1.005523
0.988226
1.006688
0.937945
1.056112
1.033854
1.011742
0.990211
0.967078
0.985458
1.019489
1.039220
0.993969
1.005420
0.975698
1.019978
0.991084
0.967669
1.045631
1.018812
0.995159
0.956176
1.032871
1.010623
1.017979
0.967569
1.036863
1.024312
0.976060
0.990864
0.963494
0.988740
1.021249
0.976663
1.007800
0.976438
0.998432
0.974372
0.972186
1.049357
0.956355
0.986341
1.010278
0.972127
0.972932
1.031166
0.999660
1.000086
0.958705
0.968701
1.007777
1.038960
0.988609
0.880384
1.028575
0.998742
1.041956
0.981356
0.976186
0.878991
0.950037
1.003409
0.868645
0.948311
0.980655
0.981648
0.954565
0.966106
0.990607
1.002831
0.914554
1.009452
0.950239
1.032827
0.945915
1.034544
1.029247
0.984956
0.949601
1.003649
0.979278
1.031668
0.993494
0.942206
0.979395
0.972834
0.909502
1.011454
1.025646
0.988143
1.023834
0.927694
0.984845
0.983732
0.973744
1.002233
0.977719
0.917994
0.981614
0.962920
0.925466
0.943135
1.019886
1.025380
1.002493
1.026899
0.953466
1.011938
1.000896
0.971236
1.020762
0.975960
0.985210
1.036073
0.903653
0.968121
0.979907
0.885351
0.919442
1.028215
0.995226
0.910053
1.003159
1.029713
1.009506
0.943780
0.979442
1.002723
0.962510
1.029916
1.003025
1.043608
1.040843
0.903266
1.039343
0.995269
1.031604
0.995692
0.999009
0.986430
0.989695
1.032265
1.005462
0.978674
1.021476
1.041603
1.014313
1.000771
0.980188
0.961500
0.982185
1.019559
1.032459
0.948424
1.045530
0.949458
1.020105
0.996956
0.947877
0.963062
1.008505
0.996494
1.002327
1.004294
1.029631
1.014168
0.966607
0.944958
0.984874
1.040829
0.968537
1.040399
0.910698
0.973283
0.934327
1.034363
0.991000
0.985538
0.986995
1.035957
1.012441
1.060295
1.005172
1.008182
0.990211
1.013649
0.988270
0.997750
0.996094
0.984553
0.935440
0.977911
0.904362
0.972047
1.003612
0.993284
0.968480
0.964174
1.002332
0.988339
0.988675
0.976879
0.904191
0.850818
1.002723
1.027048
0.948969
0.972644
0.936069
0.955086
1.017174
0.924758
0.996375
1.033823
1.010467
0.984676
0.990441
0.960777
0.987972
1.007827
1.019795
0.989320
0.996409
0.972720
1.017842
0.965011
1.028807
1.020779
1.007934
0.981230
0.972425
0.908887
0.980684
1.046257
0.983838
0.996416
0.982365
0.999808
0.976343
1.003313
1.023627
0.964651
0.948238
0.975727
0.925846
0.992822
1.001241
0.923593
0.984899
0.921816
1.025667
0.999524
0.962352
0.923979
0.995627
0.971747
0.997251
1.009246
0.995183
0.902264
0.998264
0.956828
1.014637
0.999759
1.030837
0.990481
0.977376
1.032885
0.992880
0.975327
0.956794
0.934818
1.010690
1.033498
1.005219
0.918461
1.014296
1.027744
0.984736
1.002159
1.004347
1.012790
1.012569
1.047998
0.992341
0.898866
0.991128
0.972205
1.048449
0.999889
1.000644
0.982999
1.017389
1.010794
1.006707
0.981820
0.961084
0.970957
1.040511
0.939299
0.956638
0.953464
0.965348
1.013717
1.036618
1.011782
0.991219
0.995891
0.962785
1.021818
1.001271
0.940179
0.924084
0.998421
0.979417
1.006380
0.978641
1.021754
0.995923
0.990238
0.957090
1.021518
0.994630
0.991242
0.923709
0.998820
1.040265
1.020010
1.013674
0.988985
0.983707
1.049769
0.958690
0.970051
0.955988
0.983957
1.018436
0.956292
0.942244
0.943741
1.009567
1.015862
0.987661
0.986987
0.973688
0.995723
0.964622
0.964209
1.006369
0.978212
0.923679
0.969107
1.001850
0.998443
0.957048
1.004762
0.961722
0.942488
0.956091
1.022323
1.013387
0.993872
1.037709
0.995720
1.023054
0.955522
0.992302
1.004569
0.970293
1.011738
1.023021
0.951883
0.987127
0.968953
0.982386
0.950845
0.967475
1.037050
0.942940
0.971093
1.007204
1.012543
0.996260
0.978125
0.984403
0.929215
0.966903
0.967279
0.871326
1.018236
0.955682
0.982427
0.864916
0.982263
1.020918
0.984179
1.022626
1.014252
1.011493
0.987759
0.957806
0.979989
1.007306
0.988640
0.962829
0.886709
0.849420
0.978723
0.975733
1.033351
1.012303
0.981689
0.997109
1.044583
1.026424
1.012683
0.966251
0.991430
0.975578
1.024982
1.027057
0.937322
0.977506
1.040354
0.966006
0.999511
0.955384
0.975110
1.010642
0.990872
1.027665
0.914267
0.977339
0.983297
1.009799
0.990017
0.997153
0.977498
1.009247
1.036587
1.028647
1.016499
0.967130
0.919818
0.970132
0.955148
0.979003
0.959829
0.941631
1.019680
0.985862
0.911221
1.023048
0.995222
0.982275
0.931611
0.996191
0.943538
1.022984
1.001520
1.000115
0.963727
1.005744
1.019695
0.971066
1.021797
0.951291
1.000890
0.939072
0.881075
0.968363
0.943541
0.953047
0.996182
0.995849
0.959933
1.026233
0.995961
0.954025
1.014298
0.984521
0.936960
0.953845
1.008249
0.959362
1.002894
0.995590
0.942223
1.021067
0.958643
1.013352
1.014868
0.962410
0.984076
0.909913
0.985016
0.964789
0.996957
0.946019
1.011953
0.926794
0.941486
0.997676
0.894528
1.008682
1.003083
1.006820
0.944430
0.948696
0.948162
0.991114
0.998407
0.937821
0.944101
0.954929
0.927437
1.008708
1.011447
0.972909
0.928979
0.979168
0.912189
0.998582
0.970329
1.014026
0.984799
1.027321
0.929385
0.988968
0.982705
1.004039
1.000621
1.019582
0.980893
0.987332
0.949835
1.046789
1.017658
0.990808
0.986471
0.982712
0.975383
0.989076
0.962160
0.930003
1.023529
0.981597
0.996574
0.951878
0.991118
0.979953
0.993480
0.996966
0.999140
1.014360
0.937765
1.002602
0.991007
0.965932
1.013779
0.959325
0.992024
1.004328
1.003097
0.993573
0.869714
1.028233
0.940874
1.038321
1.000712
1.034780
1.014741
1.060696
1.012897
0.978978
1.003159
0.944004
0.955586
0.980278
0.989122
1.012845
0.997331
0.972913
0.984310
0.995014
0.989014
1.014358
1.018467
0.945162
1.018754
0.961364
0.976706
0.963272
0.934031
0.905860
1.037231
0.908713
0.956600
0.997671
0.991266
0.979194
1.036802
0.992872
0.976474
0.982976
0.998256
1.030810
1.020134
1.019124
1.018833
0.993640
1.007003
1.031995
0.970822
0.993262
0.999185
0.963714
0.941665
0.995878
1.028778
0.980825
0.983220
1.006066
0.995896
0.915274
1.010779
1.048162
0.991113
1.002407
0.967685
1.036314
0.959769
1.021022
0.971791
0.976221
0.965146
1.007666
1.007688
1.020617
0.987794
0.979153
0.978312
0.880527
0.957120
0.997652
0.996621
0.919701
0.976822
1.001375
0.977194
1.014527
1.036836
0.990695
1.046629
0.898468
0.983853
1.000674
1.025482
0.976145
0.995893
0.953327
0.915632
0.912525
1.023826
0.946955
1.002680
0.961176
0.956507
1.019632
0.951178
0.924138
1.027421
0.997137
1.025005
0.983099
1.045725
1.022095
0.928269
0.965356
1.002795
0.940079
0.984702
1.011035
0.991844
0.967082
0.959199
0.989096
0.992365
1.000683
0.969379
0.960673
1.009296
1.004519
0.962076
0.981095
1.013568
0.965224
0.955790
0.952487
0.977754
0.976284
0.894698
0.993747
0.986122
1.015777
0.907872
1.011783
1.029125
1.004219
1.007335
0.908770
0.998113
1.008446
1.021539
0.993636
1.003391
1.011741
0.963326
1.030014
0.989160
0.930240
1.019419
0.957965
0.982554
0.922645
0.941994
0.982622
0.934242
1.008113
0.980730
0.990550
1.003116
0.962869
0.993752
1.021306
0.998539
1.017058
1.020185
0.934994
0.999696
1.048716
0.967536
0.968683
1.006611
0.968231
0.967320
1.013283
0.980445
1.011285
0.970884
0.999906
0.968954
1.012248
0.966087
0.975632
0.980007
0.944022
0.989258
0.977130
0.999499
0.975751
1.022938
0.951521
0.921055
0.948600
1.035056
1.028926
1.024485
0.963106
0.993127
0.958360
1.010454
0.952216
0.923767
0.907046
1.035149
1.005385
0.996772
1.004565
0.933549
0.998768
1.012710
0.979702
1.001318
1.022488
0.982476
1.009792
1.004767
1.020758
1.013638
1.009071
0.972663
0.907630
0.978506
1.018236
0.983440
1.030606
0.956814
0.995051
0.995681
0.996077
0.933167
0.996900
0.977893
0.954642
0.909439
0.954662
0.990105
0.926268
0.998309
1.034604
0.947830
1.028611
1.052747
1.039540
0.958905
1.011546
1.007229
0.983253
1.009177
0.932838
0.978152
0.954423
0.978389
0.991051
1.009461
0.924397
1.048382
1.032452
0.983413
0.989346
0.962109
0.920007
0.963128
1.020182
1.022046
0.957216
0.954857
0.957129
0.942702
0.937605
1.026301
0.979935
1.045238
0.984361
1.025664
1.049269
1.001561
0.971850
0.987383
0.926137
0.922053
1.006415
1.033937
0.988875
0.991421
1.016778
0.960290
0.906210
0.937441
1.020649
0.993045
0.977894
1.003132
0.890413
0.976602
0.976592
0.960647
0.879598
0.944121
0.945069
0.978795
0.952135
1.030799
0.946352
0.973741
0.989012
1.024236
1.003752
1.017108
1.017862
0.993316
1.006534
0.974157
0.980544
0.971916
0.998715
0.987268
1.005913
0.913198
0.986038
0.995934
1.005430
1.008072
1.006821
0.999518
1.047002
0.993283
1.040342
0.988498
0.984769
1.028582
1.034568
1.009023
1.013640
1.006886
0.904232
1.027202
1.000913
0.950863
0.991705
0.932845
1.016149
0.985744
0.976393
0.938060
0.970322
0.913383
1.010821
0.993460
0.991197
0.981260
0.987617
1.009915
0.946359
1.049001
1.025839
0.976100
1.008759
0.936789
1.018458
0.891660
0.888581
1.002196
0.906586
1.022231
1.002824
0.986921
0.982327
0.997853
1.006697
0.998469
0.996732
0.981387
0.963762
0.967525
0.982081
1.028635
1.018104
1.021177
0.956390
0.957114
1.033681
0.983538
0.988610
0.995044
1.002886
0.992372
0.969865
0.998520
0.949680
0.997242
0.965648
0.918143
0.973798
1.030979
1.031330
0.957223
1.004393
0.952189
1.008040
0.988528
1.024878
1.017969
0.919729
0.990742
0.980389
0.955761
0.942698
1.008017
1.020478
1.002275
0.953934
1.016139
0.972441
0.990914
0.979879
0.976264
1.035376
0.962187
0.933725
0.925428
0.945274
0.969214
0.947095
1.036517
1.027921
0.948230
1.005741
1.004900
1.008813
1.021864
0.964518
0.984233
1.003036
1.000284
0.978320
1.015019
1.006367
0.964496
0.994556
0.980044
1.034171
0.952161
1.012836
1.004581
0.986432
1.026814
0.920754
0.958862
0.925608
0.987047
0.967726
0.995377
0.957100
1.030641
0.965944
0.966471
1.009034
0.979818
0.998564
1.048869
1.002899
0.914959
1.012697
0.937759
1.022745
1.017218
1.019310
0.993422
0.960355
0.940163
0.976161
1.029229
1.031367
0.962390
1.027169
1.014591
1.017711
1.008288
0.916583
0.944530
1.010155
1.018930
1.024373
1.010105
0.949518
0.986944
1.010211
0.949648
0.971446
0.995902
0.947011
0.965297
0.988638
0.999132
0.990999
0.954107
1.034890
0.971287
0.970376
0.935965
0.971557
0.978951
1.038010
0.967472
0.977102
0.974515
0.995345
0.930249
1.002859
1.008277
0.981692
0.962825
0.954759
0.949755
1.022377
0.982532
1.006679
1.011655
1.034867
0.999036
0.889444
0.953901
1.010504
0.996859
0.998689
0.995611
0.946604
0.943067
0.975062
1.032394
0.981778
1.013688
0.976243
0.988201
1.007766
0.906801
1.031838
0.960671
0.998232
1.000149
1.014399
0.954834
0.989169
0.998677
1.002577
1.015169
0.947209
0.994900
0.954105
0.892447
0.956140
0.952271
0.987947
0.972653
0.980924
0.989382
0.951030
0.999076
1.036946
0.991505
1.011584
0.988066
0.962823
0.956809
0.977340
0.965660
0.990290
1.058402
1.027435
1.006485
0.934313
0.955669
0.953113
1.026566
1.037556
0.894147
0.962812
1.045436
1.038409
0.961109
0.993371
0.998999
1.006093
0.989597
1.008226
0.958163
0.964991
0.951330
1.027889
0.983521
0.961714
0.997681
0.998520
0.965988
0.955979
0.826435
1.031118
0.987868
0.956291
0.962294
1.009755
1.013265
1.022831
0.918981
0.935178
0.996034
1.002699
1.001094
0.959643
1.018035
0.993497
0.949618
1.018006
0.946332
1.012712
0.984797
0.957648
0.987661
0.988999
0.975182
0.963890
1.005244
1.007910
0.946192
1.016957
0.949953
1.016534
1.015167
0.957556
0.985436
0.993849
1.002889
0.912138
0.925533
1.009639
0.956602
0.974762
0.979148
0.928684
0.966773
0.994629
0.985209
0.942975
0.961850
0.961009
0.912371
0.959098
0.942139
0.966624
0.996034
0.995315
0.979136
0.967864
1.014353
1.003157
0.937012
0.946919
0.968117
0.999735
1.028119
0.999496
0.984473
1.002163
0.992478
1.004512
1.010102
1.009154
0.952692
0.997394
0.941445
0.947124
1.006553
1.027727
0.997038
0.957200
0.965775
0.998039
0.999383
0.979378
1.024405
0.892805
0.996628
1.001523
1.003226
0.999616
0.984102
0.958093
0.977482
0.988352
0.991826
0.902282
0.905598
1.008297
1.041721
0.844415
1.017885
1.020234
0.996661
0.950468
0.923191
0.994506
0.962706
0.985603
1.026833
0.911479
0.986548
0.976371
1.028781
0.948335
0.993252
0.999345
0.931915
1.013208
0.900851
1.019519
1.012295
0.902145
0.949893
1.021879
1.028795
0.966931
0.963546
0.972596
0.976341
0.970748
0.963842
0.999969
1.007091
0.986288
0.942596
0.974118
0.988463
0.971165
1.000389
1.029360
0.981975
0.997930
0.991060
0.979341
0.976706
1.039086
0.988116
0.912705
0.924155
1.000184
0.982693
0.982611
0.895567
1.005251
1.008175
1.002444
1.026214
0.974637
1.018201
0.944754
1.045394
0.987090
0.896879
1.010726
0.970048
1.036535
0.884796
0.977125
0.965386
0.997062
1.000733
0.988985
1.011432
0.937276
1.000982
0.939420
0.974263
0.994415
0.999942
0.887663
0.966193
1.034208
0.960219
0.976979
0.995132
1.004237
1.006129
1.036775
0.968658
0.930141
0.989653
0.951510
0.935114
1.020206
0.975119
0.946125
1.015978
1.001908
0.998987
0.970363
0.976418
0.956744
0.997259
0.898259
0.979407
0.963284
0.940749
0.986714
0.874101
0.960910
0.961688
0.989490
0.944573
0.998565
0.981064
0.967771
1.034373
1.032316
0.967905
0.961829
1.023211
0.977152
0.915848
0.871555
0.981204
0.978174
0.904183
0.983506
0.994496
0.998439
1.005673
0.997677
1.034292
1.036752
0.984090
0.994732
0.915797
0.907229
1.015403
1.016894
1.028572
0.963094
0.974246
0.980654
0.954065
0.974978
0.972864
0.934764
0.987558
0.933975
0.990999
0.973069
1.025056
0.930077
1.036049
0.952255
0.992069
1.033476
0.891997
0.997178
1.001689
1.021955
0.953414
0.912123
0.952287
0.986616
0.949935
1.009111
1.008165
0.978728
0.964412
0.994429
0.975317
0.999616
1.012937
0.977820
0.990116
0.940741
1.014772
1.014952
1.010603
0.957972
0.999739
0.972483
1.010168
1.036322
0.961210
0.965411
0.984696
1.008440
1.020559
0.918985
0.934077
0.997249
1.030296
0.945497
0.921043
0.945208
0.899794
1.004936
0.990180
0.982726
0.980127
0.947049
0.985532
0.978538
1.010502
0.946292
1.026334
1.029927
0.997716
0.964762
1.017440
0.985944
0.928942
1.000901
0.965417
1.023032
0.844788
0.954726
0.959187
0.953454
0.983075
0.986591
0.995231
0.991411
1.036897
1.025651
0.958991
1.013364
0.998531
0.995011
0.971245
1.010233
1.018666
0.995704
0.975368
0.941906
0.985604
0.973972
0.945133
0.973235
1.017380
1.015808
0.975473
1.014375
1.004725
1.015132
0.959124
0.785684
1.004410
0.970215
1.014526
1.031632
0.989621
1.011606
1.014005
1.026497
0.994418
1.012625
0.958058
0.975099
1.045925
0.957993
1.030697
0.966570
1.011373
0.989038
0.956090
1.017978
0.963411
0.974035
1.014263
0.923268
1.001193
0.967149
0.902779
1.010030
1.002196
0.969786
1.048204
1.013213
1.022595
0.975996
1.002403
0.972636
0.998304
0.981506
0.987554
1.040669
1.014854
1.007694
1.006010
0.967767
1.006441
0.957352
1.019403
0.914914
1.029864
1.022380
0.995218
0.928128
0.975810
0.958325
0.954859
1.022828
0.953064
0.953059
0.936259
0.996019
0.951338
0.995491
0.955684
0.991736
0.941735
0.989321
0.976587
0.937471
1.038088
0.989316
1.005416
0.987550
1.034513
0.998822
1.033378
0.989063
1.016159
0.965327
0.946999
0.964000
0.994472
1.048906
0.978172
0.967239
1.008752
0.976406
0.961052
0.990463
1.000718
0.964510
1.011006
1.015691
0.995086
1.029692
0.955930
1.017810
1.024408
0.999933
0.999440
0.991953
0.972101
1.003093
0.956102
0.931198
1.003885
1.007605
1.035000
0.979274
0.954815
1.001208
1.032431
0.989951
0.998640
0.994351
0.925189
0.947822
1.050151
0.914769
0.962946
0.939349
0.927681
0.952093
1.018034
0.976254
1.005775
0.997950
1.000568
0.971763
0.962402
0.992542
0.905451
1.004177
1.009530
0.961584
0.996456
0.989463
0.993896
0.934900
0.996688
1.005878
0.998842
0.984348
0.968380
0.922601
1.012400
0.948494
0.996054
0.961395
1.031635
0.992304
0.938719
0.983998
0.940395
1.029986
1.015129
0.970422
1.016719
1.008986
1.005949
0.892865
0.954536
0.978937
0.970942
1.018590
0.984184
0.986364
0.894728
0.953890
0.951844
1.000658
1.006865
0.969316
0.975508
1.038476
0.854928
0.979590
0.983664
0.986347
0.856675
0.901593
0.978730
0.988319
0.852837
0.999508
0.988703
0.945500
0.965903
0.968987
0.996434
1.026336
0.977313
0.959606
0.965833
1.023145
0.894286
0.993749
0.859823
1.023928
0.996635
1.030219
1.007141
0.996797
0.974611
0.937222
0.930955
0.923879
0.966985
0.945059
0.932706
0.975113
1.013189
0.979526
0.894548
0.935192
0.984725
1.036986
1.002536
0.932041
0.899181
1.037071
1.003556
1.024317
0.938920
0.906498
1.041247
0.995140
1.014629
1.008104
0.911025
1.010279
0.996542
0.977336
1.008748
0.948710
1.010383
0.980352
1.028392
1.015221
0.999510
0.984119
0.989096
0.970637
0.983527
0.965428
1.006844
0.971861
0.937294
1.002878
0.992144
1.011055
1.001662
0.983076
0.994047
0.974295
0.882145
1.001082
1.009968
1.026915
1.038792
1.001064
0.981194
0.980339
0.980943
1.019824
0.834366
0.936629
0.996429
0.983740
0.952851
1.006302
1.012241
1.035485
0.944388
0.998807
0.976567
0.996326
1.007179
0.943747
1.013957
1.010772
1.000397
1.014238
1.003035
1.022842
0.938509
1.038523
1.014723
0.971157
1.032056
0.997188
1.035738
0.982008
0.988632
0.888974
0.982521
1.027993
0.979542
0.927871
0.963720
0.996906
0.936392
1.001793
0.989907
0.989446
0.949706
0.971406
1.015720
1.032894
1.017056
0.950831
0.912784
1.015801
1.005254
0.990395
1.019779
1.030684
0.977838
1.031355
0.982112
1.035252
0.994970
0.976992
1.034612
0.989326
0.999550
0.993295
0.998484
1.005523
0.969702
0.969914
0.957733
0.942159
1.007363
1.019370
0.999449
0.991160
1.003166
0.928975
1.010191
0.998214
0.932142
0.969408
0.866451
0.955773
0.971487
1.018356
1.007881
0.896368
1.014376
1.002313
1.005659
0.990922
0.952872
0.971302
1.010292
0.996389
0.979783
0.973454
0.982104
0.985714
1.011030
0.963676
1.032691
1.019902
0.958281
0.932639
1.003976
1.029971
1.023958
1.045127
0.972452
0.976204
0.975142
1.028633
0.967359
1.006378
0.833398
0.969909
0.980097
1.008353
1.029894
1.028685
0.992293
0.991949
1.016589
0.922785
0.908497
0.990066
0.906285
0.968150
0.976483
0.948808
1.027186
0.942957
0.977768
1.000772
0.970455
1.000890
1.018128
1.034035
1.008273
0.991355
0.957765
1.006807
1.009453
1.013469
1.008460
0.931012
0.970887
1.006166
1.010671
0.976455
0.946000
1.002116
0.938875
1.027804
0.964716
1.003932
0.943952
0.979521
1.026680
0.997462
1.014494
1.004883
0.958082
0.953363
1.001540
0.967529
0.973317
1.017550
0.990130
0.980579
0.977278
0.935693
0.955439
0.989810
0.963571
0.990669
0.983047
0.937380
0.987512
1.041176
0.948188
0.982389
1.035879
0.931007
0.997553
0.961260
0.993323
0.982051
1.009768
0.971642
1.032059
0.980358
0.990106
0.928272
0.933123
0.979712
1.013262
0.984084
0.949220
0.982070
0.973036
0.984915
0.992973
1.007988
0.983110
0.977984
0.924916
0.979314
1.026716
0.977263
0.971086
0.966715
1.006842
1.032325
1.028643
0.951377
0.915222
0.944517
0.992067
0.940288
0.975181
1.020805
1.004761
0.962211
0.946639
0.970065
1.020996
1.019180
0.901614
0.992190
0.914212
0.952752
0.988903
0.936259
0.978829
0.930607
0.952538
0.960650
0.992384
0.871774
0.948216
0.973030
0.994963
1.014473
0.966938
1.007331
1.015274
0.925925
0.977893
0.989991
1.000383
1.004149
0.992533
0.966065
1.036887
0.889990
0.963878
1.035238
1.009188
1.014568
1.040189
1.004333
1.030627
1.015393
0.994857
1.012756
0.969063
0.993278
0.993131
1.002550
0.958438
1.007928
0.967697
0.985420
0.988067
0.962963
0.970562
0.953576
0.925498
0.980760
0.985318
0.964685
0.962422
0.999848
0.973007
0.994156
0.977652
1.013497
1.041774
0.943596
0.914955
0.934279
0.981999
0.937408
0.992955
0.897423
0.939504
0.986272
0.953674
0.971907
1.026191
1.020243
0.929473
0.999737
0.924926
0.984004
0.992396
0.990221
0.989240
1.028787
0.988820
1.003683
0.990237
0.902171
0.965098
0.933747
0.977701
0.997450
1.042549
0.822413
0.996166
1.005453
0.994574
1.037148
0.997942
1.006080
0.904476
1.006525
0.923504
0.937041
0.991490
1.006537
1.003274
1.032245
0.996685
1.014103
0.968996
0.970264
0.992961
0.959165
1.025602
0.967755
0.850335
0.943969
0.913057
1.015433
0.990579
1.010643
1.018364
0.968896
0.955702
0.935131
0.949988
1.006858
0.940301
1.014366
0.906897
0.974565
0.953104
0.970073
1.004080
0.901499
0.986060
0.995122
1.003451
0.918922
0.964270
0.986255
1.014652
1.035693
0.961153
0.973022
1.042612
1.023439
0.950027
0.956077
1.016004
0.950039
1.000965
0.981202
1.032948
1.023196
0.973814
1.010397
0.966835
0.984001
0.899955
1.035899
0.992365
0.987880
0.994629
1.029405
0.964184
1.016602
0.968413
0.983292
0.956655
0.952978
0.933014
0.944181
0.943131
0.986969
0.978902
0.911665
0.954745
1.003511
0.961679
0.949020
0.954699
0.991621
1.020008
1.022477
0.985267
0.983923
0.936640
0.999205
0.999352
1.014550
1.039708
1.001304
0.983962
1.028484
1.013116
0.933661
0.971608
0.996892
0.996990
0.976944
1.002492
1.024716
0.933322
1.006340
0.970437
0.976854
1.004424
1.013027
0.971538
0.924749
0.988770
0.970118
0.992858
1.017850
0.967645
0.936643
0.969549
1.011494
1.002978
1.024769
0.954069
0.968932
1.014586
1.006607
1.018861
1.019086
0.956150
0.996789
1.043082
0.982481
0.967453
1.021711
0.966947
0.972383
0.965988
0.930557
1.020844
0.980578
0.857808
1.003101
1.003047
0.945089
0.997684
0.957896
1.019436
1.023846
0.993116
1.010160
1.006669
0.929138
1.017161
1.026342
0.982540
0.999070
0.951730
1.025278
0.966843
1.005752
1.009501
0.960816
0.988149
0.978171
1.033245
1.004280
0.964515
1.003981
1.001127
0.962819
0.985728
0.947482
1.018047
0.972630
0.973381
0.985455
1.002005
0.929312
0.997795
0.941501
0.959423
0.923032
1.007140
1.022117
0.955779
1.001962
0.996507
0.990091
0.995104
0.960238
1.028893
0.960064
0.970245
0.999682
0.979995
1.044525
0.890521
0.980845
1.002244
1.038010
0.938960
1.004189
0.962514
0.971317
0.933511
0.994636
1.019715
0.951659
0.988802
0.942428
1.026433
0.970922
0.979047
0.993642
1.007265
0.964437
0.983916
0.995697
0.992821
0.976032
0.944329
0.963854
0.920945
0.974585
1.053089
0.962778
0.975024
0.963380
0.995115
0.938936
1.002464
1.026228
1.010012
0.978653
0.981098
0.942156
1.036928
1.019633
0.984715
0.969303
0.980118
1.007001
1.012928
0.814954
1.001965
0.996863
1.031239
0.895696
1.006244
0.984531
1.018114
1.038837
1.038342
1.006612
1.038321
1.005061
0.986734
1.025416
1.016082
0.932603
1.012195
1.004040
0.976594
0.972441
0.988416
1.006704
1.042901
0.893099
0.921282
0.930810
0.966467
1.005601
0.996034
0.883026
0.981415
0.953000
1.003605
0.991645
1.017499
0.938719
0.999352
0.992042
0.996884
0.908885
0.965722
1.015190
0.911092
0.871528
0.936023
0.905295
0.992488
0.978342
0.948778
1.004924
0.964226
0.998153
0.977467
1.030483
0.853439
0.916669
1.004263
0.994854
0.993429
0.991367
0.929299
1.038589
0.974216
0.935220
0.941512
0.912259
0.938984
1.039028
0.967567
0.997282
0.985094
0.987993
1.033193
1.009621
1.007692
0.932382
0.904188
1.033227
0.941359
0.976334
0.986322
0.979888
0.989772
0.986003
1.018475
0.988512
0.994790
1.011478
0.977253
1.000489
0.968659
0.988482
0.943270
0.977491
1.007875
1.015305
0.986725
0.992661
1.002404
1.016774
0.959577
0.921707
0.992983
1.031488
0.926794
1.022951
0.915272
1.036687
0.976925
1.018583
1.003353
0.956146
0.973806
0.972508
0.977343
0.916776
0.985039
0.958528
1.009823
1.000939
0.979939
0.985995
0.984423
0.949932
0.955080
0.979846
1.008750
1.006332
1.028724
0.982722
0.967599
0.945612
0.968114
0.953140
0.994577
0.958772
1.022206
0.976523
0.993899
0.949091
1.013574
1.011473
1.010463
0.976227
0.996812
0.998276
1.000944
0.937845
1.021721
1.019053
1.046380
0.993574
0.989999
0.975176
0.973115
0.932815
0.958043
0.995891
1.008906
1.018996
1.004439
1.006069
0.906401
0.960060
0.885171
1.011614
1.003252
0.979394
1.023324
0.934780
1.016532
0.941398
0.995789
0.959821
0.962469
1.009425
0.971002
0.988880
1.007883
0.974802
0.953750
0.989926
1.008066
0.946652
0.998529
1.013416
0.939945
0.995463
0.963735
1.001274
0.955439
0.971340
0.949819
0.935511
0.912674
0.915313
1.023132
0.979463
1.028516
0.965347
1.001235
0.989417
1.031899
1.032002
0.993099
1.043815
0.915346
1.010153
1.014466
0.983464
0.964715
0.978320
0.875298
0.955519
0.921033
1.003722
0.992639
1.008958
1.007005
0.986114
0.925933
1.022921
0.994506
0.963543
0.991149
0.975429
1.002636
0.997798
1.003606
0.971678
0.981051
1.007399
0.975848
0.992938
1.000398
1.004031
1.014339
1.033777
1.016842
0.989155
0.950894
0.948144
0.892558
0.964975
1.029615
0.928682
0.995830
1.010833
0.825969
0.950415
0.976971
0.999266
1.008209
0.939430
1.014240
0.979974
0.895870
0.953316
0.986144
0.977602
0.927480
0.982387
0.995340
0.933564
0.987362
0.995904
1.030973
1.007250
0.995737
0.966347
0.944371
0.959419
0.946168
0.995565
1.012404
0.950204
0.997914
1.027948
0.977161
1.020304
0.966978
0.985373
0.979396
1.001587
0.998051
1.001043
1.052670
0.987962
0.976535
1.035784
1.017381
0.961796
0.977331
1.008050
0.970104
1.006713
1.016755
0.983099
0.981525
0.941854
1.006127
1.001191
0.981471
1.004866
0.979234
0.962518
0.963385
1.020997
0.946359
0.972148
0.959886
0.987438
