1.003782
0.980158
0.988213
0.980461
0.995486
0.995074
1.007180
0.986495
0.967585
1.011632
0.992819
0.982265
0.992560
0.938961
0.995125
0.976879
0.979815
1.009670
0.989089
0.969344
0.981439
0.992594
1.002240
1.005173
0.986204
1.006881
0.984071
0.992579
1.008439
1.000502
0.975600
1.000540
1.003230
1.004827
1.007631
0.988875
0.979473
0.990133
0.992911
1.003260
1.006014
0.993754
1.003124
1.005968
0.990883
1.009392
1.006287
0.990772
0.992105
0.984758
0.980546
0.999788
0.995444
1.010351
0.991808
1.003464
1.007845
1.000431
0.982301
1.014542
0.989555
0.998934
1.000833
0.983250
1.000627
1.000782
1.006484
0.979799
1.000359
0.992775
0.996325
0.994519
1.013589
1.003361
0.987883
0.990461
1.003802
1.007055
0.967425
0.985485
1.012554
1.018187
1.016099
0.966164
0.993385
1.012862
1.001502
1.004631
0.993861
0.993671
0.986983
0.993284
0.963393
0.994171
1.003272
1.007161
0.988816
1.004607
1.003772
1.000677
0.987331
0.988198
0.956167
1.006070
0.996639
1.008489
1.002990
0.977670
0.980600
0.992834
1.017035
1.007690
0.997142
0.996353
0.986903
0.979919
0.988198
0.982973
1.000122
0.985524
0.991189
0.985873
0.939880
0.986201
0.983879
0.999920
1.016532
0.971049
0.981832
1.002186
1.005695
0.976466
1.002082
1.008057
0.958285
1.007931
0.980339
1.005808
0.987319
0.992173
0.990938
0.988887
0.975071
0.987111
0.991575
0.988503
0.978974
1.013489
0.985347
1.007811
1.000650
0.993037
1.007993
0.991874
1.011795
1.001800
0.991878
1.003281
1.001193
0.980736
0.988092
0.998989
0.982326
0.996291
0.996913
1.003930
0.999959
0.985122
1.009655
1.008814
0.996028
1.009564
1.014800
0.984265
0.993746
0.977981
0.990882
0.997553
1.004810
0.993011
1.003793
0.976717
0.998586
0.972315
0.983064
0.985828
0.977771
0.985209
1.006162
0.982320
0.978549
0.988752
1.003003
0.981418
0.980434
0.976889
0.996577
1.001143
0.973097
1.001515
0.993892
1.006105
0.988634
0.988777
1.005287
0.997175
1.017611
0.991157
0.994420
1.007719
0.978646
1.000155
0.938202
1.004922
0.971068
0.952580
0.989892
0.996200
1.003400
0.971415
0.993430
1.000256
0.995744
0.995816
0.998590
1.011641
1.011316
0.991806
0.990823
1.009466
1.003094
0.996274
0.992271
1.001432
0.981439
0.999945
1.001034
0.935651
0.999903
1.003175
0.993899
0.992690
1.002845
1.014916
0.993843
1.005905
1.006459
1.003992
1.006816
0.997789
0.970379
0.983083
0.986740
0.999748
0.990335
0.981485
1.013176
0.984485
0.984591
0.989273
1.002907
0.996539
0.984983
1.003066
0.992802
0.993734
0.981764
1.002183
1.009156
0.976922
0.995903
0.994981
1.002482
0.998830
0.996296
0.999789
0.992479
0.980894
1.006343
0.989273
0.990511
1.012443
0.980226
1.000962
1.004749
1.008033
0.987770
0.998183
0.987550
1.006406
1.020088
1.011924
1.011292
0.983468
1.009889
0.984720
0.986398
0.988352
1.008307
0.990524
1.006664
1.005297
1.005772
0.989533
0.990948
0.980164
0.999047
0.999992
1.011240
0.983180
1.017601
1.008027
1.003133
1.001578
0.974308
0.998421
0.995662
0.994817
0.996320
0.993536
0.969508
0.990613
1.002478
0.993736
0.976458
0.997054
0.993967
1.006904
1.009409
0.998053
0.993970
0.975715
1.004732
0.989327
0.985252
0.975326
0.987852
0.986174
1.002517
0.997518
0.997553
1.008177
0.980921
1.006406
0.985239
0.993509
1.002439
1.002810
0.988300
0.990075
0.991594
0.994171
1.009998
0.997018
0.973281
0.987775
1.002874
0.992737
0.979978
1.007528
0.998224
0.963830
0.999355
1.003585
0.998993
1.007533
1.017457
0.984841
0.988556
1.006626
0.999843
1.002086
0.980943
0.981355
0.974217
1.011098
1.005486
0.989845
0.990475
0.990776
1.002138
1.000916
0.967523
0.957549
1.003972
0.975298
0.995435
1.014016
1.009275
1.001006
1.009788
1.000640
0.992275
0.993411
0.981845
1.004142
1.004093
0.972611
0.998320
0.971659
1.008429
0.972852
0.977587
0.995878
1.001715
1.004255
0.998720
0.991446
0.991731
1.002392
0.983037
0.965376
0.976239
0.989940
0.986892
0.979884
0.957936
0.957063
0.990448
0.986403
0.994863
0.974416
1.001219
0.999855
1.006307
0.978170
0.996618
1.006100
0.996246
0.985066
0.982498
0.987045
0.985072
0.983357
1.003229
1.006827
1.002620
1.002622
1.011336
0.991037
0.988686
0.986528
0.970554
1.008573
0.999446
0.998864
0.995251
0.986646
0.979889
0.981455
0.999047
0.998814
0.958751
1.001851
0.993050
0.977696
0.992653
0.995031
0.966183
1.013303
1.001027
0.992637
0.975579
0.978721
1.005819
0.990674
1.007097
0.994867
1.004307
0.994955
1.008646
0.984673
0.996283
1.002771
0.979958
1.002790
1.005858
0.991734
1.001371
1.010816
0.982610
0.996492
0.994579
0.981771
1.001654
0.994597
1.003348
1.000609
1.013564
1.007058
0.981885
0.974153
0.994896
0.972868
0.985341
0.992695
1.003435
0.983026
1.010676
0.985833
0.977072
0.989209
1.003416
1.005379
1.012346
0.985277
0.996412
1.007290
0.989559
0.998270
0.988686
1.004776
0.999803
0.996795
0.985156
1.000401
0.997499
0.992468
0.963629
0.993021
1.004907
1.013050
0.997231
1.010978
1.003236
0.979047
0.971431
1.014104
0.947430
1.003724
1.015503
0.974307
0.966830
0.999028
0.945149
0.987962
0.992379
0.992130
1.006086
0.999705
1.003916
0.991769
1.001033
0.999818
0.999624
0.997912
0.996527
0.984691
0.984537
1.011309
0.999019
1.019244
0.961185
0.993613
0.992848
1.013629
1.009932
0.995594
0.980010
0.996803
1.005405
0.974811
1.007308
1.012826
1.002324
0.995755
1.004363
0.976242
1.002313
1.000768
1.001479
1.004083
1.005307
1.008453
0.982036
0.989290
0.995026
0.998096
1.005409
1.005556
0.980436
0.998447
1.002688
0.983665
0.978392
1.013579
0.994845
0.986654
0.992289
1.007602
0.983065
1.007501
0.996898
0.995387
1.008471
0.991371
0.986362
0.999441
0.999261
0.992802
1.006221
0.999786
1.004628
0.970822
0.987552
0.998116
0.994372
1.008116
0.992948
0.998333
0.993941
0.961430
1.005024
1.000399
1.001500
1.002052
0.961222
1.009209
0.990433
0.999603
1.007573
0.998093
0.997856
1.005133
1.014263
1.005570
1.001876
1.013113
0.988248
0.995552
0.989751
1.006021
1.000053
0.988114
0.995856
0.992226
0.994365
0.995932
1.004099
0.966953
0.974001
0.989935
0.987341
1.001711
0.987751
0.985974
0.998737
1.010048
0.991106
0.992036
0.996069
0.970772
0.976739
0.997369
1.011240
0.993886
1.002067
0.980925
1.009334
0.996296
0.971048
1.000543
0.997026
0.978941
0.997930
0.961682
1.000577
1.001553
1.001442
1.004954
1.007670
0.996233
0.982380
1.004232
0.985992
0.995742
0.944374
0.984965
0.998929
0.986850
0.998529
1.008420
0.998682
1.006666
1.012875
1.001371
1.008726
0.993897
0.993121
1.000467
1.002333
0.968966
0.983988
0.964847
0.970280
0.996732
1.003356
0.991151
0.979651
0.969488
0.995395
0.993493
0.999218
1.007622
0.993056
0.989751
0.990527
0.986171
1.005816
0.982330
0.997173
1.006308
0.992958
0.982333
1.004473
1.008965
0.996695
0.974506
0.991776
0.999193
1.011821
0.979769
1.006490
0.986890
1.011147
0.986212
1.005580
1.000429
0.987520
0.980411
0.983782
0.995559
0.986162
1.004923
1.008895
1.012382
0.995247
0.994005
0.970242
0.999117
0.967151
1.005175
0.991191
0.972051
0.985739
0.990241
0.989758
1.005612
1.008208
0.983526
0.999321
0.988392
0.994552
0.993586
1.002653
0.997469
1.011631
0.993114
1.005198
1.005905
0.984571
0.961063
1.007706
0.992767
0.970253
1.000534
1.006697
1.003376
0.975173
0.996211
0.998809
1.007443
0.992955
1.000586
0.986606
1.007493
1.005509
0.986788
0.993472
0.951982
0.994224
0.949203
0.974002
0.978323
0.986053
0.992917
0.993663
0.971129
0.995566
0.999013
0.976029
1.003127
0.986946
0.988043
1.006998
1.009514
0.983985
0.976318
1.002769
0.990448
1.007757
0.989119
1.005124
0.994385
0.996415
0.999672
1.009795
0.994736
1.002776
0.990179
0.993946
0.996565
0.996362
1.003597
0.996840
0.997176
0.999445
0.998690
0.986275
1.001035
1.007025
0.994132
1.013477
1.001038
0.996515
1.004344
1.007299
0.975666
1.005032
1.009276
0.988032
0.953834
1.005217
1.008349
0.995492
1.004461
0.998089
1.014245
1.005216
1.002226
0.985873
0.980848
0.995327
1.005729
1.000656
1.008102
1.006120
0.990229
0.993719
0.995338
0.997569
0.994858
0.997791
0.989849
1.007872
0.996667
0.984563
1.000758
1.008988
0.979129
0.991158
1.010602
0.982793
0.967371
1.002283
0.988085
1.002772
0.991186
0.994600
1.002905
0.996769
0.985394
1.000216
0.996413
1.000242
0.996834
0.972464
1.014483
0.985182
0.992331
0.994317
0.973034
1.008833
0.988620
0.988871
1.011845
0.981341
0.997974
1.001437
0.971570
0.986899
0.996378
1.001089
0.991314
0.974537
1.011577
1.009010
1.015947
0.978877
1.008020
0.992702
0.989577
0.988874
0.972508
0.975348
1.008134
0.993401
1.002297
0.996434
0.952584
0.959949
1.006447
0.994155
1.011629
0.993619
0.994903
1.001305
0.994205
0.991788
0.988963
0.985566
0.946086
0.983106
1.005564
0.996862
0.986954
0.994088
1.010987
0.990009
0.999333
1.002681
1.002080
0.989612
1.009087
0.988354
0.969536
0.984914
1.010812
0.989586
0.985389
0.977970
0.999760
1.002582
0.988805
0.994988
1.003701
0.985634
1.009994
0.999853
0.999543
1.016131
0.992883
1.006123
1.007909
0.993569
0.997235
0.994956
1.007375
1.011386
0.970020
0.980240
0.983561
0.969480
1.000250
0.995509
0.995920
1.005974
0.973566
0.987050
1.019150
1.000914
0.990335
1.006853
0.997578
0.983263
0.988872
0.984676
1.006028
0.990754
1.005970
0.994063
0.998485
1.001666
0.999066
1.011336
1.002064
0.993252
1.004485
0.989622
0.997668
1.005054
0.998934
0.969279
0.995637
0.996617
0.978727
1.004578
0.994997
1.002002
0.996577
1.008231
0.991595
1.000220
1.005428
0.999744
0.963069
0.988896
0.998408
0.998069
0.965211
0.969878
1.003633
1.007434
0.988543
1.009448
0.978703
1.008520
1.005716
0.985143
0.981571
0.980983
0.995628
1.000651
0.994853
0.989986
1.006286
0.989386
0.997802
1.009376
0.999088
0.988256
0.998440
0.986315
0.991256
0.976971
0.969262
0.994920
0.980572
0.996457
1.013050
0.996483
0.986262
0.981825
0.970479
0.986198
0.982491
1.002944
1.006760
0.926524
1.008355
0.995420
1.002816
0.991347
0.995557
0.991322
0.983272
0.982457
1.002627
1.005312
0.998808
0.954282
1.002366
0.982602
1.010979
0.995068
0.998634
1.004924
0.978085
1.008393
1.003703
0.975068
1.004130
1.009973
1.013538
0.949781
1.003142
0.950340
0.966682
1.010278
0.980364
0.972144
0.993003
0.974461
1.001840
1.015387
0.982367
1.013004
0.995559
1.003608
0.975596
1.002347
1.003567
1.008339
0.992872
0.982199
0.988384
0.987533
0.980444
1.000284
1.000731
0.993642
0.996691
0.979090
0.961072
1.018766
0.990519
1.001910
1.004412
0.984593
1.006577
0.968445
0.996725
0.982042
1.005659
1.012808
0.981718
0.993264
0.991003
0.954750
1.001993
1.000778
1.020836
0.997207
0.994943
0.997138
0.987534
1.013684
0.977809
0.972908
0.980331
0.975510
1.000938
0.999501
0.981796
1.000888
0.987160
0.976355
1.012054
0.989617
0.993421
0.992149
0.995560
0.999738
0.993316
0.990709
0.970453
0.986785
0.996691
1.003591
0.994505
0.972891
1.000297
1.010132
1.006134
0.990338
0.983934
0.986918
0.994657
0.992282
0.986214
0.995390
0.999826
0.986918
0.999234
0.987245
0.997576
0.988166
0.995059
0.974685
0.992397
0.977211
1.008837
1.003232
1.014269
0.962592
1.010830
0.966440
0.994464
0.985885
0.977060
0.987908
0.997950
1.014241
0.974630
0.981433
0.983223
1.002535
0.983905
1.008257
0.985294
0.987389
0.996553
1.004229
1.013030
1.010560
1.012445
1.017419
0.988649
0.985695
1.001278
0.980016
0.998691
1.014178
0.994468
1.014243
0.994559
0.995344
1.000619
1.002780
0.999668
1.009285
1.007098
1.008867
0.982863
1.015078
0.994777
0.987814
0.979998
0.989701
0.989389
0.997114
1.009044
0.965724
0.999082
1.007814
0.993160
1.003538
0.989557
0.981963
0.996584
0.990824
0.988214
0.997367
0.963212
0.985042
0.995538
1.012335
1.003308
0.999265
1.007893
1.010870
1.007797
0.992265
0.985535
1.005391
0.979771
0.999237
0.994103
1.007167
0.988593
0.990027
0.984126
1.003765
1.011097
1.006402
1.006406
0.997687
0.990776
0.992882
0.993843
0.962034
1.007080
1.012754
1.002230
0.991547
0.982165
0.980886
0.969414
0.982798
0.975694
1.002051
0.979505
0.996477
1.002803
1.001496
0.992944
0.993593
0.996368
1.011328
0.961759
0.987318
1.009659
0.977827
1.004901
0.990955
1.011525
0.998564
1.004410
0.952442
0.992202
0.980496
0.997448
1.000668
1.007302
1.004623
0.995019
1.002594
0.958145
0.993058
0.991483
0.993173
0.997649
1.003410
0.996224
1.000499
0.989581
0.982657
0.997981
0.997335
1.015671
1.009105
0.980865
1.010735
0.984601
1.007658
0.998565
1.006444
0.986583
1.006395
1.002430
1.000617
0.984055
1.009189
0.990746
1.009067
0.980016
1.017755
1.011954
1.012989
1.004292
1.017766
0.994924
1.006558
1.006075
0.999368
0.994989
1.006794
0.980032
1.008114
0.996888
0.990619
0.998915
0.996560
0.994756
1.002923
1.013861
0.967924
0.993437
0.994761
0.982299
0.995235
1.004029
0.987157
0.973858
1.003875
1.005226
0.978400
1.012485
0.997433
0.990807
0.983861
0.980174
0.977868
0.973829
0.997882
0.964442
0.983725
1.004347
1.004064
0.992299
0.991683
0.984165
0.997947
0.978262
1.003559
0.996277
1.011863
1.004582
1.000226
1.001522
0.965775
0.997395
0.997263
1.006400
1.005180
0.990991
0.966901
1.008030
0.998363
1.010030
0.989136
0.986443
1.003308
1.009860
0.984260
0.996059
1.002251
0.977820
0.967047
1.001926
1.001816
1.011315
1.011379
1.005820
0.969291
1.007625
1.011532
1.004695
0.986346
1.007764
1.000480
0.986832
0.994582
0.983192
1.008460
1.002004
1.006387
1.001506
0.995100
0.989852
1.004786
0.995559
1.004572
0.982139
0.987864
0.996670
1.012479
0.986122
0.976015
0.947099
0.983865
1.008164
0.999426
0.991920
0.973641
1.004316
1.002249
0.990231
1.003910
1.013652
0.980350
1.005348
1.006272
1.005494
0.973107
0.962437
0.997386
1.000269
0.963061
0.981111
0.993833
0.989727
0.988793
0.985734
1.002084
0.967994
1.012071
1.008915
0.985915
0.988773
0.999585
0.985705
1.001237
1.008306
0.981112
1.011779
0.990942
1.005577
1.000676
1.001029
0.994168
0.991251
1.001209
0.987348
0.982517
0.996514
1.012228
1.002333
0.971264
0.988033
0.994729
0.991645
0.988424
0.986606
0.993309
0.996064
0.999414
0.995260
1.004176
0.995285
0.988254
0.982238
0.970107
1.005725
0.986583
1.012352
1.003842
0.988653
0.976805
0.997955
0.992279
0.982579
1.008593
0.990052
0.983623
0.966949
1.001815
0.987117
1.006236
0.999401
0.990192
0.982774
0.990071
0.986777
1.002193
1.014445
0.982031
0.978738
1.008043
0.985708
0.992804
0.996827
0.955873
0.986507
1.011922
0.986839
0.996408
0.996126
1.004881
1.004807
0.994915
0.997826
0.988037
0.985279
0.971270
0.985397
0.992128
0.959250
0.989152
1.003590
0.979451
0.972143
1.009263
0.988310
1.006543
1.003087
0.970317
0.997994
1.009657
1.006990
0.996689
0.980833
0.975898
1.000572
0.976948
1.003904
1.003501
0.983039
0.990248
1.001652
0.978180
1.014794
0.999680
0.998609
0.996204
0.994213
0.988959
1.005588
0.996931
0.921987
0.987993
0.989937
0.996046
1.002658
0.991111
1.008742
0.998681
1.000612
1.014866
1.001961
1.002139
0.998910
0.978004
0.984927
1.016275
1.011389
0.995954
0.985951
1.006473
0.983649
1.006278
1.004734
1.004984
1.003306
1.007991
0.986593
0.992896
0.980019
0.997699
0.997053
0.987539
0.997003
1.003570
0.989101
1.004132
0.980987
1.002215
0.974124
0.922345
1.001708
0.994120
0.986560
1.001039
0.998515
0.987896
1.005649
1.007747
1.009387
0.999786
1.004614
0.984561
1.016712
0.986415
0.975267
0.999938
0.999803
0.987890
0.982168
0.993642
0.977524
0.982213
0.994825
1.001795
0.959029
1.008191
0.999161
0.999280
0.974863
0.991609
0.968006
0.981489
1.004281
0.985553
0.981115
1.008365
1.013186
0.990872
0.988195
0.952397
0.977804
0.978867
1.005975
1.004680
0.981147
0.960569
0.988022
0.989189
0.998820
0.975623
0.992622
1.011042
0.995173
0.998510
0.991746
0.976766
0.997575
0.992675
0.983521
0.977151
1.000450
1.002558
0.998734
1.003360
0.988875
0.999793
1.002070
0.986012
0.978695
0.997609
0.981958
0.991263
0.965220
1.008246
0.993706
0.987187
1.009248
0.976777
0.990389
1.001173
1.008708
0.998522
0.990038
1.003477
1.007871
1.006623
1.008916
0.997671
1.002723
0.988428
1.011847
0.958451
0.986932
0.970077
0.981102
0.988327
1.010930
0.946252
1.006600
0.991166
0.993326
1.012370
1.001503
1.006885
1.004881
0.984576
1.000436
0.992392
1.010574
1.009546
1.001185
1.011333
1.011762
1.011588
0.989167
0.992563
1.002864
0.995210
0.997211
1.000905
1.001412
0.996526
0.982205
1.016378
1.006676
0.979139
0.977479
1.006588
0.974083
0.984561
0.990175
0.998050
0.993875
1.006932
0.989003
1.003850
0.972804
1.003164
0.980875
1.014566
1.013403
0.990612
1.004947
1.018732
0.992611
0.993831
0.962442
0.974796
1.009257
0.997149
1.006845
1.008295
0.976321
1.007866
0.983971
1.008799
1.000806
1.001373
1.019065
1.003851
0.991249
0.984401
0.987087
1.002165
1.008444
0.951907
0.992110
1.009244
0.984551
1.005069
1.005006
1.002667
0.996348
0.998602
0.987228
0.991880
1.001703
1.009607
1.006877
0.989556
0.997254
0.991659
0.979812
0.991299
1.004666
0.977438
0.995755
0.995401
0.986231
1.001460
1.007876
0.974000
0.980898
1.011379
0.991612
1.005332
0.974709
1.006342
0.992670
1.010537
1.009123
0.992593
0.994168
1.002743
1.009892
0.989773
0.973140
0.973385
0.989283
0.969586
0.973580
1.002523
1.000232
0.976897
1.003414
1.008875
0.984958
0.992722
0.999579
0.980860
1.003021
1.005121
1.000018
0.988903
0.989158
0.992453
1.005808
0.992402
1.008065
0.949438
0.992385
0.996048
0.992916
0.975956
0.990484
0.983631
1.008172
1.003025
0.999201
1.003559
0.977947
0.984345
0.995360
1.000133
0.999548
1.001920
1.013421
0.994652
1.006016
0.995635
0.994672
1.002847
0.997100
1.004995
0.998507
0.981811
1.001882
0.975465
1.000103
1.009410
1.000331
0.968654
1.006741
0.995844
0.990657
0.989040
0.974652
1.005007
1.001617
1.016424
0.997492
1.002177
0.976587
1.011947
0.980949
0.983892
0.984226
0.989415
1.008715
0.964360
0.996537
1.000211
1.009504
1.000317
0.993864
1.004868
0.991165
0.969419
0.996571
0.994920
0.973299
0.960540
1.002296
0.982225
0.968310
1.002167
0.962418
0.986676
0.971154
0.987026
0.980010
1.008017
1.007389
0.973447
1.000329
0.993734
1.011903
1.016538
1.010600
0.987790
1.000302
0.944011
0.993371
0.974332
0.988050
0.987807
0.999664
0.987035
0.992131
1.015294
0.996649
0.968024
0.989640
0.990110
1.018950
1.014529
0.993405
1.000285
0.990848
1.005491
0.998809
0.983731
0.965927
0.981729
0.978620
1.010930
0.975887
0.987765
1.000724
0.993557
1.010704
0.997572
1.017971
0.974535
0.997517
0.985973
1.005579
0.971062
0.959832
0.965493
1.009882
0.998437
0.971697
0.966436
0.980720
0.983837
0.991714
1.007479
1.000616
1.019464
1.003139
0.986788
0.999468
0.969798
0.996573
0.983585
1.002821
0.999901
0.994124
0.997065
1.004956
1.008720
0.990346
0.983468
1.011596
0.992240
0.974192
1.005664
0.988170
0.975974
1.001713
0.985148
0.981901
0.990640
1.000949
0.986840
1.001201
1.005843
0.988715
1.015075
1.009089
1.009408
0.958366
0.999083
1.015472
1.015995
1.000155
0.993045
1.010188
0.987288
1.009715
1.006502
1.005340
0.991362
0.994278
1.008683
1.011871
0.994379
1.002689
0.995197
0.993897
0.986489
0.996160
0.997672
1.012561
1.001600
1.009375
0.991884
1.007943
1.000665
1.007076
0.997399
1.003145
1.006888
1.000962
1.012058
1.000157
0.992191
1.005698
0.999811
0.980685
0.992769
0.984959
1.008063
0.957742
0.996873
0.976031
1.009055
0.993789
0.995721
0.996918
0.977407
0.998046
0.947938
1.000925
0.997480
0.997728
1.009008
0.992906
0.996731
1.007825
1.008625
1.007907
1.004929
1.003220
1.010056
0.996220
0.989913
0.994607
0.999235
1.012998
0.996762
0.991997
1.006419
0.998977
0.996528
0.948613
1.004895
1.001747
0.999505
1.008159
0.993119
0.990019
0.986819
0.990465
1.009104
0.993266
0.988280
0.980135
1.003205
1.005950
0.999075
0.999533
1.006096
1.009938
1.010946
0.987557
0.999695
1.002868
0.972529
1.007833
1.000886
0.969526
0.999161
1.004559
0.959622
0.990495
0.965609
1.008462
0.994579
0.999627
0.992577
0.986725
0.992272
0.996954
0.994945
0.975666
1.006203
0.988149
0.978796
0.996563
0.969480
0.993901
1.008437
0.980661
0.991510
1.013560
1.009044
0.966545
1.011424
0.966722
1.007586
0.978220
1.003899
0.999352
1.006700
0.985751
0.994378
0.990779
1.013569
0.973613
0.999845
1.007576
1.015169
0.991810
1.007027
1.005942
0.997446
1.005724
0.957822
0.980706
0.990928
1.006412
0.992012
0.991756
0.997362
1.019748
0.982887
0.990922
0.979809
1.007932
1.006980
1.008243
1.008732
0.990409
1.001962
0.997236
1.004769
1.011163
1.010265
1.005150
0.991190
0.993482
1.001360
0.966253
0.999684
0.982935
1.002839
0.993546
0.985562
0.985789
0.993586
0.980265
0.994254
0.986756
1.006401
0.961087
0.985008
1.012467
1.006072
0.933196
0.984882
0.993188
1.001862
0.989076
0.965024
0.993077
0.975331
0.988740
0.996703
1.004958
1.010818
0.992814
0.983542
0.993092
0.982091
0.940412
1.006659
1.004576
0.993857
1.000917
0.969074
1.009040
0.978770
0.996559
0.981607
1.005541
0.983807
1.015795
0.972800
1.000178
0.998587
0.973515
0.989552
0.969028
1.009786
0.980246
0.956932
1.001137
1.003422
0.975838
0.999184
0.996423
0.987276
0.983716
0.990120
0.989156
0.998392
0.990381
0.996354
1.003497
1.006427
1.008371
0.972297
1.003482
0.985919
1.009405
1.019594
0.987108
0.975900
1.000167
1.006312
0.996253
0.997365
0.993991
0.984685
0.992975
1.010060
0.992507
1.000896
0.987121
0.994176
1.002210
1.000800
1.005280
1.006282
0.989529
0.992386
1.004287
0.978451
0.999312
0.994389
0.995555
0.982090
1.004369
1.001722
0.997562
0.995259
1.016991
0.987358
1.003143
1.012615
1.010692
0.957188
0.994161
0.998234
0.986961
1.006078
0.990185
0.966653
0.988453
0.998686
1.001439
1.002638
1.010881
0.985394
0.983424
1.001633
0.990246
0.994915
0.977700
0.983520
1.009658
0.993355
0.987750
0.985336
0.981199
0.996465
0.999217
0.996152
1.007371
0.997577
0.993944
0.995467
1.006989
0.981866
1.005242
0.998728
0.990304
1.006072
1.005620
0.999458
1.001663
0.991830
0.991511
1.002428
0.990587
1.010212
1.000198
0.982445
0.962970
0.974465
0.984831
1.003127
0.967615
0.993094
0.977883
1.004765
1.004338
0.996879
0.999726
1.003580
0.995904
1.005644
0.999411
0.996938
0.982651
1.011246
0.995143
0.984469
1.003653
1.000119
1.003840
0.997533
0.996004
1.015720
1.006369
1.001098
1.000411
0.998218
0.982304
0.997287
0.997146
1.003447
0.986663
0.996387
1.003417
0.980643
0.988024
0.990796
1.001254
0.970553
1.002339
0.992239
0.994759
1.003124
0.991928
0.997960
0.990003
0.982143
1.006293
0.981730
0.991709
0.992692
1.009334
1.004798
0.993286
1.006594
0.988817
0.998331
0.973762
0.978313
1.006356
0.992018
0.983008
1.001069
0.983615
0.987520
0.984446
0.991343
1.008256
1.007068
0.991356
0.968458
1.012314
0.993739
1.004435
0.980397
0.989245
1.000364
0.997001
0.983603
0.996692
1.009783
1.002363
0.995516
1.013648
1.001407
0.976401
0.989927
1.006896
1.008970
0.998373
1.001504
0.983646
1.004248
0.978464
0.998518
0.992899
0.996557
0.999385
0.998949
0.998108
0.980095
0.995876
0.999124
0.972802
1.008442
0.996247
0.988042
0.994010
1.007748
0.935950
0.999648
0.991421
1.012276
0.963353
1.004295
0.988675
0.985238
0.972496
0.992281
0.998761
0.980636
1.008106
0.989589
0.994488
0.984128
1.003670
0.974391
0.984043
1.001715
0.969455
0.989036
0.976642
1.016655
0.966546
1.018915
0.977498
1.018986
1.005387
0.993310
1.002886
0.995489
1.022376
1.010526
1.007045
0.969970
0.993155
0.999486
1.009041
1.000677
1.008716
1.009662
0.982969
0.989977
1.005776
0.983050
1.005481
1.000010
0.998968
0.997214
0.981289
0.987481
0.985106
1.002917
0.998737
1.003949
1.002312
0.983889
1.004273
1.005925
1.004542
0.998039
1.007226
1.004621
0.992360
1.005719
0.971549
1.005318
0.993179
0.994897
1.000874
0.995697
0.995701
1.000656
0.989746
0.992495
1.001844
0.997177
1.012734
1.007083
0.999674
1.003478
1.005265
1.014793
1.002904
0.984615
0.987270
0.981406
1.014387
1.000605
1.008475
0.988068
0.997862
0.960941
0.984385
0.985402
1.004331
1.004097
0.992670
0.977882
1.001439
1.008274
0.989713
0.994366
0.988903
0.983203
0.981043
1.007367
0.991213
1.004099
0.996046
0.998234
1.000198
0.990343
1.009761
0.990769
0.963741
1.001603
1.011765
1.018015
0.990741
0.978720
1.016039
1.014951
0.990387
1.001542
0.995261
0.985975
0.992783
0.991590
0.961253
0.996690
1.000290
0.985525
1.000411
0.988365
1.009499
1.003452
0.987724
0.981536
0.998334
0.990641
0.997274
1.003120
1.013889
0.989785
0.973868
1.001931
0.997062
0.990927
1.008870
0.957878
0.998282
0.975586
0.983789
0.990739
0.999567
0.993199
0.963114
0.994925
0.997464
0.983783
0.981381
0.996194
0.992681
0.979611
0.999649
1.006636
1.008087
0.992685
0.956962
0.984382
0.983063
0.990187
0.979777
0.994332
0.990799
0.975264
0.996495
0.997993
0.984572
0.983900
0.963999
1.005520
1.009609
0.995521
0.986781
0.970610
1.005217
0.981658
0.989941
1.011683
0.924006
0.999702
0.993704
1.000482
0.995917
0.973791
0.998301
1.007209
1.002314
1.001283
1.004589
0.976824
1.010771
1.005003
0.995875
0.987225
0.981548
0.991193
0.998097
0.978600
1.003986
1.004997
1.007903
0.970407
0.998595
1.010067
0.977185
0.990398
0.986127
0.997048
1.010583
1.007599
1.008801
0.989415
0.988903
0.997890
1.000623
0.990182
1.008515
0.985263
0.977708
0.997576
0.995470
0.995065
0.994707
1.007841
0.991688
0.988348
0.999278
0.986240
0.993005
0.989830
1.010024
1.004106
1.006371
0.992750
0.997468
1.009009
0.999664
1.000677
1.014993
1.009060
1.012783
1.003103
0.990842
1.000113
1.012845
1.000674
0.982107
0.964207
0.966612
0.994906
0.994242
0.960127
1.006506
1.019127
0.995683
0.983993
0.997687
0.992396
0.993952
0.988142
1.004911
1.007217
0.998101
0.997624
0.992974
0.984057
0.980562
0.982766
0.968514
1.001706
1.002863
1.003675
0.988794
0.999985
1.005350
1.006054
0.968745
0.962651
1.005405
0.979291
1.000324
0.989172
1.007409
1.001124
0.995017
1.002390
1.004227
1.003751
0.999796
0.990763
1.006661
1.012233
0.965885
0.980387
0.992198
1.007773
0.970375
1.001154
1.011739
1.009575
0.988698
0.996356
1.000766
0.985087
1.006472
0.996247
1.008702
0.970080
1.002097
0.995123
0.996705
1.001751
1.004972
0.994859
1.006632
0.972478
0.983738
1.011129
0.987517
0.997809
0.984113
1.009314
0.953775
0.960352
1.005657
1.001579
1.002087
1.004652
0.972434
0.957009
0.987581
0.959083
1.007110
1.012688
1.002269
0.993186
0.966887
0.979607
0.998963
1.016805
1.001670
0.996309
1.006552
0.997337
1.006900
0.994329
0.979579
1.004946
1.012713
1.003191
0.988804
1.004439
0.985313
0.999161
1.004446
1.002154
1.000170
0.965813
1.007850
0.987993
0.982523
1.015470
1.008334
1.002143
0.998225
1.012148
0.980566
0.981354
0.966958
1.007992
0.999890
0.982714
1.010067
1.005446
1.013606
1.012877
0.998145
0.961126
0.990052
1.003067
0.972845
1.006186
0.988975
1.010895
0.977943
1.010644
0.999575
1.013220
0.986716
0.995840
0.990136
1.006235
0.983921
1.002707
0.992943
0.968985
1.004074
1.004817
0.998153
1.001538
0.992807
0.985060
0.975735
1.005057
1.008764
1.006823
0.968372
0.991879
0.983995
0.992505
1.005332
1.015735
0.994492
0.993762
0.955226
0.999401
1.009869
0.992091
1.002399
1.008010
1.007408
1.011256
0.996559
0.986981
1.001351
0.976151
0.980569
1.003671
0.989732
0.979498
0.989897
0.996413
0.976233
1.010748
0.989576
0.994922
1.010987
1.012742
0.972976
0.990916
1.004862
1.015110
0.978549
1.011656
1.007554
0.999952
1.008884
0.982621
1.001573
1.015080
0.995834
1.000029
1.009321
0.992407
0.992671
1.005766
0.985448
0.965111
0.971499
0.984724
0.989510
0.981312
0.989671
1.004038
0.988508
0.998156
0.995468
0.988604
0.979327
1.013449
0.997256
1.000777
0.993796
0.936001
0.998332
0.995876
1.012658
1.006567
0.998298
0.999095
0.999771
1.000129
1.015243
0.952627
0.983682
1.009641
1.009320
0.982648
0.978189
0.987276
0.994692
0.992307
0.997680
0.981455
0.991688
0.998254
0.965458
1.001316
0.978001
0.999294
0.989252
1.012666
1.004762
0.996618
0.999054
1.001080
0.979204
1.009190
0.982019
0.978988
0.980605
0.996626
1.002952
0.997423
0.997913
0.997937
0.991834
0.998138
1.002036
0.969864
1.005351
1.005827
1.010318
0.988811
1.010989
1.001738
0.996810
1.014832
1.013839
0.968551
0.999417
1.001280
0.999678
0.997697
1.004470
0.980321
1.006167
0.973593
0.990231
1.006158
0.984875
0.982221
1.008159
1.001304
1.002815
1.000790
1.000980
1.011376
1.006060
0.997440
1.001246
0.992526
0.966755
1.010184
1.011799
0.978682
1.003362
0.975541
0.986942
0.987589
0.993669
1.002971
1.009631
1.011369
0.988463
1.000711
0.975783
0.983385
1.006659
0.984393
0.988641
0.971084
0.997500
0.995498
0.971255
0.982059
0.993333
0.993607
0.996928
1.000877
1.003133
0.970960
0.986713
1.001981
1.012106
0.989124
1.004060
1.004228
0.964429
1.003455
0.971215
0.997555
0.989687
0.973060
0.997639
1.006964
1.019288
1.001465
1.002850
0.999102
1.005186
1.005764
0.979780
0.991926
0.994341
0.983493
0.989308
0.983890
0.982624
0.988972
1.004566
1.001113
0.986215
0.987129
0.983657
1.004162
1.016358
0.955228
1.015512
0.978141
1.001287
0.998932
1.010822
0.974000
1.002978
1.000026
0.971070
0.993173
1.000527
0.998293
0.999158
0.998051
0.984390
1.002252
1.000916
0.991782
1.000762
1.005601
1.005861
0.993205
1.007628
0.987470
1.013421
1.008199
0.992610
0.994811
1.005787
1.001920
0.997253
1.000268
0.988656
0.996530
0.998443
0.999989
1.002054
0.993514
1.008809
1.013870
0.991967
0.979175
0.978947
0.971216
0.996373
1.010051
1.003696
1.009832
0.983886
0.999902
0.998160
0.969831
1.006711
0.981658
0.983333
0.984745
0.993146
0.995219
0.983499
1.003856
0.975702
0.990867
0.994059
0.997696
0.953848
1.016535
1.010196
0.985968
1.001272
0.967285
0.988760
1.006140
1.007945
0.987734
1.000536
0.999394
1.006492
1.007968
1.002585
0.994392
0.970070
1.003569
0.984869
0.976565
0.996536
0.965076
1.006269
0.944266
0.998060
0.996107
0.995122
0.997219
1.001820
0.967288
0.981956
1.014103
0.985620
0.993158
0.999016
1.005825
1.006808
1.011416
0.985381
0.999489
0.993848
1.017094
0.980231
1.016902
1.004084
0.984391
0.997637
0.999237
1.004119
0.954676
0.994000
1.004312
1.002994
0.991390
0.988715
0.995705
1.008445
0.980812
0.987012
0.993543
1.014591
0.964596
1.002570
1.003325
1.003530
1.011055
1.010443
0.978964
0.990528
1.002489
0.975667
0.985674
0.975660
0.990637
1.014065
0.984395
0.976439
1.019660
0.978955
1.009407
1.005334
0.998309
1.011705
0.933336
1.009894
1.001022
1.012688
0.967752
0.991714
0.999840
0.988431
0.993778
0.995033
0.979296
1.014902
0.995108
1.010234
0.989290
0.995072
0.983150
0.980948
1.004444
0.980084
0.979893
0.999378
0.996578
0.984841
0.965948
1.006099
0.980582
0.989672
1.009528
1.010061
1.008261
0.984016
1.011878
0.949271
0.990825
0.991292
1.000814
0.996161
0.992201
0.969330
0.980896
1.006440
0.984626
1.002341
0.981477
1.006428
0.991400
1.002469
0.984918
0.969369
1.003849
0.985223
0.965173
0.999279
0.995068
0.991153
0.994554
1.001471
1.001319
1.006967
1.010340
0.976505
0.982329
1.007334
0.978326
1.010129
0.996933
0.962415
0.989643
0.977635
0.974882
1.005871
0.996996
1.006575
1.008450
0.963239
0.981643
0.994566
0.992136
0.998506
1.010635
0.985136
1.007682
1.002687
0.983207
1.007466
0.996680
0.992362
0.992255
1.008692
0.991641
1.001997
0.999548
0.981267
0.994268
0.987531
1.000052
1.006974
1.013985
0.974736
0.998513
0.994840
0.974937
1.002314
0.988768
0.994740
1.007025
0.966238
0.994384
0.994770
0.976798
0.968458
0.989633
0.972377
1.009607
0.989276
0.997609
1.004175
1.004183
0.987967
0.953047
0.994761
1.008443
0.983717
0.987762
0.996415
0.979949
1.000100
0.985824
1.000467
0.988827
1.001001
1.006284
1.010061
0.983619
1.003792
0.986353
1.001424
1.003241
0.992272
0.992048
1.005379
1.007635
1.012769
1.002527
1.012161
0.977523
1.000175
0.986391
1.004887
0.999144
0.987124
1.006331
1.004831
0.985211
0.979743
1.000510
0.979067
0.972804
0.996919
0.954056
0.993465
1.004947
1.007101
0.981927
1.002098
0.970957
0.998434
0.996227
0.994487
0.994688
0.991807
0.993319
0.998143
0.995938
0.998784
1.007211
1.001707
0.999701
0.996310
0.980197
0.977154
0.996186
0.987045
0.999836
1.006575
0.978812
0.988784
0.994421
0.944946
0.998148
1.010366
1.003275
0.999998
0.985412
0.978852
0.982558
0.992551
1.005051
1.006423
0.987081
1.002053
1.008887
0.981222
0.988448
0.999635
1.004633
0.995769
0.968167
0.988552
0.997093
0.998697
0.999004
0.986520
0.990139
0.995029
1.004787
0.989862
1.003674
1.001432
0.986535
1.017724
0.989267
1.005067
0.997144
0.955740
1.004512
1.003007
0.974872
0.988029
1.011093
0.990731
1.000462
1.001649
0.991411
0.970562
0.991187
1.008676
0.978576
1.012050
1.012197
1.003556
0.990115
1.001084
0.972519
1.002742
0.993439
0.979358
0.989275
0.995868
0.996552
0.996960
0.989359
1.013386
1.007184
0.986789
0.999608
0.993588
1.004292
0.996940
1.017503
0.991668
0.988641
0.993028
0.959929
0.995811
0.997964
0.984934
0.991288
1.007494
0.998313
1.005212
0.989634
0.988197
1.001404
1.006400
0.999973
1.000561
1.002862
1.019744
0.972002
1.002847
0.983181
0.987261
0.999467
1.003444
0.998248
0.981299
0.985769
0.990944
0.998926
0.995715
1.000887
1.000359
0.978819
0.998775
1.003847
0.985129
1.000542
0.990580
0.989164
0.990657
0.959891
1.010462
1.000864
0.997036
0.966553
1.004853
1.008591
0.983196
0.990065
0.995176
0.999137
0.985578
0.980631
1.006731
1.012366
0.997488
1.008014
0.975243
1.007324
0.990877
1.005901
1.001475
0.948238
1.010299
1.004781
0.985612
0.983367
0.989321
1.000085
0.991625
1.005785
1.001837
0.990559
0.989749
0.991585
0.988505
0.991915
1.003933
0.993131
1.001376
0.992966
1.013030
0.993865
1.019266
1.008956
0.985086
0.991156
1.004584
1.002139
0.996910
0.984000
1.001116
1.001993
0.972726
1.001227
1.001112
0.935514
0.989576
1.000353
0.998811
1.002692
1.004140
1.013035
0.930722
0.989568
0.990662
0.984848
0.992883
0.975902
1.005364
0.982803
1.006760
0.994865
0.997742
1.012308
0.976846
0.996336
0.999350
0.993139
0.979857
0.996120
0.994681
0.986574
1.008175
0.994888
1.006777
0.980708
0.998888
1.010087
0.990903
1.014462
0.994298
0.992831
1.006729
1.015448
0.979860
1.000438
1.009022
1.004699
1.001625
1.003448
0.998299
0.978325
0.971310
1.002028
1.007551
0.971508
0.938429
0.992086
0.996095
0.972645
1.002673
1.002580
1.002695
1.007343
0.970289
1.009005
1.007068
0.989635
0.997860
0.990822
1.015437
0.996203
1.016036
1.004088
0.997999
0.978468
1.010157
0.995678
0.975761
