0.769637
0.744767
0.861390
0.816376
0.885328
1.030773
1.055060
0.655366
0.886517
0.842238
1.296026
0.689579
0.722849
0.863528
0.992780
0.897641
1.048666
0.784219
0.830367
1.083865
1.128854
1.396525
1.051156
1.119745
1.055001
0.503271
1.110972
1.219427
0.535566
1.391248
0.879254
0.988810
0.724432
0.573708
0.819427
1.161094
1.312124
1.055445
0.599100
1.009395
1.189626
1.191151
1.217259
0.828401
0.898859
0.614599
0.600183
1.268365
1.080285
0.604088
0.925427
0.984576
1.036507
0.752823
0.846217
0.827044
1.056648
1.046247
0.844741
0.745978
0.735054
1.425911
1.030875
0.892244
0.822211
0.877127
0.877047
1.689138
1.071662
1.037229
0.508037
0.856966
1.180304
0.653886
0.916416
1.069969
1.352121
1.246694
1.152798
0.770347
0.484271
0.858923
1.309941
1.110014
0.988067
1.328480
1.019876
1.189273
1.300566
1.234908
1.216598
1.263281
1.335447
0.483802
0.587796
1.027077
0.995830
0.727774
0.680478
0.736375
0.464361
0.553693
0.946255
0.848676
0.889918
1.153252
1.364274
0.660590
0.717006
0.879831
1.286789
0.947502
1.044040
1.208469
1.267040
1.135849
0.803630
0.658437
0.723292
1.029698
1.063877
1.012010
0.907177
0.897235
0.382141
0.724275
0.497731
0.897029
0.526395
0.930139
0.218128
0.982952
0.934823
1.027114
0.698961
1.045468
1.072218
0.630635
0.691525
1.325725
1.352721
0.894482
1.160505
1.004167
0.789480
0.513006
0.787700
1.044097
1.074735
0.867075
0.618320
1.201008
0.528649
0.932227
0.927560
1.499052
0.532111
0.767627
1.045926
1.114496
1.226446
1.031124
0.584871
0.465654
1.210152
0.987630
0.391527
1.253673
0.427279
0.715312
0.849624
1.061050
0.882284
1.075005
0.824723
0.707369
0.727371
0.663672
0.698230
1.200762
0.976385
0.878427
0.657099
0.667942
1.282896
0.984631
0.973816
0.943999
0.898328
0.451898
0.788032
1.049615
1.108628
1.204649
0.680627
0.797917
0.993965
0.888666
1.335422
0.595614
0.544736
0.968747
0.271169
1.390906
1.002988
0.676470
1.125674
0.771071
0.915225
0.937090
1.293037
0.467628
1.209359
1.108899
0.898902
0.854875
0.880966
0.767271
1.348934
0.398942
0.968019
0.623220
0.643253
0.294949
1.222482
0.628790
0.910709
0.926800
0.767210
0.882017
0.738226
1.120933
1.316995
1.147222
0.482273
1.232093
0.949503
0.545826
1.017664
0.592836
0.782938
0.836290
1.452492
1.137772
1.098462
1.181252
0.912756
0.952272
0.616885
0.609872
0.594512
0.769175
0.524508
0.938198
1.110028
0.641655
0.414864
0.456912
1.220337
0.994124
1.366406
1.095562
0.897477
1.080629
0.642238
0.822213
0.846236
1.023388
0.930183
0.966958
1.344644
0.522603
1.240205
0.902569
0.689227
0.974985
0.924131
1.049641
0.752494
0.499817
0.765384
0.903262
0.944412
0.914440
0.486102
0.823578
1.222950
1.040464
0.380967
0.839251
1.283247
0.807705
0.685433
0.588708
1.147217
0.944540
0.988290
0.861440
0.856336
0.744300
0.874961
0.774330
0.865456
0.780065
0.579358
0.941552
0.838802
1.058505
0.791313
1.017622
0.704292
0.557620
0.784152
0.986567
0.594186
0.897325
1.100946
1.144500
0.728798
0.787033
0.613346
1.418635
0.839030
0.881747
1.012666
0.877410
1.188527
1.427139
0.436171
0.719097
0.759104
0.991973
0.709471
0.989936
1.208779
0.878443
1.645825
1.056577
0.593112
0.964395
0.816001
1.304068
1.125797
0.969368
0.328662
0.771423
0.751986
1.256140
1.038879
1.072922
0.956497
0.740866
0.726036
0.970759
0.930536
0.844081
0.762181
0.797656
0.577646
0.579665
0.757651
0.768422
0.255068
0.898290
0.839882
0.839001
1.118746
0.803501
0.818960
0.523166
1.288766
1.032440
0.972529
1.384336
0.485890
1.238759
1.089245
0.916623
0.533705
0.714349
1.115254
0.740657
0.925221
0.878502
0.943505
1.212428
0.699257
0.915180
1.007413
0.470603
1.319604
0.562202
0.944843
1.243854
1.242230
0.443082
1.522291
0.673221
0.611518
0.862478
0.932021
0.996231
0.863253
0.902531
0.991420
0.456883
0.690132
0.788295
0.677085
1.159270
1.069808
1.001146
1.171915
0.861666
1.052418
0.489246
0.459042
1.163535
0.441092
0.854861
0.667521
0.906474
1.227328
1.006324
0.694605
0.603602
1.171797
0.654257
0.396919
0.826989
1.399162
0.683156
0.784647
0.812276
0.634580
0.686775
0.927472
1.022217
0.529461
1.043168
0.645309
1.018153
0.694136
0.918008
0.800763
0.589837
1.482169
1.513891
1.262044
1.254976
0.986535
1.090668
0.596616
0.541150
1.052517
1.163068
0.493329
0.908263
1.123468
1.089209
0.769401
0.617095
0.899340
1.236136
1.214859
0.884847
1.527188
0.856598
0.923846
1.223223
1.319639
1.076049
1.107425
0.993986
0.854838
1.087116
1.016252
1.222748
0.948842
1.091974
0.643601
1.216072
1.175689
1.329153
0.614853
0.891838
0.716726
1.015180
0.614488
0.935590
1.153495
1.003148
0.956963
0.782867
0.893108
0.946963
0.492519
0.917376
1.204587
0.815079
0.706394
0.628658
1.164256
1.171056
0.729074
1.113607
1.016131
1.422478
0.862473
0.920521
1.245232
0.603159
0.979666
1.232190
0.734947
1.191728
0.930191
1.422621
0.660621
0.764973
1.052464
1.145368
1.090375
1.260607
0.849149
0.756375
1.129826
0.947596
1.175101
0.732259
0.987081
1.050106
0.903196
0.782571
1.178958
1.075577
0.880748
0.746587
0.699061
1.206611
0.673685
0.819237
0.640952
0.822714
0.693193
0.865483
1.205065
0.953361
1.069276
0.682710
0.847824
1.028490
0.974503
0.993924
0.995531
1.122711
1.000918
0.780038
0.633484
0.432873
0.630461
1.091731
0.688357
1.484366
1.053508
0.992587
0.929550
0.982745
0.581098
0.580919
1.204935
0.727930
0.841794
0.906931
0.769911
0.770930
0.299457
1.216080
0.901022
0.725624
1.089062
0.726617
0.980250
0.856022
1.184819
0.917380
1.149863
1.011209
0.948718
1.153948
0.705436
0.533931
0.652344
0.207769
0.424124
1.217997
0.980402
1.203242
0.956693
0.686522
1.148425
0.950767
1.292547
1.186812
1.103553
0.947600
1.159245
0.746557
0.723709
0.779998
0.609912
0.849588
0.969238
1.036867
0.351838
0.991248
0.998740
0.516101
0.800742
1.057009
0.541365
0.658428
0.330194
1.208390
1.267721
0.768294
0.928692
0.936434
1.022122
0.836367
1.051644
1.248886
1.078475
0.389078
0.517400
0.833821
1.002658
1.233268
0.979907
1.023058
0.853251
0.837230
0.881743
0.821169
1.030613
0.422588
1.059253
1.330298
0.833190
0.937828
0.539931
0.787853
1.183652
1.182433
0.982553
0.968333
0.614003
0.800632
1.029545
0.986091
1.291019
1.080353
1.027192
0.944700
0.614992
0.911829
0.415689
0.601494
0.981470
0.772087
0.684183
0.576521
0.436004
0.566278
1.038347
0.728559
1.040755
0.860596
1.146047
0.745513
0.815445
0.484175
1.161172
0.417122
0.894236
0.620364
1.073986
1.356951
1.062240
0.141726
0.921718
1.163579
1.399757
0.924545
0.825953
1.179272
0.620244
0.844538
0.673402
0.922070
0.901129
0.984064
0.716079
0.754823
1.392985
0.820137
0.806895
0.832430
0.619667
0.840724
0.932027
1.187189
0.916061
0.976568
0.606156
1.219448
0.888747
0.355644
0.856675
0.565189
0.839287
0.964901
1.690784
0.847457
1.050520
0.759788
0.981502
0.799181
0.860431
0.651257
0.879364
1.060999
0.254074
0.841952
0.375085
1.084488
0.668214
1.115133
0.997401
0.746215
1.154887
1.087329
0.625815
0.992932
1.122939
0.648400
1.195194
1.311699
0.889569
0.573560
0.913793
1.132402
1.051466
1.191604
0.076531
0.824179
1.034356
1.195346
1.078137
0.684818
0.973045
1.224600
0.779297
1.382478
0.928103
0.362386
0.894762
0.993919
0.987238
1.015619
1.157365
1.276925
0.641309
1.045357
0.530745
0.960242
1.200735
0.806156
1.229151
0.837088
1.065639
0.656150
0.683193
1.258671
0.826880
0.425623
0.572862
0.952390
0.659861
0.443108
0.792797
1.279074
0.337223
1.029367
1.459508
0.708544
1.215895
0.686845
1.226823
0.648349
0.960934
1.374656
0.672968
0.664080
0.579258
1.173812
0.968894
1.125804
1.178628
1.420540
0.862780
0.880430
0.976341
1.181687
0.777448
0.988089
0.903748
1.106064
0.972762
0.756057
0.668388
1.176137
0.946433
0.785849
0.579678
0.816489
0.691836
1.177866
1.105413
1.030948
0.944260
1.186771
1.124464
0.924722
0.831715
1.310443
1.510162
0.934883
0.647156
0.644899
0.766676
0.858923
1.240896
0.973555
1.116405
0.822574
1.063519
0.925282
0.847439
0.598747
0.866407
1.041562
0.727460
1.063248
0.718300
1.008141
0.957130
0.602302
0.767638
1.123490
0.944812
0.521494
1.128783
1.043011
1.096726
0.547318
1.061275
1.299362
0.592743
1.052540
0.822858
0.931297
0.493030
0.649505
0.957999
0.926914
0.895816
0.817872
0.949310
0.859975
0.779376
0.708147
0.965572
0.988343
0.663725
0.724768
0.341194
1.144179
1.012229
1.483820
1.084695
0.633984
0.798687
1.092043
0.760986
1.152910
1.043784
1.244084
0.808675
0.994870
0.913465
0.734290
1.146023
0.943053
1.116229
1.082077
0.821940
1.309312
1.012735
0.711244
0.602747
1.140339
0.716563
0.943571
0.984711
0.594472
1.336767
0.582666
0.949665
0.655928
0.771125
0.911140
1.168417
0.767390
1.099346
1.060585
0.999528
1.149758
1.341626
1.021092
1.012735
0.846989
1.136905
1.202749
0.760113
1.248452
0.933633
0.455252
0.936940
0.599673
0.889370
0.980553
1.169574
0.769375
1.006765
1.215731
0.996223
0.925368
1.275012
0.944045
1.565824
1.173390
0.670682
0.982515
0.815476
0.888407
1.053200
1.283695
0.694910
0.502848
0.832126
0.707230
1.184195
1.340374
1.302558
1.293412
0.445938
0.632335
0.934895
1.244485
1.202904
0.757810
1.050550
0.961719
0.712257
0.645474
1.011211
0.842825
0.927948
0.921013
0.450988
0.590344
0.927322
0.720380
1.150467
0.630216
0.889958
1.301991
0.946108
1.091957
0.966987
0.594479
0.756439
0.813971
0.764871
0.534518
1.014449
0.978126
0.810218
0.982005
1.059930
1.000322
0.658811
0.731377
0.622609
0.642135
0.898114
0.979592
0.506549
0.992339
1.271996
1.298127
0.910336
0.455184
0.725457
0.675911
1.001657
0.763713
1.181967
1.216503
0.862043
0.399532
0.474144
0.940293
0.743544
1.251272
0.822400
0.961961
0.866123
0.938728
1.283147
0.837476
0.952844
0.415415
0.983289
0.912522
0.492673
1.080610
0.905280
1.095961
0.604020
0.792542
0.582419
0.424859
1.062238
1.037678
0.787806
1.043722
0.477055
1.458969
0.598549
0.667033
0.564993
0.373307
0.547336
0.323957
0.965025
0.777412
0.384073
0.677282
0.819758
0.456563
0.924907
0.810673
0.743942
0.995781
1.194779
1.315980
0.466623
0.727543
1.115715
1.486055
0.976550
1.425148
0.695310
0.997305
1.093274
0.738222
1.111005
0.400451
0.528991
1.029000
0.729975
0.885626
0.909367
1.079536
0.623104
1.071774
1.114187
1.064469
0.860371
0.769328
0.461039
0.501987
1.227137
1.048714
0.312286
1.048381
0.865758
1.095218
1.149472
0.702591
1.010230
1.263655
0.726698
0.938436
0.329708
1.141583
0.847197
1.218405
0.767798
0.533862
0.632485
0.754528
0.916279
1.048009
0.183578
0.528221
0.736419
1.085534
1.286234
1.290791
0.926408
0.726640
0.958526
0.646217
0.998750
0.807673
0.749394
0.793055
0.471917
1.027130
0.934584
1.081798
0.930062
1.083576
1.130908
0.996336
1.130054
1.329802
0.963922
0.995814
0.987892
1.160986
0.919716
0.663816
0.379505
1.054178
1.116408
0.700564
0.809898
0.912743
0.726791
0.879088
1.093051
0.890815
0.582192
0.857618
0.396482
1.215497
0.453358
0.520752
1.053180
0.885975
1.097324
1.112211
1.467851
1.264716
1.014839
1.551833
0.681430
0.706695
1.144022
1.400196
0.879788
1.058700
0.608983
0.792997
0.877925
0.301303
0.907853
0.762757
1.061862
1.206138
0.558545
1.268960
0.742475
0.771968
1.189128
1.093310
0.494398
0.989856
1.056611
1.311211
1.316254
0.352260
1.069886
0.492462
0.888491
0.763036
0.923717
0.909093
1.154506
0.997914
0.382695
1.145009
0.754958
1.043437
1.151041
1.228935
1.109421
0.510406
0.979288
0.912935
0.807586
0.458475
0.912641
1.190073
1.052304
1.239462
0.832036
0.916774
0.924991
0.887152
0.744927
1.218765
0.705727
1.136252
1.394750
0.293157
0.603467
0.661480
1.160417
0.662961
0.691895
1.116111
0.973713
0.624186
0.525885
1.402004
1.088587
1.043484
0.637698
1.224718
1.341820
0.411201
0.639754
0.910488
1.154629
0.752275
0.965440
1.015027
0.926149
0.871519
0.935463
0.652477
0.933777
0.913283
0.642010
0.558106
1.001421
0.808115
0.628592
0.952110
0.969108
0.717555
1.028922
1.402101
1.205300
0.756305
0.646836
1.100187
0.562155
1.146596
1.235610
0.558504
0.645562
1.035334
0.478885
0.976795
0.761002
0.745501
0.985388
0.398314
0.939687
0.587224
0.905824
0.909127
0.872524
0.383443
0.747760
0.985641
1.139644
1.040653
0.818467
1.061475
0.972227
0.668829
1.136660
0.563768
1.218904
1.051098
0.840121
1.133170
0.728716
1.360517
0.959770
1.360634
0.890594
1.039734
1.334370
0.441203
0.624732
0.932929
1.039647
0.904575
1.115809
1.147184
0.694111
0.712429
0.944193
1.137765
0.620287
1.281777
0.992968
0.577914
1.295370
1.226236
0.696022
1.493016
0.898536
1.036699
1.155202
0.411182
0.895820
0.867883
0.859468
0.891308
1.063880
1.152657
0.721204
1.029226
0.815570
0.866820
1.101356
0.926965
1.340768
1.079291
0.783976
0.633135
0.985779
0.863353
1.071144
1.127813
0.685794
0.902459
0.508002
0.791612
1.147283
1.252376
0.625901
1.184949
1.026477
1.124075
1.080459
1.505738
1.193856
1.037307
0.724026
0.769384
0.383509
1.141313
0.601354
0.803243
0.802526
1.290388
1.199419
0.808488
0.742080
1.037345
1.047319
0.387544
1.122272
1.175532
0.778297
1.082576
0.938010
0.509749
1.117339
0.991470
1.114809
1.073709
0.390315
0.593370
0.897382
1.059366
0.274732
0.857798
0.711080
0.761939
0.822556
0.895769
0.799919
0.886036
0.908144
0.816271
1.265120
0.878592
1.251099
1.394486
1.180215
0.685286
1.115142
0.827233
0.665223
1.274351
0.839115
1.596316
1.020508
0.920223
1.089920
1.124724
0.467651
0.991481
1.191602
1.230911
1.038022
1.009132
0.920605
0.750160
1.011461
0.885678
1.286042
0.994878
1.231918
1.187832
0.577842
0.905154
0.723764
1.254519
0.845983
1.240700
0.511532
0.891575
1.263343
1.037358
1.126925
1.040716
1.273762
0.381072
1.099714
1.302970
0.888676
0.751007
1.117229
1.019730
1.098834
0.808149
0.638721
1.064325
0.496429
1.358005
1.204136
0.801653
0.606867
0.715947
0.850591
1.271145
0.797767
1.145607
1.179216
1.007806
1.104542
0.717040
0.635939
1.134475
0.935200
1.278478
0.905900
1.185363
1.135313
0.758378
1.277684
0.973135
0.693172
0.834862
0.579354
1.092851
0.628529
0.816137
0.863307
0.960219
0.798872
1.251557
0.913300
1.174447
0.608093
0.528313
1.333689
0.780161
1.218780
0.753142
1.236407
1.005870
0.979777
0.919845
0.580235
1.058332
0.732973
1.024597
0.561317
0.810133
0.900865
1.020007
0.565088
1.361305
0.822833
0.774077
0.541184
0.983329
0.767761
0.897323
0.866674
1.145562
1.086669
0.954846
1.368464
0.798613
1.116595
0.479387
0.901382
1.180120
1.011041
0.632343
0.962799
0.984502
0.499031
1.073610
0.453305
1.262685
0.543344
0.913825
1.027400
0.984247
1.102249
0.988221
0.910081
1.080349
0.787491
0.448542
1.012294
0.798835
1.282516
1.028749
0.810026
1.131892
0.480492
1.362774
0.722599
0.670878
0.874045
0.474916
1.138509
0.785839
1.161836
0.771031
0.911826
0.575371
0.955602
0.682730
1.046642
1.265171
0.849625
0.549499
0.813456
0.878328
1.110555
0.572291
1.085743
0.870518
0.642939
0.469267
0.761717
1.318964
0.918664
0.815355
0.543362
0.338534
0.869672
1.233908
1.072724
0.760228
1.492586
0.749130
1.258096
0.734563
1.076539
1.449716
0.959599
0.544529
0.966833
0.655687
1.015589
0.980577
0.949489
0.763332
0.708613
0.888335
1.007378
1.187714
1.088380
0.718313
1.155246
1.040980
1.379680
0.750825
1.100931
1.024550
1.616987
0.680523
1.169507
0.832237
0.888953
1.193888
1.288031
0.792411
0.614089
0.533097
1.428965
0.890369
1.240395
0.529359
0.897979
1.030968
0.834044
0.785477
1.010347
1.220265
0.949259
0.844629
0.677956
1.052229
1.008330
0.755402
1.015651
0.413370
1.143015
0.841254
1.469381
1.009944
0.787085
0.698332
1.366897
1.344739
1.107820
0.790664
0.659122
1.236197
0.665991
0.469049
0.640024
0.821647
0.964470
0.690149
1.387674
1.162978
0.828702
1.270991
1.165909
0.920830
0.772769
0.835193
0.793172
0.784810
0.725454
0.740510
1.040557
0.997382
0.977376
1.202172
1.273542
1.183310
0.374029
0.918623
0.921764
1.407177
1.037012
0.925108
0.846163
0.697571
0.834745
1.109283
0.635861
0.505557
0.799584
1.310354
0.666454
1.120957
1.466632
0.844117
0.820956
1.242616
0.797315
0.839695
1.322134
1.054196
1.086540
0.683995
0.709698
0.798887
0.655668
1.293658
1.422918
1.117030
0.840796
0.509380
1.176476
1.163044
1.091637
1.056757
1.304672
0.733421
0.739611
1.085058
1.108444
0.792989
0.808610
0.906839
0.681545
0.496510
0.643102
0.258978
0.794370
0.532352
0.821009
1.058358
0.358654
1.138746
1.220241
1.069201
0.859382
0.750545
0.581654
0.881668
0.784893
0.751116
0.804563
0.947129
1.050481
0.646987
1.341255
0.366372
0.724720
0.509932
1.154563
0.806669
1.093393
1.139794
1.141783
0.752092
0.629267
0.481344
1.451860
1.092559
0.668647
1.042722
1.075968
0.662777
1.141235
1.028801
0.757950
0.648516
0.740785
0.477357
1.019332
1.276166
1.104546
0.853269
0.525256
0.639866
0.708582
1.062884
0.969683
0.928195
0.918336
0.480703
0.805024
1.151561
0.888076
1.074911
0.918787
0.827086
0.818382
0.653814
0.662064
1.495699
0.814174
0.925498
0.946413
0.811955
1.050728
1.098924
1.065180
0.523787
1.167724
0.494435
0.717938
1.105372
1.163363
1.136239
1.283367
0.961653
1.244566
0.664891
0.853408
1.131956
0.627466
0.529199
0.634483
1.098643
1.278250
0.737873
0.647974
0.488924
1.386225
1.169576
1.583873
1.011197
1.138088
0.695431
1.016438
1.108510
1.425392
1.010522
1.225240
1.255431
0.684733
0.800757
0.839255
0.839182
0.524439
1.461029
0.535766
0.803397
0.805212
0.505333
0.437722
0.865004
0.840754
1.464431
0.620283
0.682411
0.799223
0.840767
0.645164
1.208958
0.861637
0.845165
0.700736
0.760462
0.553461
1.299657
0.489914
0.283666
1.570832
0.526964
0.952778
0.975161
1.089365
1.226113
0.603719
1.220990
0.406357
1.383445
0.753526
0.871891
1.483147
1.352889
1.439322
0.531172
0.627531
1.247447
0.698384
1.380058
1.100760
0.621492
0.772949
0.835126
0.974359
0.964368
1.449801
0.660209
1.263661
0.695419
0.671124
0.531947
1.107193
0.543430
1.001028
1.138511
0.151774
0.915283
1.008206
0.863075
0.598355
0.520954
0.790810
1.025743
1.245622
0.917643
0.649061
0.641282
1.168245
1.004829
0.944888
0.991106
1.199409
0.835435
0.990178
0.955993
0.861633
0.948214
0.276871
0.760164
0.920805
1.212641
0.757517
0.508433
1.075325
0.854603
1.038195
0.762609
0.776799
0.981696
1.232755
1.031779
1.041591
0.693134
1.262496
1.149982
0.643286
1.200963
0.671554
0.834916
0.766296
0.686104
1.157777
0.635348
0.429205
1.095098
0.781130
0.781713
1.187321
0.480269
0.692482
1.083068
0.899657
1.300900
0.640296
1.022026
0.784608
0.833165
0.966373
1.222746
0.952796
0.604101
0.624577
0.620611
0.621914
0.955722
0.620238
1.022776
0.697912
1.037424
1.050858
0.625605
1.478315
0.445300
1.106292
1.227664
0.982102
1.221089
0.883526
1.129152
0.982214
1.193939
1.030673
0.581417
0.753845
1.248617
0.426634
0.856321
1.321190
0.992136
0.787407
0.852232
1.016468
0.883244
1.141478
1.317078
1.437437
0.851398
0.909172
0.661929
1.102096
0.786041
0.263202
1.247282
0.621990
1.075288
0.923290
0.693870
0.860883
1.058172
0.980696
0.827977
0.753113
0.707961
0.956667
0.940013
0.816845
1.024320
1.173204
0.957612
0.884252
1.248758
0.905841
0.559740
1.164666
1.255228
0.672646
0.658950
1.205717
1.313858
0.880283
0.634349
0.906165
0.861562
1.165369
1.268969
0.378912
1.142884
1.158748
1.259247
0.858994
1.241937
0.688051
1.135640
1.294338
1.232474
0.783307
1.119836
1.240774
0.982907
1.004074
0.948239
0.847175
0.802059
1.284963
0.346381
0.977459
1.024238
0.337137
0.957644
1.061505
0.915563
0.742147
0.809385
0.835056
0.871126
0.942143
1.304997
0.684965
0.865028
1.142707
0.904524
0.254756
0.818713
0.845920
1.589509
0.842134
0.970358
0.416695
0.483961
1.326394
0.905609
1.157121
0.756321
0.692097
1.062825
1.374685
0.886076
0.958189
0.696071
0.651559
1.051870
0.713948
0.953037
0.954581
0.960669
0.914505
0.509651
1.074741
0.779392
1.042114
1.055560
0.971366
0.925241
0.600748
0.678298
0.672169
0.664696
0.500305
1.162877
0.645374
0.849113
1.141354
1.069216
0.607178
1.121909
1.089450
0.788625
1.039799
1.113408
0.279578
1.165287
0.936409
0.984537
1.096240
0.567934
0.832512
1.109528
0.481423
1.252550
0.744897
0.926019
0.653738
1.106294
1.102798
1.503591
1.041389
1.179385
0.810408
0.764720
0.868835
0.844016
0.912759
1.078896
0.785414
1.332687
0.730193
1.231653
0.747677
0.563290
0.585751
1.200228
0.972720
1.025849
1.123599
0.599679
0.905538
0.508303
1.110813
0.805701
1.041961
1.152789
1.129089
1.385120
0.773490
1.389976
0.879635
0.732455
1.024046
1.042047
1.114550
0.735729
0.788210
0.991387
0.867966
1.132984
0.474117
0.514114
0.475156
0.846225
1.300896
0.626140
0.636669
1.190910
1.193440
1.110428
0.681924
0.422852
1.264874
0.645618
0.630593
0.887975
1.210814
0.582904
0.814692
0.807167
1.227896
0.767796
0.916086
0.685378
0.746747
1.667951
0.857640
0.755580
1.019356
0.833088
0.822157
0.985325
0.402050
0.498523
0.995983
1.055706
1.050794
0.837607
1.165256
1.034148
0.966521
0.612627
0.945430
1.231890
0.555106
1.188856
0.879919
0.600328
1.177648
1.110613
0.651607
0.796842
1.061339
0.636095
0.813430
1.313099
1.336626
0.651731
1.012968
1.064946
0.704783
0.355520
0.873095
1.089914
1.121343
0.902916
1.095475
1.019639
0.854819
1.000457
0.496808
0.628744
0.354752
1.059659
0.766309
1.100631
0.785427
1.246061
0.862565
0.342317
0.624815
1.087885
0.552130
0.697053
0.589248
0.775267
1.100856
0.873138
1.028800
1.282757
1.252082
0.843266
0.717876
1.286779
0.922299
0.734883
0.988894
0.799043
0.941090
0.549229
0.931601
0.708155
1.072245
1.070664
1.025210
0.434315
0.459576
1.014263
0.458325
1.162495
1.199334
0.551049
1.106854
0.991746
0.903569
1.222078
0.959062
0.887909
0.729300
0.576337
0.983529
0.837094
0.367393
0.804582
1.432084
0.512762
0.860735
0.628272
0.999727
1.167675
0.702720
0.632789
0.996413
0.854620
1.022943
1.273968
0.417533
1.006336
0.929978
0.940408
0.738779
1.291181
0.718676
0.295318
0.771593
1.103125
1.277412
0.467536
1.439698
1.025860
0.652048
0.457246
0.970863
1.119806
0.650617
0.447071
0.330273
0.946449
0.642401
0.735162
1.274065
0.788002
0.889296
0.552810
1.047751
0.905822
0.756448
0.610853
0.825282
0.627542
0.574713
0.532042
0.730785
0.673538
0.869613
0.839536
0.627274
0.506353
1.077951
0.938586
0.568357
1.023775
0.889901
0.654035
0.652188
1.324526
0.857689
0.974793
0.816359
1.135918
0.886032
1.286587
0.896239
1.019203
1.200553
1.019768
0.756282
0.413423
1.060990
0.798485
0.521347
0.599372
0.744914
0.643956
1.284850
0.964535
1.074461
0.895500
0.748390
0.540594
0.995346
0.733237
1.218537
0.948505
0.737273
1.052764
0.734139
0.379393
0.432238
1.032838
0.873129
0.919171
0.874496
0.828149
0.367747
0.440515
0.888583
0.955349
0.865757
0.631767
0.871154
0.465289
0.998895
0.789837
0.633292
0.701801
0.512914
1.228138
0.802329
0.916116
0.998080
0.885182
0.412655
0.318776
1.057418
0.897018
0.936580
1.045206
1.252573
1.103143
0.787784
1.004630
0.791265
1.185117
0.780213
0.783493
0.497582
0.952519
0.620825
0.942104
0.868942
0.981900
1.072383
1.151910
0.581302
0.751563
0.769939
0.807532
0.412103
1.200383
1.198248
0.766689
0.476372
1.242183
1.244230
0.844906
0.889765
0.901719
0.882851
1.129630
1.340916
0.551833
1.076596
1.041407
1.120974
1.261913
0.809739
0.670413
1.080403
0.956815
0.875875
0.823157
0.831383
0.798420
0.665323
0.646135
1.131192
0.710666
1.261323
1.128775
0.587310
1.054431
0.469639
0.687632
1.006385
0.341260
0.717119
0.914568
0.592455
0.894500
1.135966
1.102705
1.166851
0.830952
0.669012
0.826229
0.709244
0.808371
1.076992
0.794007
0.556829
1.186778
0.596421
1.177031
0.492216
1.136621
1.086836
0.529196
0.753859
0.697806
0.881954
1.031900
0.541201
0.781980
0.375786
1.132146
1.045752
0.556380
0.621849
0.865466
1.066068
1.167547
0.618849
0.976723
0.813578
0.727140
1.257321
0.791359
0.679564
1.027258
1.016828
0.761134
0.681141
0.801874
1.113989
0.791861
0.519551
0.973817
0.895264
1.141088
0.570475
0.853451
0.838241
1.239502
0.894712
1.137013
1.022980
0.725348
1.516222
0.799380
1.045258
0.616025
0.872905
1.112756
0.820212
0.635683
1.036505
0.963840
0.642305
0.794644
1.062042
0.662859
1.026920
1.069362
0.899538
1.225719
1.110497
0.943000
0.852589
1.222077
0.993698
0.560343
0.772219
0.615914
0.926105
0.928720
1.100990
0.904768
0.925168
0.825564
0.877946
1.301994
0.991827
1.097641
1.078731
1.177246
1.200758
0.826695
1.131351
0.573416
0.569247
0.541768
0.963163
1.488104
1.163906
0.629529
1.246971
0.844881
1.180016
0.938068
0.814635
1.112677
0.851651
0.501261
0.792373
1.299517
0.819651
0.782790
0.544445
0.822699
0.907346
1.344268
0.424216
1.020064
1.149097
0.993467
1.288328
1.079855
0.766408
0.617531
1.025288
0.923634
0.589372
0.730565
0.824158
0.914561
1.253810
0.683173
1.154653
1.026695
0.686344
0.898183
0.937051
1.011829
1.042667
0.607692
0.868770
1.584622
0.636163
1.495046
0.683119
0.839102
1.068650
0.590174
0.910511
1.090388
1.013422
0.379037
0.829812
1.058452
0.467601
1.342337
0.988826
1.014202
0.763317
0.904327
0.723623
0.723891
1.106247
1.169724
0.892342
1.281911
0.626517
0.741463
1.034593
0.985995
0.832240
0.718499
0.821036
0.560116
0.944613
0.311558
1.216842
0.463254
0.719432
0.479924
0.959145
0.905080
0.891732
0.792332
1.174779
0.974978
1.062533
0.912641
0.947106
0.704379
1.375563
1.010215
1.119657
0.814288
1.287779
1.011895
1.159452
0.716430
0.725814
1.521165
0.635987
0.935287
0.824683
1.372091
0.906794
0.952170
0.587276
0.393702
1.052998
0.950459
1.026018
0.534253
1.189878
1.034005
1.026543
0.674984
0.468007
0.935979
0.671916
0.776956
1.305766
0.613461
1.365966
0.716677
0.819119
0.694909
1.079730
0.481092
0.680161
1.233600
0.600925
0.737385
0.513547
0.932786
0.524604
0.839046
1.197421
1.537032
1.049915
0.918977
1.195835
0.706291
1.030651
1.160903
1.000364
0.776219
1.430584
0.651022
1.145187
1.058759
0.958116
0.980712
1.079356
1.052818
0.767612
1.098699
0.449653
1.234248
0.937470
0.708336
0.635832
1.160389
1.094204
0.694165
0.841727
1.082320
0.637924
1.169050
0.427432
0.624267
1.163788
0.529963
0.190156
0.771239
1.252249
0.524097
0.920629
0.759496
1.019274
0.676434
0.544314
0.861125
0.882438
1.032692
1.152485
1.050624
1.129848
0.838059
0.620646
0.491309
0.851299
1.077528
1.026011
0.491188
0.401721
1.160159
0.830419
0.961724
0.852770
0.749484
0.581980
1.205695
0.936014
0.780761
1.177850
1.003715
1.271587
1.288557
1.043646
1.254364
0.714805
0.437617
0.321649
0.876666
0.964919
0.942866
0.521415
0.658060
0.979305
0.757668
1.071387
0.938835
1.008482
0.676311
0.743371
1.002244
1.138014
0.740156
1.139975
0.581318
1.058477
0.705175
0.605806
1.449233
1.283663
0.662414
0.909815
1.438009
0.694961
1.054620
1.017932
1.096555
0.752486
0.532969
1.197044
0.853747
0.976921
0.677059
0.496782
1.158921
1.213879
1.171810
1.185323
1.291977
1.160951
0.599193
1.246906
0.725447
1.023228
0.836284
1.041583
1.020407
1.035435
1.055561
0.590796
0.736781
1.266027
0.864640
0.886851
1.111133
1.232361
1.068334
1.300996
0.791869
0.778036
0.539274
0.549733
0.919675
0.917090
0.829111
0.812725
0.649102
0.666380
0.743711
0.868047
0.869676
0.878001
0.660624
0.714035
0.856272
0.837062
1.026370
0.647869
0.774853
0.309857
0.844577
1.018980
0.914414
0.874658
0.930982
0.988556
1.291810
0.906208
1.230128
1.087826
0.764775
0.749215
1.175085
1.416017
0.767149
0.386245
0.881452
0.968084
0.877484
0.987489
1.069812
0.780598
0.883904
0.861621
0.627661
1.764625
0.531903
0.613120
1.260560
1.099086
0.767486
0.864385
1.214455
0.551531
1.060940
1.083984
1.020645
0.514027
0.808352
1.001934
0.891747
0.835716
1.007076
1.291162
1.242805
1.042221
0.664807
0.704787
0.565073
1.149303
0.924620
1.026542
0.599708
1.112293
0.935695
1.228145
0.924426
0.899071
0.834388
1.101056
0.803116
0.628268
1.096685
0.717794
1.064942
1.250287
1.242225
0.874484
0.568004
1.095920
0.567385
0.808399
1.124063
0.624978
0.651826
1.294858
0.597613
1.078214
1.202573
0.937013
0.927357
1.177478
0.636197
0.804387
1.508803
0.795923
0.803565
0.942747
0.774915
0.831608
0.997925
1.061324
1.286882
0.448279
0.214490
0.662308
0.873067
0.905678
0.648982
0.760583
0.634012
0.861937
0.881266
0.833034
0.822937
1.112459
0.680662
1.044601
0.572257
0.963299
0.720307
0.368687
1.089157
0.764136
1.065724
1.332249
0.940853
1.034370
0.640273
0.644406
1.011207
1.115889
0.721879
1.057793
0.850030
0.890411
1.039097
1.136096
0.829298
1.148376
0.983827
1.148499
0.780466
1.267793
1.109446
0.828859
1.031194
0.664822
1.124850
0.665149
0.675786
1.441480
0.966922
1.141879
1.294260
0.783168
1.182556
1.107757
1.450385
0.915790
0.587785
0.999178
0.846315
1.146332
0.915597
0.515432
1.163543
1.005085
0.763784
0.797423
0.549448
0.601368
0.389521
1.189036
1.109100
1.329623
0.771850
0.919313
1.051668
1.185376
0.931954
0.917842
1.341551
0.852059
1.042318
1.166338
0.961866
1.071586
1.423430
1.495693
0.942901
0.948400
0.539296
0.596517
0.929174
1.171998
1.083552
0.553953
0.550557
1.090072
0.732346
0.938233
0.507256
0.747815
1.070322
1.018172
0.729281
0.789070
1.200535
0.687593
1.056760
1.029245
0.517692
1.091766
1.341132
0.870589
0.608860
0.720497
0.471473
0.819191
1.104347
1.129958
0.878639
0.837320
1.134555
1.238833
0.487808
0.810366
0.969512
1.089956
1.345947
0.683354
0.900296
0.692364
1.119719
0.845059
0.957568
1.369480
0.552607
0.748922
0.926301
0.848221
1.148588
0.957929
1.271476
1.122319
1.197930
1.100547
1.036973
1.059124
0.658039
1.098674
0.712713
0.743134
0.990527
1.138916
0.485347
0.802595
1.266966
0.978433
1.163053
0.698275
1.160159
0.848542
0.871048
1.304448
1.256263
1.239066
1.168450
0.922955
1.021533
0.773692
0.581936
0.791265
0.502101
0.949897
1.271609
1.172694
0.972431
0.993713
0.840015
1.194098
0.960654
0.924749
0.760928
0.843047
1.034697
0.818354
0.868869
0.544122
1.262882
0.803850
0.940989
0.373432
0.683140
1.280677
0.835011
0.738867
1.109170
0.929334
1.130617
1.243446
1.415464
0.933527
0.899279
0.872983
1.229926
0.912900
0.742163
0.690983
0.519039
0.931132
0.749920
1.195483
1.065333
0.950267
0.371507
1.135707
1.243982
1.087707
1.037971
1.379830
0.915243
0.712883
0.624376
0.872876
1.493478
1.068913
0.551577
0.844305
0.940600
0.714183
0.627229
0.940914
0.824862
1.171752
0.747735
0.492933
0.458859
0.681770
1.200988
1.139064
1.070562
0.304816
0.976848
0.944056
1.016147
0.532969
0.898543
0.556675
0.735515
1.305289
1.020858
0.410860
0.524106
1.286785
0.832946
1.132496
1.325368
0.952653
1.063802
1.155549
0.452766
1.326283
0.564851
0.803284
1.248662
1.060144
1.094640
0.865368
1.076210
0.592491
0.978742
0.631245
0.843181
1.051445
0.709467
1.065379
0.925647
0.723752
0.917604
0.864877
1.079756
0.981050
1.022087
0.893781
0.722648
1.139141
0.697437
0.787592
1.427155
0.595946
0.748095
1.287795
1.051538
0.843643
0.662594
0.950922
0.851972
0.869364
0.709364
0.576502
0.910619
0.761087
0.862505
0.950391
1.317667
0.673021
0.881181
0.609859
1.062305
0.820974
1.512903
1.106009
1.041361
0.994011
0.954665
1.095137
0.746562
1.270722
0.496601
1.402398
0.702326
0.425559
0.881735
0.891852
0.826464
1.131900
1.074982
0.651805
0.587615
1.065450
0.775617
0.955931
0.215642
0.587454
1.365959
1.084067
0.839874
0.802611
0.999880
1.048426
0.919847
1.031679
1.343200
0.816438
0.570815
1.014530
0.725322
1.474794
0.533313
1.262094
1.069185
0.796493
0.746353
0.544126
0.880252
1.253123
0.951000
1.059944
0.761658
1.318666
1.299818
1.017261
0.694725
0.764532
0.591104
0.759188
0.692557
0.770784
1.151906
1.014612
0.817498
1.006060
1.198947
0.899009
1.020413
1.149618
0.737054
0.469095
1.264987
0.819171
1.205515
0.532406
0.485892
0.858964
1.153551
1.091641
0.430885
0.914391
0.988429
0.764501
0.796483
1.036051
1.119025
0.825105
0.734235
0.751554
0.943281
0.613285
1.017540
0.839459
0.756843
0.940499
1.071773
1.101467
0.783515
0.175916
0.615511
0.645758
1.296735
0.834919
0.792125
0.956956
0.843466
1.262472
0.859147
0.667229
0.864550
0.520934
0.898007
0.457406
1.454024
0.977037
0.449082
1.021133
1.130650
0.464281
0.964459
1.248846
1.614105
1.199395
0.730878
0.777128
0.616626
0.517658
0.736185
0.672669
1.326304
1.073388
0.815942
0.536063
0.922887
0.806184
1.049339
1.567675
0.911968
0.388836
0.543141
1.069322
0.797341
1.105219
0.853452
0.929535
0.526694
1.132406
0.709926
0.849558
1.381254
1.031369
1.206856
0.748388
0.709050
0.953971
0.780951
0.610959
1.073729
1.341785
0.928106
0.792043
0.331416
0.826207
0.346822
0.932374
0.791076
0.908575
0.812302
0.977568
0.736255
1.033777
0.799383
0.818736
0.748423
0.561694
0.608415
0.993732
1.035093
1.355936
0.803390
0.905678
0.897157
0.799109
0.664438
1.198089
1.273533
0.445930
0.762708
0.931136
0.973790
1.076850
0.986904
0.538738
1.252422
0.719251
0.722895
0.895408
0.283980
1.353639
0.470557
1.008803
0.723446
0.988249
0.981935
0.941551
0.696250
1.379236
1.023780
0.789497
0.705336
0.591678
1.044518
0.834235
0.463354
1.359847
0.779333
1.096363
0.971923
0.990616
1.187284
0.557601
0.354044
1.161442
1.307577
1.064329
1.134673
0.935589
1.065717
0.593684
0.924808
1.057440
0.946066
0.922382
1.420798
1.150207
1.299789
1.018344
1.021237
0.778118
0.336194
0.828049
1.147489
1.060735
0.888131
1.208686
0.864968
0.859320
0.778813
0.816971
1.016580
1.088531
1.058878
0.589651
0.911896
1.462250
0.848226
0.965595
0.841403
1.053037
0.746042
0.707629
0.744190
1.059076
0.772382
0.783094
0.934597
1.008714
1.130894
1.011437
0.232953
0.738663
1.318909
0.924445
1.414735
0.320699
0.733914
0.426908
0.730944
1.352093
0.670985
0.759695
0.529350
0.743073
0.989459
0.898004
0.738047
1.142487
1.059314
0.916801
0.964681
1.012911
1.288954
0.797296
0.937948
0.786925
1.182487
1.087619
1.353552
0.880604
0.832392
0.756132
1.118292
1.400049
0.671123
0.923622
1.136879
1.442644
0.729718
1.119110
1.061905
1.103102
0.235922
0.633702
0.815643
1.126337
1.119810
0.453103
1.466817
0.965523
0.964701
0.909663
0.773064
0.495999
0.714851
0.929868
0.283397
0.591040
0.654479
1.056800
0.523109
0.898049
1.493832
0.922663
0.708481
1.043970
0.403133
0.654381
0.627783
0.577182
0.981738
0.639584
0.707753
0.947168
0.826700
1.172620
1.294295
1.057735
1.035993
0.975691
0.417738
0.990842
0.668777
0.985928
0.809733
0.993212
0.959771
1.090589
1.005162
1.075750
1.010126
0.667109
1.158963
