0.813994
0.412826
0.712450
0.812759
0.490861
1.234194
0.609580
1.192904
1.873416
0.554438
1.481505
1.118513
0.234699
1.533546
1.247003
1.362725
1.631061
0.182664
0.929923
1.392686
0.573374
0.507666
1.688147
0.188792
0.497409
1.230792
0.634434
0.551007
0.927395
0.975484
1.511634
1.692496
0.701681
3.123306
0.681544
0.290366
0.395408
2.062231
0.688483
0.555868
0.650471
1.298798
1.463645
1.522809
1.899361
0.669112
0.776955
1.252112
0.913383
1.010441
1.895762
1.320402
0.113695
0.439837
0.538716
0.831579
1.007803
0.703170
1.199826
0.902053
0.331138
2.844928
0.193294
0.521359
0.656236
0.082763
2.237769
0.230355
1.590643
1.650570
0.728068
0.570107
1.783453
0.592282
0.829671
0.348114
1.106271
0.553405
1.003307
0.707923
1.324163
0.898222
0.367278
1.378883
0.926664
1.187901
0.331403
1.456631
1.281363
0.692072
1.310839
1.087369
0.165984
0.122290
0.582074
1.427790
1.567774
1.913447
0.997112
0.784249
0.482680
1.085038
2.286297
1.473379
0.663998
0.329754
1.217516
0.589200
1.584190
0.338909
1.203213
0.021954
1.580893
0.572007
0.253346
0.266510
0.658308
0.532635
0.450344
1.164068
1.088390
1.757332
0.059073
1.291172
1.342090
0.770574
0.900295
1.132225
1.771875
0.269913
0.904973
1.092167
0.708138
0.651628
0.226214
0.943691
1.728523
2.183624
0.683759
1.080578
1.087739
0.926017
0.400807
1.021582
0.994340
0.425437
0.391874
1.239074
1.511952
0.354312
0.985135
1.170742
0.695479
1.144033
0.504956
0.450897
0.193487
1.468400
0.859122
0.500001
1.050783
0.656142
0.784386
1.031617
0.358362
0.861149
0.472494
0.113146
0.183935
1.026417
0.809299
0.124045
0.815459
1.305752
0.701443
0.784574
2.136358
0.074605
0.385972
0.378698
2.043153
1.950908
0.205786
1.853266
1.469433
0.523671
0.188609
0.209774
0.206561
0.703400
0.444099
0.549316
0.885086
1.565137
0.421834
0.775448
0.172487
0.360573
0.084277
2.583850
1.525919
0.322739
0.955994
1.800244
0.235160
0.347336
0.204874
0.798070
1.615577
1.633535
1.075544
1.117454
1.229892
0.175848
0.546589
0.875219
0.828073
1.399250
0.525362
2.322231
1.735414
0.931645
1.016524
1.104206
0.832733
1.699178
0.635171
0.705190
1.282467
1.573944
0.811206
2.450264
0.787784
0.603514
1.451527
0.650451
1.143623
0.744943
0.539577
1.015032
0.839412
1.051858
0.995617
0.769044
0.098730
0.508616
0.201116
1.124754
0.591234
0.890884
1.308276
1.195232
0.304291
0.191331
0.678719
0.462289
0.810424
1.301772
0.078474
1.058233
1.115485
0.737697
0.210567
0.651886
0.349006
0.089552
0.969716
0.227039
2.250064
0.881418
0.797626
0.314244
0.489620
0.627314
0.671228
0.383294
0.861973
0.463157
0.570128
1.152961
1.068522
0.466872
0.174894
1.640772
1.039542
0.893914
1.871704
0.789593
0.699636
0.633291
1.366438
2.772956
0.472978
0.543997
0.455119
0.602461
0.164109
0.760547
0.615471
0.663358
0.666056
1.830313
0.572682
0.584698
1.066826
0.593215
0.127389
0.729472
0.258338
0.517414
1.411425
0.583255
1.260344
0.752774
0.916687
2.949571
0.112671
1.042653
0.635914
0.545163
1.888446
0.897498
1.171683
0.635312
1.799490
0.415158
0.798079
0.695981
1.709831
0.737094
1.357730
0.569515
1.753010
0.420232
2.249277
0.675370
0.645036
1.318313
0.690949
0.313117
1.326003
0.380730
0.933077
0.328003
1.038934
0.534088
2.374638
0.122726
0.244478
0.762931
0.661174
0.216314
1.164729
1.087085
0.442507
0.177987
0.034868
0.622529
0.550586
1.033514
0.830728
1.638844
0.782497
0.859828
0.087014
1.230778
1.629730
0.996301
0.596754
1.215363
1.699139
0.436730
1.265059
0.178048
0.233280
1.775855
0.447184
0.306698
1.024475
0.270108
0.195514
0.217249
0.680236
0.765980
0.281597
1.489638
0.848562
0.149866
1.016329
1.549507
1.456586
0.737908
0.475244
0.648564
0.947673
1.249189
1.194946
1.859706
0.108551
0.634397
0.800735
1.085731
1.434019
1.245505
2.149082
1.105412
1.199805
1.521990
0.426403
1.089072
0.750829
0.438890
2.663429
0.891157
1.536260
1.045483
0.944134
1.200652
0.166151
0.236486
0.868522
0.815606
2.708207
2.329763
0.990575
0.416801
1.036550
0.942631
0.771178
0.138482
1.229069
0.103771
0.070746
1.157296
1.553876
0.531704
0.347403
1.575648
0.953454
1.502237
1.482595
0.696662
2.432776
0.125727
0.928826
0.371267
1.006404
0.831858
0.064723
1.286891
1.619129
1.743786
2.163017
1.418124
0.090453
2.336167
0.483829
1.486018
1.132561
1.022271
0.629956
0.709676
0.759248
1.623866
0.742587
0.339576
0.847997
1.977260
1.320634
1.472362
0.059678
1.198312
0.032989
0.880774
0.717120
1.118311
1.943032
0.564607
1.044499
1.453795
1.304581
1.131760
2.826073
0.477705
0.782949
0.407521
0.228144
1.111196
0.274214
1.136803
1.555933
0.635986
0.943513
0.465723
0.388910
0.068386
0.188157
0.885874
0.445339
0.362261
1.519910
1.374280
1.472641
0.668682
0.618797
1.086478
0.096603
1.399683
0.371307
1.443928
2.219331
0.610445
0.857978
1.434872
0.742897
1.778348
0.177906
0.832145
0.905453
0.589857
0.673325
0.374630
0.120985
0.989338
0.108740
1.422649
0.681749
0.922216
0.822014
0.917388
0.655753
0.375392
0.790394
0.802266
1.120508
1.474449
0.878161
0.993597
1.143293
0.748511
0.619068
0.731422
1.058238
0.761024
0.821228
1.923611
1.332650
0.890874
0.634749
0.363116
1.300518
0.242328
0.696067
1.325983
0.798054
0.621548
0.740397
0.421575
1.210966
1.349726
0.508754
1.009707
0.224263
0.256078
0.562167
0.697638
1.404302
0.743318
0.396339
2.066860
1.079922
1.257269
0.700815
0.849797
0.308295
0.297566
0.417918
2.552448
0.036733
0.594834
0.876418
0.634655
0.962978
0.573942
0.930981
1.166707
1.177709
0.596250
0.504490
1.163326
0.830473
0.071568
1.631470
2.408480
0.807127
1.755762
0.842140
0.237378
0.322383
0.824343
0.068542
1.750111
1.019502
0.356357
1.160596
0.356693
0.972231
1.332218
0.650092
2.622449
0.810147
0.901253
0.273528
2.340149
0.764000
0.604668
0.492728
0.870909
0.494790
0.619688
2.098088
0.571643
0.113380
0.765420
0.791845
0.108049
0.682662
1.663829
0.694916
1.983214
0.649433
1.998035
0.484364
1.424191
0.161909
0.993073
0.534397
1.351251
0.603506
1.645161
0.504712
1.236525
0.894603
0.744646
0.526308
0.464514
1.805063
1.664170
1.176670
0.680608
0.954527
1.926439
0.767153
0.212756
0.971239
0.288697
1.126664
0.481967
0.369303
0.446782
0.252305
0.159308
0.604398
0.759963
1.179124
0.576597
0.852323
1.040204
1.295004
0.484487
0.630803
0.483176
1.769509
0.608818
0.855636
0.684529
0.184840
2.142693
0.390180
0.178604
1.076931
0.125089
0.735611
1.433149
0.594227
2.069641
1.062044
0.313957
1.052051
1.317458
0.148412
0.911906
0.827870
0.783437
0.355340
0.879955
1.242989
3.521450
0.917552
1.242406
0.405382
0.879723
1.370598
1.185589
0.704546
1.105044
1.221124
0.300970
0.621097
1.328179
0.764459
1.325064
0.822871
1.796535
0.304528
2.433077
2.245799
1.759330
0.077779
0.301423
0.615335
0.232764
0.055305
0.296218
0.316900
0.360902
0.943517
0.560657
1.106640
0.573894
0.742981
0.645781
0.358574
1.770272
1.204356
1.943003
3.438834
0.648161
0.509693
0.246705
0.383016
0.894558
0.042587
1.588082
0.747390
0.717736
2.377627
1.475637
0.397454
0.885537
0.462678
0.629730
0.078419
0.791361
0.411799
0.125726
0.321267
0.156800
0.540598
1.470149
0.679706
0.160738
1.119369
1.870528
0.079775
0.392092
0.125312
1.519844
0.674756
0.415018
0.546830
1.091239
1.436663
1.809026
0.545181
0.894573
1.138421
1.611169
1.246954
1.481598
0.831433
0.969186
0.533824
0.665865
1.254716
0.383189
0.820533
0.402174
0.874328
2.425367
1.043241
0.403742
0.543803
0.485840
0.741386
0.495009
0.855143
0.815150
1.557560
0.815989
1.084413
0.818298
0.602610
0.374964
0.796175
0.358556
0.285184
1.333161
0.461536
1.159442
0.674880
0.924822
1.132994
0.678472
2.300983
1.500923
0.615399
0.502248
0.252990
0.188733
1.236421
1.003192
0.524596
0.890564
0.909496
0.255469
0.053662
0.324962
0.779971
1.048728
0.474311
0.406452
0.453747
1.175617
1.200470
0.971408
1.158444
1.671656
0.863323
0.917272
2.337532
0.346359
0.642473
0.150559
0.196577
1.000880
0.607157
0.101550
0.518707
0.281040
1.855909
1.747537
0.511551
0.286948
0.315636
0.398963
0.844789
1.321194
1.510081
1.183813
1.680309
2.013747
0.709784
1.151805
0.464014
0.113984
0.986011
1.530919
1.167089
0.897786
1.573281
1.783204
0.336173
0.286043
1.561685
1.725259
0.306417
0.584602
0.194657
0.428977
0.471204
1.317212
1.559272
0.685152
0.493224
1.184740
0.786642
0.670214
2.518792
3.211535
0.545192
0.944768
0.324130
0.751811
0.921201
1.175734
0.944623
0.267410
0.462662
1.769311
1.203874
0.521069
0.482728
0.814301
0.134110
2.353455
0.024426
0.796234
0.694192
0.843775
2.450904
0.570515
0.206491
1.099825
1.666198
0.819694
1.121303
0.106146
1.105297
1.544511
0.642486
0.569037
0.836937
1.418301
1.001197
1.780880
0.727833
0.465050
1.065483
0.158623
0.517797
0.794047
1.039319
0.163528
1.191205
0.727961
0.904259
0.622262
0.591940
0.652874
0.068137
0.304353
0.446302
0.851104
0.848275
0.951512
2.188509
0.733141
0.760797
2.238474
0.344394
0.695744
0.165038
1.047484
0.321122
1.111726
0.718779
0.106812
1.648759
0.833228
1.797021
0.878614
0.917326
0.927218
1.387172
0.471640
1.689589
0.430374
0.069668
0.723696
2.288904
1.558435
1.654229
1.022704
0.598722
1.103496
0.015707
0.208487
3.088481
0.453610
0.262677
0.860792
1.254111
0.351359
0.273565
0.840087
1.319585
0.119919
0.557515
0.738694
1.122756
1.429084
0.650838
0.706984
0.264225
0.114573
1.376490
2.219214
0.717212
0.997572
2.614427
0.734569
0.575025
0.619868
1.171464
0.411307
0.093050
0.803023
0.669644
0.627609
1.679997
1.830667
1.189197
0.947197
0.529771
0.416889
0.834273
0.963338
1.725755
1.154479
1.763019
0.556792
0.759475
2.175840
0.723176
0.852596
0.634428
1.024045
0.540684
0.682143
1.304316
0.703788
0.312516
1.417750
0.529364
0.637393
0.624844
2.355181
1.856357
0.459914
0.844021
0.927667
0.497705
0.473244
1.299284
0.734188
0.349323
1.270452
0.718951
2.072335
0.228992
0.993938
1.013668
0.572572
0.790416
0.967215
1.450448
1.296415
2.143717
1.407444
1.234259
1.102528
1.958761
0.139679
0.682699
0.574632
0.937070
1.666802
1.170747
0.676869
0.696778
0.569094
1.421509
0.158356
0.823237
1.547532
0.534279
0.468424
1.087180
0.616827
1.591314
1.029652
1.211621
1.360582
1.067105
0.753617
0.564118
0.731614
0.230280
1.702158
1.794671
0.965559
0.209112
1.167047
0.106314
0.333352
1.167965
1.181123
1.105925
0.452544
0.845319
1.274997
1.265227
0.261680
0.377164
1.334006
0.550196
2.887677
0.329642
0.238734
0.320837
0.629671
0.264230
1.051945
0.627195
0.425505
1.665316
0.146889
1.173677
0.641782
0.979934
1.821859
0.236214
0.601544
2.830409
0.394567
0.269558
1.247991
0.365378
0.683832
0.813000
1.869140
0.875549
0.504970
1.488920
0.405995
1.062097
0.248448
0.327775
0.747960
1.151975
0.225012
0.952256
1.684950
0.817256
1.444560
1.094098
0.360022
1.482189
1.268093
0.823942
1.099040
1.196672
1.298004
0.364111
1.299505
1.121929
0.299065
0.311746
0.499684
0.863165
0.699852
0.910643
0.441157
0.641040
0.721599
1.396287
1.149021
0.500931
1.263758
1.721345
1.867867
1.055077
0.304002
0.232975
1.614067
0.394547
1.084337
1.638220
2.712089
1.155282
0.893796
1.824552
1.665130
0.896738
1.649407
1.424752
1.566795
0.937520
0.907255
1.081301
1.327397
0.206412
0.178343
1.825510
0.198620
1.886691
1.399371
1.022776
0.347421
0.326103
0.705420
0.459930
0.616960
0.266589
0.681828
0.824522
0.801945
0.415499
0.807117
0.686867
0.572317
0.171355
0.708992
0.918655
0.986413
0.327200
0.973053
1.315162
1.450583
1.866299
0.105909
0.342337
0.957437
1.073472
1.041037
0.238808
0.441018
0.722708
0.111305
0.024371
0.432667
0.443984
1.554487
0.331732
1.103500
1.073064
2.167091
0.408446
0.938683
1.836529
0.013339
0.370960
0.967696
0.527024
0.871545
0.773355
1.073634
1.629755
0.227883
0.680082
0.558900
1.281138
0.678329
1.657572
0.436489
0.643423
1.269010
0.487361
0.232072
0.534865
0.586216
0.533392
0.229549
1.605012
0.394704
1.147759
1.560963
0.249775
0.562867
0.536544
0.320404
1.286451
3.047169
0.893302
1.438481
0.353326
0.135854
0.616133
0.781694
0.751101
0.591183
0.297905
0.522173
0.223452
1.973244
3.684377
0.825922
1.006494
1.668742
0.715821
0.276810
0.534310
0.511779
0.295180
0.099026
0.530730
0.605132
0.175490
0.686825
0.691292
1.257347
0.761088
0.412643
0.583480
1.109727
0.678317
1.311243
0.520421
0.343028
0.768303
1.407070
2.951832
1.385110
0.882168
0.193129
0.298984
0.454679
1.063050
0.304507
1.163790
1.096191
0.719393
0.586020
0.652267
0.532386
0.622946
0.339401
1.021704
1.245972
1.704713
0.466144
0.313372
1.332652
1.426524
0.463849
0.810930
0.863596
0.693307
1.099276
1.369612
0.994108
0.555207
1.309648
1.404660
0.525599
1.069311
0.536277
1.045802
0.289323
0.106118
1.425286
0.652844
0.784726
0.588477
0.522212
0.378895
1.819582
1.463259
0.079743
1.642047
1.209022
0.831145
0.122517
1.183967
0.874752
0.809180
2.341582
0.864533
0.660613
1.512273
0.873428
1.823469
0.412476
1.462400
0.867169
1.848760
0.520973
1.251217
0.413943
0.124066
0.751151
0.370187
1.880392
1.494080
0.643642
0.970522
0.411639
0.266624
1.193498
0.194242
1.427557
0.310120
0.593880
0.381079
0.258166
0.906201
0.239581
0.292885
0.597185
0.770322
1.996332
2.716043
0.449535
1.270067
1.055377
0.150676
1.079020
0.643992
1.583122
0.593843
0.564335
0.787029
0.754415
1.187831
0.855798
1.435936
0.084814
1.047868
0.293370
0.673653
1.037219
0.841763
0.555764
1.262789
1.505195
0.882021
1.496814
0.983259
1.496135
1.767545
1.036879
2.406048
0.616671
0.941278
1.275087
0.686380
0.187335
0.990611
0.993684
1.802929
0.158595
0.706910
1.324434
0.468355
0.611133
0.942694
0.934094
0.459011
1.052800
1.794186
0.256128
1.161567
0.367471
0.636366
0.688086
1.285365
0.735710
0.899771
0.443052
1.302527
0.361349
0.403215
1.074977
0.833905
0.490890
0.349882
0.212670
1.268789
1.182709
1.067237
1.511765
0.526622
1.452745
0.496207
0.754734
0.702130
0.580542
0.270763
1.258703
1.617567
0.674339
1.352174
0.767201
1.823452
1.125799
1.153648
0.674227
1.202170
0.619566
1.142300
0.589848
0.327371
0.271436
0.995118
0.741349
0.918336
0.192527
1.008109
0.319012
0.552058
1.072593
0.927024
2.515647
0.640278
0.664363
0.343017
0.451699
1.266206
0.449803
1.110144
1.653635
0.605435
0.110112
0.831717
0.378298
0.339914
0.855426
0.539919
0.309577
1.690454
2.040903
0.350197
1.433424
1.343938
0.211252
1.023027
0.210330
1.196755
0.656651
2.124960
0.738698
0.770178
0.790541
1.356985
1.141515
0.833312
0.680575
0.691300
0.152134
0.734940
0.721444
0.204061
0.843547
0.956545
1.548481
0.263572
0.667145
1.098678
1.341833
1.222910
1.420803
0.071760
1.275368
0.047078
0.689888
1.308071
0.968241
0.229065
0.566565
2.423604
1.754774
0.870637
0.541263
0.960859
0.071556
0.654590
0.945850
0.954585
0.119193
1.852326
0.786329
0.457242
0.271409
0.203459
0.636358
0.833120
0.075221
1.291175
0.587930
0.606519
0.874791
1.129183
0.776171
1.359943
1.965911
0.409289
1.356524
0.345970
0.858203
0.371099
0.665088
0.523677
1.812518
0.965783
1.390511
0.619484
1.482203
1.497523
0.386458
0.596831
2.963038
1.856038
0.251586
3.023798
1.521742
0.307942
1.256486
1.371547
0.578804
0.400319
0.481074
1.027449
0.396345
0.800242
0.251255
0.479019
1.534285
0.782386
2.393752
0.341279
0.984357
0.637666
1.795958
1.563607
1.720304
1.057893
1.117185
1.247166
0.567053
1.217932
1.068157
1.075577
1.201235
1.897997
0.183088
0.669807
0.607292
1.363210
0.358843
0.978488
1.421405
0.747761
0.395347
0.233216
0.411013
1.561209
0.710438
0.668027
1.373724
0.133659
0.899965
0.478180
0.460679
1.898126
0.126664
0.844918
0.689941
0.261247
0.415989
1.004692
1.085344
0.594659
0.353414
0.956096
1.544607
1.169248
0.869093
0.837807
2.092600
0.940179
0.948828
2.512992
0.238601
1.309681
1.515408
0.502500
1.680253
1.412883
0.236309
0.989143
1.466778
0.200075
0.479660
1.637911
1.006100
1.120987
1.914810
0.318789
0.607507
0.453649
0.444522
0.584476
0.954634
0.198522
1.521231
1.006958
1.087567
0.651762
1.355434
0.830214
0.471022
1.224597
0.371395
2.154741
0.403329
2.422496
2.297716
2.041630
1.970261
0.352132
2.062308
0.391778
1.005958
0.633142
0.586394
0.360756
0.357357
1.869882
0.615797
0.259162
1.381667
0.325326
1.139039
0.813182
0.655888
1.254173
2.259543
1.649964
0.766505
2.525770
1.310727
0.589515
1.944998
1.043039
0.873848
1.094714
1.653351
1.114368
0.543987
0.222237
0.394323
0.726127
0.201077
1.738323
0.117690
0.378473
0.837707
0.607687
0.968122
0.810869
0.625164
0.738682
0.862106
0.007789
1.722381
1.728049
0.675826
0.202588
1.511607
0.202150
0.334603
0.771110
0.984847
1.512771
1.645219
1.331580
0.703796
2.066410
0.872725
0.840785
0.364995
1.197913
0.862145
1.873931
0.723848
0.626581
0.779918
1.161713
0.614196
1.405883
1.594718
1.380310
0.586430
0.142166
0.731225
0.220627
2.000479
0.641176
0.870589
1.418442
1.372221
1.035633
0.651020
0.726438
0.356798
0.929499
1.072920
0.706340
1.238132
1.638261
1.326379
1.178260
0.199428
0.112890
0.430431
0.254147
0.374329
0.401189
1.106070
3.088326
1.022787
0.976394
0.780528
0.032241
0.263790
1.216280
0.438204
1.563984
0.895591
0.645187
1.203313
0.911830
0.366467
1.088723
1.009564
0.418958
0.461114
1.188805
1.047543
1.010801
0.859794
0.242550
1.229003
1.909527
3.412980
1.320225
2.050194
1.411027
0.614449
1.296684
0.066381
0.016138
1.762150
0.301713
0.773654
1.496999
0.062743
0.311329
0.347277
0.260215
0.877130
0.240124
0.914682
2.351060
0.575884
0.299442
0.446757
0.057173
0.587564
0.733000
0.333782
2.257726
0.924514
0.096821
0.651342
0.349252
0.874918
0.893482
1.189179
0.179103
0.782387
1.574168
0.827605
1.169038
0.823710
1.141537
0.867162
2.187049
0.672349
0.748095
0.276738
0.577193
0.719500
1.062270
0.688851
0.517471
1.359151
1.289216
0.126357
0.778739
0.715137
1.389837
0.512794
0.593439
1.030213
1.274549
0.253615
2.056929
0.261504
1.032630
0.797239
0.787313
1.316611
0.092279
0.809414
1.222249
0.354413
1.581831
1.364569
1.450658
0.304221
0.507504
0.506182
1.570842
0.380388
1.252737
2.146742
1.951549
0.317467
0.182989
0.846476
0.229574
0.241152
1.430459
0.811761
1.679035
0.885738
0.950287
0.719036
1.914366
0.437517
0.827231
1.133287
1.028462
2.249569
0.805681
0.598244
1.440563
1.332003
0.179301
0.392562
1.754219
0.614290
1.196791
1.077711
1.527128
1.488176
0.840690
0.290927
0.202317
1.308354
0.299683
0.703567
0.653471
1.189552
1.832711
1.330788
0.675640
1.366544
0.471291
0.843863
1.257006
1.208484
0.876700
0.329957
1.750476
1.048568
0.994470
1.628161
0.271083
0.219971
0.385150
0.024378
0.401247
0.417454
0.800555
0.294861
1.135139
0.604153
1.090696
0.306808
1.214528
0.229006
0.470233
0.254447
1.554212
0.404708
1.453795
0.498024
0.458045
1.124454
0.586336
1.524230
0.863187
0.909097
0.997804
1.485586
0.545114
0.244504
0.291311
1.313571
1.390208
2.045080
2.769005
0.688312
1.267606
0.515434
1.567394
0.727081
0.887773
0.322016
0.242859
0.253581
0.776339
0.872114
2.111922
2.062661
0.276856
0.820827
0.246047
0.307344
0.545003
0.494951
0.806694
0.534995
0.356887
0.673697
1.796532
1.554792
0.190995
1.121098
1.198500
0.561484
0.982224
0.928211
1.022620
0.762393
0.499966
1.597671
1.422377
0.940913
0.247786
0.495581
0.298738
0.352639
2.688241
0.790639
0.241121
1.068962
0.937937
0.541806
0.483802
0.361247
1.494120
0.796129
0.744510
0.931396
0.932894
0.538294
1.444915
1.773064
0.090890
1.478329
0.507197
0.557018
0.844836
3.114808
1.352115
1.176783
0.263969
0.771744
1.092191
0.333304
1.010425
0.114443
0.147163
1.254279
0.276020
0.995218
0.745280
1.120519
2.002191
0.619664
1.409322
0.298623
0.804274
0.421420
0.539176
0.591045
0.823937
1.822104
0.966268
1.239154
0.952566
1.363823
1.480449
1.217823
1.220791
0.963227
0.513858
2.042212
0.921362
0.282376
1.936167
0.583449
0.613346
1.039461
0.250518
1.817418
0.725694
1.517284
0.540680
1.584935
1.083017
1.498411
1.052577
0.737686
0.549906
1.023015
0.514487
1.029483
1.292478
0.955533
0.222672
0.223454
1.252697
1.053018
1.220663
0.612778
1.947470
0.148436
1.515108
1.216036
0.110784
0.939229
0.785568
0.999288
0.739378
1.766953
2.674011
0.995667
0.497513
0.901242
0.987285
1.835442
0.166578
0.934838
0.710024
1.114555
0.280294
0.698362
1.161765
2.270044
1.055925
1.359832
0.073260
0.060817
0.567630
0.195598
2.196300
1.661189
0.674344
0.407779
1.207737
0.865145
0.155736
1.400440
0.984576
1.135270
0.140920
0.560234
0.605138
0.340578
1.881092
0.770449
1.244493
2.879864
1.571221
0.277671
0.575100
1.424315
1.503349
0.984040
0.261938
0.535445
0.320161
1.315776
1.137154
0.667032
0.349738
1.414830
0.656761
0.277677
0.117582
1.259942
1.188439
0.409985
1.228124
1.002775
1.392714
0.141770
0.767649
0.825534
0.056136
2.475530
0.620517
0.719713
0.566816
2.230506
1.553938
0.076587
0.428827
0.917339
1.140475
0.965171
0.982631
0.284922
0.853730
0.230447
1.365870
0.332405
0.342262
0.503999
1.718531
0.602927
0.789138
1.143075
0.321409
1.843066
1.679789
1.704637
0.617895
0.851719
0.327228
1.079263
1.131989
0.156263
0.699377
0.925543
1.442986
1.637393
0.984197
1.135923
1.133999
1.551560
1.828121
1.202604
1.958866
0.470349
1.135431
0.760454
1.395272
0.304060
0.514481
0.173233
1.295959
0.871636
0.126201
1.264727
0.823381
1.225200
0.345589
0.828883
1.484324
1.186293
1.290648
0.579417
0.764066
1.039832
0.719915
0.480502
0.782444
0.815842
2.259710
0.544369
0.512855
0.682066
1.553894
0.602743
1.895251
0.893493
0.299829
0.408515
1.475181
0.585419
0.452396
0.668950
0.484385
0.588820
0.616209
0.786090
0.180472
1.862997
0.558311
1.842223
1.319663
1.554031
2.030774
1.203345
0.501144
0.583294
1.463637
0.159033
0.086969
0.803909
0.857094
1.119357
0.250828
0.585402
0.318799
0.615019
0.602476
1.499119
0.677092
2.000616
0.495833
1.163754
1.427967
1.129754
0.063277
1.186274
2.298281
1.071580
1.263143
0.182069
0.394588
1.312749
0.981408
0.970771
0.347717
1.350506
0.903510
1.319622
0.387866
0.454770
0.072955
0.896927
0.780377
0.331501
0.541566
2.132869
1.038895
1.093765
1.400312
1.473271
0.305542
0.182660
1.151889
0.624135
1.223668
1.584124
1.208256
0.178322
0.889856
1.187330
0.417515
2.269909
1.185250
0.092578
0.807030
1.163902
0.551468
0.688205
2.297707
0.449935
0.833722
0.400453
0.264062
0.436827
0.531421
0.830207
1.172139
0.843498
0.481325
0.472239
0.649398
0.946415
1.141309
0.969937
0.668000
0.466745
0.296254
1.088563
1.074915
0.443435
0.159774
1.508838
1.298490
1.074516
0.252198
1.855466
1.186285
2.429840
1.420553
0.866794
1.017092
0.501649
0.645505
1.029701
0.688735
0.362492
0.748444
1.267900
0.744476
1.638215
0.867060
0.460863
0.474076
0.811176
1.565968
0.292366
0.647486
1.486057
1.787893
0.421840
1.549039
0.332100
1.756595
1.226029
1.359059
0.139003
0.368662
0.483393
0.291944
0.842830
0.284159
0.502208
1.167860
1.354720
1.707748
0.410001
1.153546
0.762150
0.529733
0.495348
0.779921
0.572518
0.082592
0.450691
0.700481
0.931767
0.351174
1.694466
2.059919
0.508823
0.861146
1.951458
2.088291
1.467067
0.490172
0.415379
1.137597
1.247948
0.290817
1.091650
1.199952
0.303128
2.009500
0.873695
0.155455
0.878028
0.752012
1.102302
0.313386
1.581267
1.369919
1.279665
0.514815
0.516332
0.419050
1.137084
0.299954
0.449903
0.263623
1.382814
0.710836
0.787888
0.404667
0.711456
0.333976
0.691025
0.783772
1.146302
0.394696
0.397795
0.917406
1.480182
0.132259
0.570689
0.770513
0.878655
0.390146
0.345146
2.169732
2.361031
0.999455
1.017297
0.871895
1.319761
1.384982
0.613666
1.646770
0.916272
0.668819
1.083631
0.587023
1.281452
0.203648
0.561619
0.645759
0.787965
0.294552
1.776334
1.411172
0.858898
1.228725
1.221549
0.703190
0.143539
0.081456
1.880036
0.212607
0.797264
2.312887
1.117810
0.591796
1.428039
0.621235
0.202842
1.040072
1.270236
0.231814
1.613564
0.921590
0.774052
2.647272
0.191196
0.542678
1.194272
0.357761
0.822363
1.248348
0.389197
0.558020
1.031861
1.578802
0.904304
1.215951
0.795416
0.887696
1.652390
1.365349
0.565686
0.160581
1.624934
0.559307
2.395313
0.897193
1.384436
1.152670
1.266054
0.222687
0.596925
1.213371
0.332182
1.223401
2.503250
0.271193
0.604869
0.186920
0.740373
0.991408
0.157757
1.023184
1.498509
1.121938
0.173716
0.750649
0.750643
0.032024
0.271102
0.228366
0.169741
1.851882
0.284121
0.497820
0.941440
2.047579
0.912739
0.389379
0.280235
1.208355
0.426839
1.702390
1.244974
0.693238
1.510652
0.867996
0.794542
1.101777
0.121917
0.613671
0.728001
0.956439
0.980658
0.215346
1.276959
0.658168
1.429752
1.572635
1.361782
1.464409
0.225366
1.254757
0.659591
0.659706
0.277566
0.320796
0.985442
1.759343
1.132864
0.798823
0.700803
0.422022
0.672910
0.818239
0.501499
1.015822
0.837973
0.220828
1.079647
0.480131
1.113005
2.118912
0.372068
1.391927
2.454904
0.188268
0.896137
1.410483
0.329247
1.132859
1.487216
1.781327
1.274440
0.520177
1.200448
1.142813
0.299525
0.673576
0.908502
1.283923
1.373760
0.961034
0.354543
0.557256
1.351065
1.379749
1.246104
0.806658
0.918866
0.825036
1.161929
0.298183
0.956869
1.062871
0.927639
2.526099
0.582171
1.187038
0.154806
0.664923
0.596501
1.218547
2.018528
1.409287
2.035411
0.990483
0.230847
0.967186
1.954858
1.058972
1.591385
1.438420
1.579963
1.565879
0.484116
0.965750
0.482894
1.485514
0.435945
0.827291
0.855538
1.157898
2.118101
0.418891
0.389536
1.513027
0.352085
0.532141
0.855166
0.901573
1.011699
0.215733
1.050304
1.070302
2.500388
1.661578
1.722869
0.937354
1.181364
1.000209
0.312309
0.569478
0.102729
0.544934
1.109016
1.350700
1.761290
1.320371
0.506277
0.701636
0.630405
0.389501
2.235727
0.664700
1.098413
1.649529
1.563018
1.927958
1.387875
1.424930
0.769706
0.744525
0.144883
0.656258
0.374929
0.591830
2.378236
1.162816
0.840864
0.470076
1.243737
0.324824
1.004017
2.179928
1.363380
1.163814
0.067185
0.384113
2.153782
0.076718
0.494836
0.655811
1.698979
0.220674
0.296302
1.808555
0.764407
0.957834
0.660345
1.398903
1.727754
0.616937
0.556214
1.240898
2.725341
0.338491
0.838884
1.020652
0.978079
1.450428
0.942210
0.497438
0.535162
0.998185
0.633298
0.796788
0.804714
2.698543
1.396834
0.558672
0.535102
0.288669
0.400616
0.498500
0.106928
0.646326
1.319273
0.603150
0.412263
1.399602
1.298228
2.102746
1.256045
1.401191
1.007711
1.085609
2.275820
0.873722
1.659699
1.328182
0.103356
1.119610
2.151338
1.898551
0.559197
0.395908
0.803815
0.753208
1.873950
0.376355
0.423626
1.184549
0.523899
2.636510
0.616830
0.269763
1.415670
0.436366
1.541398
1.903647
1.431046
0.815106
0.284565
1.242109
1.358598
0.700399
1.059667
1.739247
1.003777
1.891955
0.943568
0.144442
0.132646
1.825137
1.300030
0.368461
2.013095
0.457495
0.686474
0.404144
2.248681
0.407159
0.504075
1.846192
0.243882
0.754810
1.013177
0.638971
0.083952
0.074518
1.311123
0.826550
0.522907
1.175525
1.016623
0.317343
3.141509
0.924419
0.214877
1.831357
0.460899
0.175822
1.595303
1.058094
0.942255
0.622248
0.600227
0.576025
0.647390
0.256946
0.512990
1.338550
0.528155
0.984688
0.577100
0.149622
1.256758
0.806035
0.196343
1.071717
0.919177
0.789587
0.551340
1.898359
1.891252
0.486302
0.622291
0.784118
0.930097
0.811817
1.419371
2.087443
0.401330
0.611897
1.618843
0.176465
0.165980
0.736596
0.403652
0.770120
0.232389
0.726500
0.437981
0.387168
0.484452
0.611898
0.795486
2.414005
1.996385
1.353153
1.184007
0.886512
1.025110
1.785651
0.018376
1.005254
0.884558
1.027614
1.390334
0.589343
0.959491
0.657771
1.392227
0.677508
1.351137
0.250339
1.725977
0.359918
0.188901
0.160837
1.596409
0.888619
0.648653
0.695339
0.897627
0.606273
0.454109
0.926292
0.077202
1.481492
0.462976
0.610913
1.229204
1.575549
0.142981
0.871360
0.196771
0.012713
1.111988
1.538245
0.969069
0.697861
0.381260
0.295199
0.911724
0.495160
0.558307
0.386721
0.873810
1.450374
1.610022
1.658341
0.667116
0.338834
0.231539
0.232161
1.071867
2.186088
0.490128
0.232879
0.459574
0.065056
0.645707
0.818499
0.640390
1.540599
0.034070
2.174862
1.292597
1.597247
0.594418
1.534762
0.909405
1.584625
1.204652
2.973557
0.213960
0.945419
0.036925
0.878739
0.848513
3.474046
0.410220
1.121473
0.235338
0.540043
0.826581
1.353567
0.350332
0.437551
0.572146
1.503230
0.775935
1.293799
0.181679
1.068313
0.238788
0.064928
1.140486
0.210323
0.587123
1.148582
1.407198
0.410244
0.902810
1.448829
0.920403
1.066862
0.469491
0.895307
0.157902
1.109710
0.187060
0.758023
0.501806
1.711089
0.850345
1.642327
1.435254
0.894722
1.406197
1.478692
0.743209
1.211891
1.420339
0.567850
1.195674
0.284410
1.243322
0.866082
2.476705
0.549046
0.637087
0.630834
1.180471
0.317729
0.992322
0.775948
0.339073
0.665541
1.286193
1.441640
2.175948
0.225977
1.677241
0.880788
0.458191
1.637530
1.218482
0.363711
0.755281
1.299943
0.170903
1.139721
1.574528
0.459497
0.785437
1.096487
0.084638
0.305405
1.528611
0.865633
0.387418
0.669610
0.769231
0.895136
0.122238
0.704836
0.822252
0.686421
0.664199
0.417670
0.238541
0.477201
1.053385
1.650435
0.134654
2.361747
0.972346
1.557838
0.407801
0.476896
0.562201
0.860906
1.885024
0.399605
2.071124
0.396602
1.581351
0.229471
1.135911
1.162212
0.951354
2.715262
0.692441
0.813757
0.941287
0.207977
1.074787
1.259374
0.526282
1.102286
1.210617
0.832417
0.281002
0.402933
0.776137
0.229574
0.341593
0.192371
0.974335
1.056229
0.482837
1.448907
0.287590
1.325214
0.815754
1.183366
0.797104
0.528955
1.758682
1.074883
0.763195
1.032850
1.327526
1.167780
0.528312
0.778480
0.521513
0.218014
0.438758
0.661236
1.505106
1.009154
1.568225
1.404655
0.745200
0.822364
0.446606
0.194491
0.258663
0.574443
0.360740
0.461560
1.470255
0.568950
0.534207
0.586274
1.005711
0.422364
0.523112
0.707961
0.857115
0.415585
0.199491
0.317047
0.435697
0.618880
1.184784
1.318464
2.356487
0.213803
0.611724
0.368995
0.202228
1.423037
1.404070
0.823268
0.900258
0.731131
0.720261
1.019855
0.803912
0.482886
0.742686
1.487582
2.030918
0.386625
1.280053
0.355493
0.175695
1.002567
0.557687
0.629878
0.924607
1.407058
0.928048
0.694600
0.770940
0.355768
1.092747
0.682805
0.406378
1.841285
0.353084
2.107283
0.249594
1.721985
1.728046
1.067800
1.036200
1.282110
0.168709
1.558462
0.143179
1.016107
0.712923
0.162713
0.507750
0.954416
0.468182
1.709054
0.831131
1.648062
0.220871
0.106963
1.055406
1.315919
0.669661
0.708320
1.003441
0.893263
0.562323
2.060369
0.370315
0.682173
0.738076
1.323240
1.697757
1.363860
0.608406
3.465308
2.332770
0.202823
0.286261
0.522970
0.952535
0.653092
0.559767
0.262434
0.626931
2.104018
0.117650
0.721360
0.177237
0.653586
0.775441
1.535401
0.638563
0.848881
1.938044
0.561700
0.815969
0.062606
1.652435
0.759089
0.149594
1.309259
1.274014
0.461819
0.678982
0.823267
1.537319
0.633141
0.744285
0.344817
0.361059
0.357915
1.214780
1.212635
1.005032
1.540226
0.249157
1.762983
0.256786
0.500558
0.956908
1.091037
0.548863
1.165584
0.327358
1.013778
2.267119
2.696674
0.015706
0.341337
1.509464
1.213984
0.156426
0.712408
0.869482
0.546727
0.965341
0.645685
0.969005
0.793484
1.171201
0.445327
0.833234
1.986009
2.087993
0.750596
0.751372
0.859620
2.413685
1.840301
0.240193
1.805156
0.175138
0.548150
1.824653
0.303927
1.884040
1.062328
0.064888
0.683372
0.867798
0.555275
1.365163
0.466360
0.814250
0.551780
1.306504
0.542989
0.795092
0.290440
1.433333
2.498230
0.444258
0.377020
0.506342
1.003313
2.190606
0.696962
0.127261
1.080758
0.922960
1.272840
0.466788
0.038180
1.162439
0.909137
0.987558
1.575222
0.543102
0.976872
2.413723
1.274129
0.947340
1.131761
0.863777
0.506515
0.683285
0.569963
1.029265
0.737067
0.453562
0.877269
0.810027
0.583247
2.009035
0.269976
2.059842
0.520007
0.852297
1.114311
1.138235
0.495250
0.869448
0.703584
1.749064
0.718746
1.302227
0.826703
1.480485
1.792676
0.450334
1.787140
0.914484
0.524772
1.512153
0.443085
1.599844
0.529809
1.903787
0.132930
0.997637
1.055502
0.399168
0.580941
0.277094
0.308271
1.625778
1.516332
1.444308
0.836967
0.569862
0.634182
0.065950
0.206290
0.342803
0.521326
0.671145
1.659268
0.345587
1.466204
0.790528
1.444904
1.460304
1.242284
0.684101
0.041074
1.336820
0.263085
0.380726
2.960374
0.829027
1.697382
0.443077
0.447552
1.066498
0.498347
2.341376
0.930790
0.716045
0.303032
0.746896
0.119578
0.919578
1.614513
0.114820
0.737521
1.154163
0.667863
1.678315
0.299650
0.549973
1.017075
1.362239
0.381202
1.314952
0.338462
0.562326
0.822317
0.690139
0.944099
0.497502
1.745183
0.575575
1.383147
0.383549
0.104870
0.908020
0.606514
2.103824
0.980569
0.429937
1.706649
0.066480
0.639931
0.377093
1.157271
2.001526
1.578298
0.796964
0.083410
0.688918
0.772264
1.061691
0.588802
1.576120
1.229434
0.601659
0.869795
0.174606
0.683860
0.849891
0.905314
1.373285
1.099094
0.400134
0.501733
0.749363
0.321724
0.373003
1.023921
0.319865
0.060053
1.178510
0.884930
1.612385
0.953031
1.020225
1.129795
1.220986
0.458510
0.341813
2.127028
1.102127
2.938894
0.147750
0.085822
1.581791
0.583361
1.196614
0.789070
0.147960
1.833638
1.062447
0.896075
0.489967
0.607053
0.557187
1.031472
0.313067
0.954599
0.463661
0.632997
1.489177
0.525765
1.647187
0.862163
0.845334
0.338338
0.875764
0.474922
0.225879
0.671847
0.588487
2.085756
0.697924
0.196693
0.431686
0.417827
0.972546
0.721576
0.748986
0.836934
0.577357
0.524664
0.714202
0.226927
0.759562
0.522806
0.992506
0.744141
1.760710
2.566320
1.944998
0.352018
1.010306
1.334471
1.641027
0.725639
2.923365
0.722850
0.449490
0.317420
0.377148
1.856872
1.688464
1.281249
1.360063
1.673172
0.993427
1.024366
0.378868
0.652228
1.783504
0.801091
0.705333
1.491415
1.573260
0.685903
0.774331
0.650708
0.610881
0.992736
1.242151
2.367503
0.219226
0.649020
0.568079
0.310882
1.255889
2.168769
0.923560
0.741495
0.168773
0.918395
0.990223
0.499515
1.242514
1.418415
0.851894
1.118160
0.228714
0.868661
0.834989
2.103818
0.572545
1.456584
3.591840
1.137516
0.544993
1.212603
0.991717
1.047151
0.787874
0.758387
2.302871
1.633214
1.477241
0.283344
0.513695
1.227630
0.426187
1.201714
0.572588
1.437211
0.859563
1.686717
0.216003
0.876538
0.156124
0.379794
0.367505
0.656246
0.623210
0.099990
0.068607
0.440958
0.157253
0.321765
0.646120
1.262349
0.665287
0.891578
0.200362
