1.013522
1.016367
0.994853
1.001865
0.968597
1.013893
0.988421
1.003668
0.948902
1.001662
0.994222
0.988693
1.014880
0.993047
0.946211
0.982421
0.991773
0.994366
0.994981
0.996735
1.006869
1.004616
0.961104
0.975404
1.005614
1.017410
0.977625
1.008826
0.990357
0.976867
0.947958
0.989934
0.992984
0.989153
1.006932
1.009295
0.972477
0.998749
1.001826
0.997782
0.993387
1.005619
0.991257
0.955219
1.006224
0.988548
0.994490
1.005379
0.985382
1.006798
0.974749
1.018580
0.999338
0.967102
0.989772
0.991127
0.967654
0.954981
1.019173
0.987703
1.016150
1.004906
0.977670
0.996209
0.994131
1.008691
1.003929
0.958608
1.008040
0.984451
1.003272
0.994570
1.009406
1.008799
1.002826
0.928087
0.975000
0.921786
1.004903
1.015477
0.986585
0.971819
1.023932
0.929389
0.985398
1.018388
1.008416
1.003654
0.998423
0.983917
0.958670
0.992496
0.940036
0.992312
0.982726
0.999748
0.982070
0.982552
0.995606
1.008178
1.001295
0.988197
1.004658
0.987682
0.940667
0.954621
1.004029
1.000213
1.016492
1.021412
0.996740
0.997529
1.026530
0.999655
0.991646
1.017405
1.017667
1.013761
0.978164
1.004120
1.019831
0.945092
0.999498
0.994491
0.988511
0.980965
1.009033
0.994024
1.007495
1.001825
1.001651
0.987362
1.005169
0.990338
0.973054
1.005979
0.990306
0.952820
0.948065
0.999151
0.965557
0.960541
1.000672
0.993426
1.002023
0.993292
0.989857
1.014713
1.004298
1.003372
0.999097
0.993112
1.016802
0.963563
0.974416
0.979261
0.998123
0.994619
1.000442
1.003034
0.968696
0.997112
1.007322
1.006965
0.983766
0.939137
1.001842
0.973428
1.018686
0.983724
0.974436
0.959817
0.973457
1.004353
0.962361
1.013219
1.003118
0.990746
1.019240
1.002755
1.019606
0.963991
1.010342
0.996584
0.996538
0.994386
0.996951
0.977756
1.006468
1.022899
0.986524
1.011863
0.983607
0.971234
1.002719
0.992773
0.959182
0.990619
0.984409
0.994891
0.964539
1.003261
0.997061
0.989297
0.983111
0.983078
0.918833
0.990396
0.995690
0.997559
0.984765
1.014253
1.007337
1.003752
1.000936
0.987169
0.973999
0.989649
0.980950
1.009337
0.974263
1.000156
0.965292
1.000741
1.023909
0.984922
0.980904
1.010174
0.995887
0.939123
0.988141
0.997237
0.979384
0.995675
1.005980
0.995115
0.983978
0.982622
0.964553
1.007267
0.986450
0.985689
0.989638
1.016243
0.975937
0.975213
0.964830
0.919445
1.008523
0.982832
0.987647
0.982705
0.995350
0.987560
0.992107
0.977890
0.954380
0.981037
1.025174
0.960924
1.013773
0.977438
0.989241
1.004066
0.996469
0.936826
0.979440
0.973242
0.984946
0.974281
1.007971
0.992859
1.006138
0.964281
0.986757
0.998136
0.997421
0.994148
0.980049
1.000601
0.974409
1.003508
0.976084
0.999227
1.006844
0.997769
0.994210
1.014592
1.001991
0.995359
1.007240
1.013305
0.982771
1.000061
1.001359
0.999732
1.006860
0.975502
0.998717
1.016191
1.000644
0.995377
1.007158
0.991774
1.002206
0.998793
0.976100
0.997916
0.979516
0.990809
0.983586
0.975123
1.008495
1.001895
1.001118
0.975329
0.940530
0.984319
0.980119
0.982186
1.013677
0.985415
1.019463
0.986200
0.976099
1.007165
0.985436
1.010703
0.989234
1.006945
0.979239
0.998555
0.998321
1.018749
0.965174
0.967289
1.001283
1.003967
1.014023
0.978576
0.991778
1.008901
1.000179
1.019055
0.990597
0.955241
0.984152
0.981286
1.002624
1.006840
0.957964
0.994455
0.964051
1.017840
0.958956
0.980806
1.014326
1.009350
0.995719
1.018075
1.000828
0.989114
1.011736
1.032095
1.010983
0.984375
0.980489
0.990461
1.011742
0.986742
0.987993
0.969061
0.983858
0.992822
1.007785
0.997092
1.016911
0.992360
1.003403
0.997409
0.967136
0.964361
0.989941
0.955250
0.989848
0.995686
0.999291
0.975629
0.987974
0.985413
0.997716
0.963565
1.003616
0.981036
0.997965
0.956992
1.012732
0.978430
0.975642
0.991515
1.010268
0.993599
1.021700
0.970183
1.018704
0.937576
0.990424
1.014535
0.989889
0.992994
0.984080
1.016002
0.939616
1.007177
0.997055
0.990720
0.994320
1.024142
1.004050
0.961646
0.946773
1.021490
0.986062
1.019644
0.979256
0.972994
0.997607
0.965479
0.983781
0.988930
1.008020
0.956395
1.001843
0.905774
1.024907
1.027132
0.996413
1.016440
0.999707
0.966181
0.987251
0.978228
0.937747
1.007338
0.962917
0.996793
0.973909
1.002335
1.009077
0.998142
1.003179
1.021955
1.003006
0.980102
0.970392
1.002967
1.007002
0.977697
1.003353
0.955216
0.987059
1.004984
1.002467
0.934483
0.990458
0.997577
0.984732
1.017292
0.967710
0.999858
0.979829
0.941311
1.001471
0.988470
1.020210
1.009633
0.969983
0.980086
1.012762
0.994267
0.980988
0.941337
0.997850
0.996607
0.974857
0.999987
1.009460
0.990280
0.941929
1.000296
1.001106
0.999034
0.985899
0.998420
1.002330
1.005342
0.971157
1.000716
0.973674
1.008322
1.008931
1.016083
1.011058
0.990385
0.984197
0.997579
1.011019
1.005544
0.985496
0.975253
1.001912
0.984887
1.024420
0.999520
0.994870
0.918132
0.973219
1.005788
0.922272
0.990633
0.994622
1.001349
0.953137
0.986076
0.998862
1.004455
0.997421
0.997517
1.001446
0.988632
1.000926
0.996633
0.989435
1.002493
1.015182
1.014300
1.018466
0.983119
0.989142
1.004790
0.988621
0.977526
0.977031
0.992128
0.987939
0.993886
1.006894
0.993272
0.990354
0.974182
0.959771
0.978008
0.977111
1.006939
0.939361
0.995732
0.987038
0.940277
1.005579
0.997668
0.987716
0.997552
1.006489
1.012116
0.977532
0.989541
0.991885
1.000146
0.985711
1.004774
0.967165
0.955895
1.005724
0.986776
1.011898
1.014624
0.969244
0.999442
0.968320
1.018394
0.927436
0.964183
0.992260
0.968088
0.982902
0.996494
1.011649
0.978935
1.001525
1.007904
1.030246
0.991048
0.967914
0.988328
0.961624
1.007567
1.005962
0.977034
1.004208
0.971773
0.997873
1.007727
0.982448
0.982802
0.999568
0.984558
0.993191
1.012507
1.001910
0.988868
0.960959
0.991489
0.992458
1.001033
0.987568
0.991094
0.998539
0.995846
0.977011
1.002228
0.962967
1.007592
1.016725
0.970536
1.011784
0.993012
0.976893
1.015465
1.015955
0.947338
0.993431
0.958861
1.001960
0.982399
0.982340
0.992286
0.964512
1.010886
0.999551
0.974006
1.009537
1.012811
1.000062
1.009402
1.008529
0.978263
1.001537
0.997937
0.988350
1.004344
0.976181
0.978435
1.006908
0.961215
0.956988
0.941808
0.996630
0.985822
1.005068
1.007685
1.032281
1.001803
1.006540
0.974456
1.008810
1.002192
0.976794
0.994711
0.998416
0.967748
0.990321
0.987303
1.007530
0.986170
0.982402
0.965806
1.005581
0.998805
0.999924
0.988254
1.017001
1.003825
0.977875
0.987528
0.990521
0.982216
1.018700
0.970901
1.008949
1.011884
1.011185
1.006157
1.010134
0.973100
1.006435
1.021843
1.010919
0.987478
0.980078
0.985797
0.997152
0.978775
1.007154
0.999522
1.009610
1.015929
1.003852
1.016391
1.006981
1.011838
0.997976
0.981055
1.000602
1.008989
0.991065
0.994711
1.005990
1.002329
0.992327
1.002878
0.997905
1.009723
1.005656
0.994670
0.946715
0.999454
0.959692
0.987844
0.973896
0.981647
1.007293
1.010459
0.956116
1.013764
0.938779
0.963035
0.992203
1.004171
0.974929
0.997451
0.989244
1.008551
0.997422
1.018377
0.994882
0.989086
1.005679
1.005392
0.980528
0.945831
0.997846
0.990673
0.977181
0.982416
1.004501
0.999212
0.992279
0.991602
0.980727
0.977591
1.003336
0.993885
0.970873
0.959017
1.016275
0.955728
1.006273
0.996074
0.975649
0.982003
0.953418
1.017094
1.012161
0.997093
0.963446
0.995930
1.017139
0.957666
1.016830
1.007064
0.996872
1.002080
1.007066
0.996103
1.007655
0.993866
0.979362
1.007440
0.959570
0.993207
0.969263
0.994542
1.014058
0.990134
0.961988
0.995301
0.969140
1.000579
0.973405
1.005304
0.991348
1.000087
0.989803
0.993421
1.014014
0.992650
0.994229
1.010813
1.002022
0.972143
0.992793
0.993363
1.020011
0.987596
1.014200
1.006237
0.998063
0.978151
1.006822
0.970459
1.003476
0.977271
1.012714
0.971430
0.927274
0.977953
1.005956
0.994325
0.988652
0.987727
0.980089
1.012384
0.985505
0.998045
1.016667
0.993150
1.008590
0.998080
0.985822
0.977730
0.975417
0.999957
0.994245
0.968228
0.986302
1.017553
1.005693
0.980131
0.996458
0.987820
1.011433
0.968238
1.014961
0.964489
1.006010
1.005289
0.960866
1.010482
1.008644
0.964126
0.990350
0.991643
0.990415
1.004069
0.989287
1.006556
1.013079
0.993195
1.014719
1.006728
1.003418
1.000038
0.989806
1.008728
1.018614
1.010762
0.961666
1.018067
1.013977
1.015652
0.978938
0.978184
0.989633
0.991320
1.012397
0.952345
0.966033
1.014591
1.006782
1.011345
0.997712
0.990581
0.995019
1.007992
0.963861
0.964353
1.015099
1.010600
1.020071
0.995132
1.012824
1.017280
0.980290
0.956329
0.985984
0.985859
0.955305
1.005947
0.965899
0.983613
1.023559
0.994714
1.003479
0.971253
1.007992
0.946061
1.005281
0.977941
1.005664
0.960077
1.026118
1.002467
1.005088
1.008929
1.012676
0.957236
0.954753
0.994046
0.978737
0.967718
1.007821
1.015982
0.993946
1.013539
1.003114
0.971099
0.947350
1.004836
0.993069
1.010523
1.010508
1.013844
0.991505
0.971427
0.995103
1.015690
1.000144
0.973151
0.967866
1.007657
0.976870
0.981467
0.996229
0.991462
1.015428
0.990949
1.023605
1.000510
1.007777
0.969100
0.979793
1.009723
1.002726
0.972603
0.997890
1.021428
0.995543
0.974643
1.013491
0.998904
1.004665
0.993473
1.007920
0.994574
0.993679
1.009237
0.943339
0.915263
0.992434
0.966003
0.985856
0.995733
1.018807
1.013821
0.958381
1.000950
1.001350
0.996489
0.975694
0.998223
1.019453
0.958923
1.016062
0.992300
1.003189
0.979892
1.009962
1.017568
1.003489
0.970838
0.992628
1.011133
0.985341
1.015778
0.999066
0.995473
0.983273
1.003690
1.012666
1.012073
1.007813
1.008843
1.013409
0.976202
0.977626
1.010441
0.994989
0.989083
1.018208
1.012079
0.986312
1.007311
0.994079
1.013327
0.997697
0.987911
0.966026
0.994348
1.015521
0.956230
0.991087
0.973098
1.012445
0.964424
1.002866
0.971823
1.005053
0.986713
0.935178
0.980414
0.968440
0.984745
1.019079
0.995981
0.982768
1.015501
1.002700
1.017727
0.969876
0.971381
0.998742
0.957774
1.005256
1.014794
0.994901
0.980508
0.991048
0.960709
1.008752
0.989105
0.967679
0.988444
0.946618
0.992682
0.992677
0.973521
1.008641
1.003108
1.005124
0.993415
1.022121
0.955057
1.008265
1.030740
1.011955
0.976238
0.930157
0.993514
0.973133
0.979864
1.003180
0.989652
0.976568
0.996732
0.980021
1.010763
0.991809
1.003800
0.997786
1.015769
1.022133
0.972394
1.002015
0.995932
0.981589
1.008474
0.936283
0.990418
1.006994
1.010588
0.997968
0.998465
1.011305
1.003875
0.985627
1.017381
0.998954
1.013028
0.976012
0.996872
0.976222
0.987816
0.998023
1.017302
1.007256
1.006445
0.991351
0.975097
0.986411
0.982729
1.015466
1.006683
0.986414
0.997888
0.963780
0.986422
1.004532
0.986512
0.964727
0.967055
1.010429
0.975752
0.997608
1.015279
0.982987
0.991052
1.007733
0.988575
1.008102
1.007958
0.952211
0.997257
0.970894
0.987927
0.990598
1.010377
1.001160
0.988188
1.012344
0.967682
1.000826
1.015476
1.019501
0.996127
0.997701
0.953156
0.974077
0.998189
0.973381
0.942920
0.997730
0.996018
0.985065
0.997808
1.002068
0.978730
0.992434
0.991130
0.993468
1.011476
1.018748
0.994673
0.958277
0.965534
1.000274
1.010020
0.981589
1.001627
1.005947
0.989429
0.960768
0.965450
0.998529
0.998353
1.014337
0.997961
0.962439
0.999010
0.978569
0.981459
0.973438
0.958386
0.978675
0.988896
0.993436
1.007347
0.979634
0.991226
0.959377
0.981544
0.970591
1.003032
0.940077
0.992507
0.999715
0.987887
1.005436
0.946689
0.997858
1.014333
1.010423
0.999144
0.998687
0.986172
0.974004
1.004818
1.002050
1.009266
0.975199
1.013246
1.013336
0.973838
0.989243
0.983126
0.989632
1.002461
0.978011
1.019485
1.010005
1.000777
1.005233
1.002299
1.001134
0.988453
1.004749
0.973046
1.017632
0.982425
0.980716
1.018872
0.953131
1.003883
1.013723
0.998753
1.011907
0.979057
1.010469
0.998206
0.991659
0.997016
1.019182
1.015596
0.900941
1.004492
0.990797
0.983607
1.014141
0.991639
0.978726
0.959842
0.974908
1.006237
1.014962
1.012249
0.963904
0.987388
0.997099
1.007321
0.985021
0.989449
1.005019
0.991364
0.962825
0.979978
1.000168
1.000806
0.998101
1.012478
1.003592
0.998371
0.991891
0.983906
1.008526
0.982540
0.981181
0.978970
0.999043
0.978936
0.999007
1.004862
0.994959
0.968709
1.016394
0.991926
0.982750
0.918473
0.992269
0.997745
0.988566
0.983394
0.977160
0.970631
1.016862
1.016186
0.990668
1.001287
1.012373
0.978873
0.975229
0.998786
1.001834
1.020699
1.017743
0.969257
1.008145
0.994434
0.979598
0.971073
0.991754
0.990098
0.980419
0.983829
1.006852
0.953968
0.983428
0.979525
1.003311
1.000601
0.970036
1.004162
0.985975
0.942448
0.979813
0.984110
1.006377
0.969526
0.991642
1.002647
1.002639
1.013519
1.018426
0.951672
1.013655
0.986070
1.002107
0.972701
0.990351
1.009721
1.017381
0.979006
1.007838
0.935826
0.998909
1.016412
0.988884
0.985658
0.998330
0.995973
0.992441
0.977276
0.987422
0.996386
0.985427
1.008021
1.000051
0.985743
1.016336
0.984387
0.964835
1.008604
0.980723
0.954872
0.984260
1.000106
0.964987
1.002349
0.943828
0.963357
1.017736
0.984467
1.001424
0.981673
1.012839
1.000743
0.977912
1.009715
0.986902
0.993569
0.961264
0.985322
1.005464
0.974383
1.005249
1.021784
0.996644
0.909748
1.011477
1.012362
1.020930
1.013229
0.993020
0.994239
1.007535
0.931894
1.009556
0.961028
0.996157
1.014575
1.006101
0.989550
0.996063
1.007820
1.008236
0.981563
0.959604
0.993868
1.028562
0.993322
0.987608
1.012330
1.018229
0.978218
1.000476
0.955339
0.999152
0.978762
0.991587
0.990034
0.985022
0.982806
0.982438
0.947339
1.017360
0.979492
0.999157
0.969051
0.990701
0.946413
0.995444
0.966116
0.991745
0.988312
1.002335
0.996281
1.007997
0.899383
1.011326
0.992805
1.006561
0.998703
0.986271
0.999417
1.006084
1.012164
1.032857
0.997315
0.982266
1.007243
0.999415
1.000708
0.980344
0.991527
0.922100
1.000778
1.015987
1.015839
1.006436
1.003692
1.002008
0.983465
0.967231
0.962469
1.016344
0.987932
0.998431
1.001592
0.996156
0.963488
0.996620
0.981566
0.991762
0.975827
0.977316
0.995289
0.983066
0.998962
0.992130
0.987110
0.988724
0.995617
0.998256
0.953582
1.019374
0.949638
1.007555
0.953079
0.976265
0.984814
0.983898
0.986620
1.017616
0.990084
0.990478
0.976622
1.013181
1.010101
0.980017
0.967390
0.992801
0.957016
1.003927
0.969400
0.988822
0.974742
1.002119
0.966483
0.968794
0.962572
1.013642
1.002968
0.986304
0.990773
0.961766
0.991747
0.989536
1.011787
1.014977
1.006277
1.004120
1.014887
1.022977
0.990675
0.996795
1.021333
1.018478
1.003951
1.012939
0.997141
0.985877
1.021644
0.991681
0.975946
0.993299
0.912784
1.006038
0.946691
0.990044
1.003354
1.010929
1.018209
1.000840
1.010920
0.983433
1.014546
0.995986
0.988710
0.965743
0.999942
1.007816
0.982335
1.003523
0.999867
1.003560
0.993273
1.024914
0.950660
0.966539
0.973370
1.006779
1.014309
0.983935
0.997523
1.007131
1.001049
0.974731
0.992812
0.995065
0.954823
1.003350
0.983173
0.993762
0.997083
1.008725
0.973486
0.978296
1.012088
0.963249
1.014930
1.014467
0.967553
0.984095
0.970325
1.008665
1.030254
0.983358
0.977311
0.995893
0.997924
0.987148
0.971860
0.971141
0.980536
0.959172
0.985634
1.008335
1.022767
0.981581
0.981413
0.996539
1.004809
0.991914
0.955994
0.988313
0.959547
1.008723
0.982077
0.961768
0.961370
0.946138
0.998590
0.990558
0.989574
0.969016
1.028969
0.997074
1.009444
0.999452
1.012686
1.001937
1.005300
0.997269
0.989244
0.983480
0.993931
1.014682
0.969502
0.992312
0.987479
1.006277
0.980145
0.958026
0.994399
1.020625
0.959396
0.995402
1.017490
1.020050
0.966310
0.998528
1.006577
0.982974
1.033938
0.954667
0.949160
1.000853
1.001147
0.960427
0.986868
1.017568
1.007119
0.979668
0.973966
1.005950
1.006972
0.935276
1.012074
0.992881
0.983358
1.009036
0.995771
0.949581
1.004086
1.016950
0.954775
0.959111
0.974189
1.001508
0.995823
0.969470
0.993742
0.993333
0.990549
0.997070
0.954473
0.952946
0.984431
0.989965
1.020921
0.992562
0.934772
0.987864
0.976764
0.983348
0.992428
0.955914
1.000308
0.987158
0.969615
1.002113
1.006029
0.905898
1.027478
1.003138
0.992733
1.019666
0.983735
0.999529
0.998066
0.906331
1.011144
0.992317
0.986162
1.023476
0.954387
0.972375
1.004469
0.963693
1.013181
0.999645
0.997316
0.956760
0.961383
1.026636
1.005306
1.025387
1.006762
0.991457
1.020172
1.001521
0.987129
1.011105
0.988343
1.008455
0.996182
0.996597
0.972007
1.003542
0.995643
1.010184
1.021668
0.976391
1.004904
0.990090
0.982819
0.996412
0.987225
0.956494
1.010194
0.988193
0.979450
1.004792
1.005494
0.985193
1.001515
0.958388
0.986188
1.010547
0.974904
1.004387
1.002565
0.986863
0.988166
0.969777
1.011774
0.955437
0.998387
1.002101
1.009164
0.969874
0.970004
1.008229
0.971302
0.986510
1.008428
1.005755
1.005129
0.985869
1.001428
0.988397
1.006543
0.955999
0.996709
0.976873
1.005551
0.977954
1.008986
0.985555
1.010600
0.946316
0.990600
0.968034
1.002074
0.993872
1.020016
0.989676
0.984373
0.989650
0.979627
0.992316
0.976382
0.967609
0.962417
0.973740
0.973364
0.986587
0.990137
1.003825
0.968268
1.004059
0.996551
0.979272
1.011190
0.997132
0.980083
0.996292
0.988726
1.011669
0.982290
1.010174
1.004093
0.997220
0.997868
0.994791
0.984026
0.986010
1.001010
0.948777
0.986149
1.008995
0.956475
1.009031
0.983632
1.005029
0.994748
0.951980
1.004214
0.987402
0.995680
0.994978
1.017893
0.962289
1.003816
1.009311
0.980149
0.940453
1.003994
0.936067
0.989596
0.985822
0.999009
0.990925
0.975130
1.023791
0.992349
0.997475
1.009785
1.012053
0.990852
0.981475
0.998142
0.991336
1.004903
0.964394
0.967970
1.010041
1.006126
0.985502
0.996556
1.013315
0.967717
0.985726
0.950093
1.001844
1.007588
1.010867
0.996882
1.006702
0.996785
0.981490
1.022857
0.989876
1.008214
1.008236
1.015433
0.997024
1.006258
0.969496
1.006727
0.976299
1.018570
0.982628
1.006213
0.946089
0.981084
0.971817
0.985758
0.943695
0.992703
0.997512
0.988927
0.945928
0.978617
0.980325
0.985684
0.972672
0.976744
1.002601
0.992677
1.017860
0.978453
0.976670
1.002766
0.987224
1.006455
0.998500
0.983332
1.000397
0.984762
0.998903
0.969065
0.995577
1.006824
0.989322
1.001254
0.992592
0.963833
1.000755
0.991041
1.024233
0.986761
1.004577
0.975428
0.988385
1.007620
0.989736
0.992357
0.968077
1.009275
0.966223
0.972318
1.007156
1.007975
0.958334
0.993929
1.001616
0.999738
0.966419
0.983332
0.990726
0.992940
0.981393
0.998208
1.006557
0.987901
0.988013
1.010479
0.998814
1.007539
1.000866
1.004181
1.002912
0.991509
1.014429
0.988402
0.966657
0.988515
1.007974
0.999043
0.926722
1.003810
0.958191
1.001515
1.000290
0.994115
1.020740
0.951772
1.001358
0.983956
1.024295
1.005427
0.998015
1.006100
0.987896
0.988598
1.004960
1.020063
1.008281
1.011602
1.010101
0.982595
1.006484
0.974313
0.948117
1.012469
0.997565
1.019475
0.993161
1.017984
0.973146
0.982084
0.931622
0.984597
1.003043
1.017171
1.007064
1.011185
1.012713
0.996650
1.018247
1.020070
0.969259
0.997068
0.970774
0.952947
1.010617
0.979098
0.978113
0.974291
0.927142
0.978947
1.004298
1.014706
0.978055
0.942692
0.998817
1.015929
0.984568
0.953546
1.005230
0.997509
1.011700
0.981865
0.993715
1.010595
0.995811
0.989435
0.990838
0.979309
1.012285
0.995969
1.000465
0.975438
0.992210
1.013089
0.977705
1.000962
1.008647
0.995577
1.001072
1.009570
0.962424
1.009641
0.987310
0.996004
0.977108
0.990721
1.015904
1.016580
1.011111
1.006912
0.969952
0.997035
1.004561
1.008007
0.914536
0.971620
0.966833
0.990149
0.972141
0.997216
1.006497
1.019171
0.976449
0.993847
1.008956
0.990250
1.015196
0.958372
1.005691
0.975528
0.951626
0.980012
0.973482
0.931075
0.995470
0.987453
1.003253
0.981022
0.979788
0.970763
1.007958
0.999828
1.013078
0.997885
1.016263
1.016991
0.999873
1.001918
1.013917
0.995802
1.009198
0.957648
0.985280
1.007107
1.008643
0.997617
0.985469
1.013435
1.009561
0.962661
0.983628
1.017265
0.936065
0.983551
0.995872
0.965124
0.998018
0.997113
0.983065
1.009006
0.976334
0.984716
0.959804
1.016100
0.979268
1.002131
0.989777
0.976839
1.006747
0.987441
1.011651
0.992837
0.993335
0.977190
1.014932
0.949928
0.977378
1.021632
0.985234
1.016100
0.958131
1.004793
0.983411
0.987522
0.983711
0.974680
0.925017
1.001427
0.990412
1.007390
1.005987
0.989603
0.960822
0.999873
0.991451
0.991920
0.989597
0.968963
1.012384
0.934255
1.000271
0.988486
1.004776
0.991861
0.975946
1.014596
0.990666
1.001342
0.982874
0.980546
0.987350
1.007138
1.012090
1.017964
0.978040
1.005674
1.000527
0.972556
1.003011
0.999047
0.995926
1.005208
0.966578
1.014339
0.979501
0.938307
0.984878
1.019308
0.990922
1.014365
1.001716
0.938693
0.974526
0.996666
1.014123
0.993619
1.022081
0.994904
0.999043
0.956077
0.970720
1.017541
0.994610
1.013306
0.965063
0.965262
1.005988
0.996405
1.012021
1.020815
1.006340
1.000677
0.987169
0.964229
0.964467
0.982591
0.978783
1.009832
0.986248
0.982403
1.003693
1.011865
0.997292
0.883684
0.979894
0.997549
0.965665
0.962728
1.012434
1.017134
0.985627
0.928826
0.916420
0.992050
1.013022
1.007354
1.007150
1.019032
0.996983
0.990861
1.007446
1.004891
1.000600
0.979666
0.947199
0.996358
0.999069
0.990319
0.970261
1.015284
0.985220
0.998674
0.970436
0.973052
0.978450
1.008206
1.006185
0.930042
1.013695
1.007936
1.011401
0.989988
0.982478
1.002600
0.976083
0.994150
0.990822
0.991544
0.992188
0.978376
1.004207
0.980897
0.986249
0.958279
0.950707
0.959206
0.986558
0.996088
0.998334
0.984953
0.929057
0.971360
1.007009
0.976613
1.008845
1.006455
0.962628
0.984572
0.988083
0.998621
0.984620
0.986477
1.009196
0.991575
1.003639
1.007277
0.992760
0.999815
0.988159
0.991504
0.988573
1.003854
1.001368
0.999218
0.984212
0.983802
0.980180
1.003205
1.005929
1.002098
1.014795
0.977320
1.006847
0.987985
0.966416
0.982067
0.999350
0.994588
1.007647
0.991081
0.993608
0.996376
0.984231
1.012119
0.973753
0.996838
0.991503
0.992962
1.010036
1.002254
0.950177
1.014387
0.999217
1.000920
1.007977
0.938693
0.979216
1.003844
1.020236
1.001098
1.002544
0.994087
0.978683
1.014330
0.990615
0.973098
0.985701
0.967861
1.004575
1.008461
0.985766
0.958326
0.992441
1.005563
0.988144
0.942008
0.940660
1.025609
1.004363
0.980620
1.016821
1.002261
0.993199
1.000275
0.995823
0.999120
0.991573
0.984378
0.984701
1.022379
1.002160
1.006815
0.991459
1.008232
0.999883
1.007847
1.020885
0.979597
0.998582
0.991495
1.016814
0.981594
1.002624
0.997286
0.955731
1.010339
0.974584
0.997613
1.000838
1.006238
0.982553
1.023793
0.983124
0.968932
0.996323
1.014836
0.967269
0.999376
0.943461
0.983905
0.981979
0.964867
1.016629
0.979529
0.999732
1.006914
1.001426
1.008213
1.005600
0.986177
0.994398
0.983292
0.977309
0.996712
0.963634
1.018516
1.010208
1.001036
0.923377
1.005810
0.990718
1.001637
0.996452
1.021066
0.998608
1.028083
0.975851
0.997075
1.007545
1.026605
1.018391
1.004654
1.006427
0.995225
0.952808
0.954723
1.011172
0.968680
0.956371
0.958677
1.016160
1.012196
0.992434
1.011492
0.983669
0.973506
0.968265
1.001884
1.015000
0.992667
0.998655
0.989181
0.987813
0.979475
0.950005
0.999739
1.008358
0.998958
0.996518
1.010179
1.007894
0.964652
1.007214
0.991630
0.983213
0.997898
1.003811
0.995141
0.914814
0.985718
0.986402
1.003678
0.951222
1.013465
1.017890
0.992172
1.005555
0.994758
0.997240
1.009577
0.996283
0.956817
1.011140
0.999741
0.978055
1.008266
1.004534
0.978974
0.967928
0.982106
0.959491
1.018908
1.002492
0.984808
0.971325
0.873055
0.971311
0.988264
0.998232
0.991025
0.960720
1.023031
0.971758
1.001452
1.017230
0.984692
0.992498
1.003437
0.976660
1.013649
0.990725
1.006393
1.012124
1.000328
1.003110
0.982563
1.015292
1.001801
1.009256
0.998969
0.988373
0.987584
0.992513
0.979016
1.010258
0.988136
1.005485
0.944931
0.954041
1.022831
0.942797
1.005233
1.008584
1.006232
0.975892
0.999649
1.014202
1.012007
1.004612
0.981762
0.992168
1.007204
1.025562
1.010057
0.971173
1.001807
0.945099
0.970621
0.975521
0.973976
1.010255
0.941665
0.984497
0.995062
0.981645
1.028146
0.999376
0.976450
0.970025
0.969313
0.953622
1.006393
1.001240
1.002975
0.954855
0.979368
0.993315
0.991667
0.987674
0.986166
0.997573
0.994346
1.026855
0.991083
0.977923
1.017929
0.992515
1.019247
0.998871
1.003599
0.982346
0.995354
0.990728
1.011816
1.004863
0.985297
1.009491
1.001792
0.969710
0.992407
1.002805
0.990219
1.009666
0.997616
1.012664
0.986696
1.022311
1.004540
0.949119
0.963321
0.994439
0.987884
1.001504
0.965845
1.010758
0.987692
0.994827
0.952693
0.938877
0.965722
1.007081
0.999500
0.975528
1.015328
0.979405
1.007839
1.006827
0.978679
0.998680
0.973384
1.002083
0.965612
0.995935
0.988645
0.962133
1.000694
1.005203
0.992224
0.986813
0.997130
0.986876
1.007275
0.982648
1.006161
1.002698
0.992543
0.997979
1.001712
1.009588
1.019807
0.987093
0.982284
1.009182
0.983153
1.017378
1.010091
0.930450
1.016567
1.003862
0.999547
0.988152
1.009920
0.980147
0.984382
0.996111
1.016990
1.022242
0.962864
1.008377
0.970503
1.010222
0.995598
1.013488
0.981780
1.012795
1.018007
0.939656
1.002959
1.001090
0.997335
0.996077
0.987800
0.935595
1.022987
0.989677
0.998721
1.009374
0.993293
0.984493
1.000699
0.995851
0.994184
0.980284
0.951557
0.970807
1.010280
0.999036
1.001270
0.979810
0.928480
0.991181
1.000686
0.985709
0.985537
0.993269
1.001514
1.007716
0.997856
0.990024
0.975037
0.982356
0.967060
0.973985
1.015469
0.959393
0.986794
0.996190
0.994606
0.978370
0.994266
0.964447
1.011352
1.005035
1.011774
1.008611
0.993556
0.990913
0.990514
0.999072
0.980525
1.012920
1.021856
1.010907
0.998573
1.010291
0.958820
0.992357
0.993501
1.012686
0.957130
0.986048
1.019958
0.995544
0.991577
1.029268
1.007948
1.016496
0.982635
0.944976
0.981154
0.987474
0.981209
0.991585
1.010660
1.014574
0.990051
1.014132
0.970432
0.923271
0.994683
1.016532
1.007081
1.010241
0.996661
0.955266
0.979877
1.003568
1.005991
0.971401
0.982569
1.009135
1.004478
0.950138
0.947804
1.010371
0.997962
1.000855
0.993333
0.981989
0.957758
1.001905
0.976630
0.997885
1.011407
1.012860
0.991215
0.984388
1.008684
0.984270
0.995705
0.984275
1.011378
0.970701
0.998407
0.983277
0.989108
1.008143
1.017007
1.014039
0.975314
1.009508
0.949151
1.015812
0.993503
0.977743
0.999156
1.011693
1.008245
0.983397
0.997337
0.938655
1.000855
1.004353
1.008532
0.978251
0.989410
0.969140
0.980586
1.011561
1.003715
1.016372
1.018894
0.951199
1.019996
0.982078
0.980247
1.005820
0.965448
1.001985
0.995718
0.993485
1.004474
0.997805
0.989216
0.983083
0.986758
0.966384
0.971935
1.003759
1.013510
1.012491
0.958786
0.994825
1.007006
0.997851
1.005421
1.010027
0.970892
0.991311
1.011231
0.998819
1.003739
0.986447
0.949520
0.979598
0.998720
0.995382
0.995724
0.990774
1.015597
0.994184
0.983652
0.991869
0.987425
1.010791
1.000402
0.980171
1.001040
0.960328
0.965857
1.018810
0.976180
1.020827
0.992889
0.991707
0.981213
0.992817
0.921702
0.955648
1.004052
0.986476
0.985784
0.982936
0.980553
1.012778
0.970992
0.989860
0.977363
0.977852
0.993906
0.996929
0.993008
1.005861
1.008284
1.009993
0.991429
1.012543
1.003039
0.999375
0.995485
0.989112
1.009065
0.955708
1.011204
0.959372
0.997590
0.999003
0.971556
0.954520
0.982594
0.977935
1.019034
0.969648
0.996032
1.000174
0.976444
0.993863
1.001470
1.008827
0.962460
0.973257
1.011398
1.007306
1.003316
0.995246
0.972314
1.011335
0.995670
1.002165
1.010904
1.007329
0.995166
0.993991
0.989559
0.959711
0.989253
1.010947
0.985935
1.025924
0.993056
1.007527
1.000799
1.010046
0.989346
1.008681
0.983814
1.006470
0.968135
0.971732
1.010638
1.013452
1.005127
0.997014
0.997494
1.010318
0.962551
0.994279
0.975389
0.989807
1.005455
0.984444
1.025167
1.003449
0.983074
0.984730
0.995939
1.026846
1.002360
1.003496
1.006385
0.999928
0.992961
1.013618
1.001473
1.017085
1.002974
1.007905
1.023718
1.004054
0.981160
0.996125
1.008203
0.998281
0.990043
1.003087
1.010508
0.980693
1.027198
1.009304
0.969400
0.993332
0.984829
0.995528
0.984930
0.951379
0.932555
1.005952
1.006646
1.018718
1.000127
1.022705
0.988482
1.012014
0.990113
1.001762
1.016565
0.950637
0.986466
0.998804
0.994538
1.006627
1.017117
0.995796
1.006749
0.994558
1.017881
0.991905
0.996096
1.001588
0.978921
0.994768
1.024137
0.977073
1.001583
0.914334
0.982438
0.925663
0.924637
1.005342
1.007634
1.006914
1.008623
1.002701
0.999908
1.008069
0.951642
1.003518
1.008296
0.997385
0.995180
0.977403
0.986752
1.011291
0.990829
0.975057
0.974368
0.962478
1.003176
1.000251
0.996693
1.004300
0.972028
0.994452
0.966217
0.988290
0.949157
0.997115
1.023524
1.005208
0.996979
0.980355
1.010954
0.962276
0.953891
0.986619
1.015569
0.986317
0.967274
0.946465
0.990999
1.017301
1.014358
1.007057
0.969555
1.012033
1.010579
1.001652
0.985725
1.018561
0.980512
0.987736
0.933057
1.003974
0.990818
0.966438
0.986326
0.978209
0.974349
0.998442
1.018358
0.988944
1.013833
1.008506
1.008426
0.973129
1.001033
0.967388
1.013287
0.999160
1.010245
0.995433
1.026228
1.004457
0.933407
0.996558
0.996880
0.949357
0.963689
0.987574
0.995000
1.000501
0.988667
0.992724
1.008373
1.013033
0.979916
0.972010
0.987361
0.982352
0.952099
0.992502
0.970530
0.996703
0.992732
0.914262
0.985551
1.010802
0.999692
0.945162
0.984674
1.007788
0.997489
0.991862
0.972105
0.983696
0.976178
0.985804
1.001484
0.998744
0.952960
0.988528
0.988383
1.008207
0.976742
0.981274
0.974849
0.978033
0.939909
0.959377
0.981730
1.001129
0.992568
0.982791
1.007659
0.999572
1.006777
0.946397
0.980655
0.990045
0.960053
1.017028
1.013836
0.981795
0.993304
1.004896
0.984249
0.943406
0.994460
0.967055
1.003551
0.995482
0.966322
0.978803
0.997462
0.995556
0.953108
1.005358
0.998826
0.992090
0.987317
0.990501
1.021993
1.008491
0.975007
1.000270
0.979949
1.000277
0.989694
1.011703
1.004235
0.982438
1.018915
0.991373
0.980731
0.995761
0.991717
1.004860
0.988297
1.017222
1.008641
0.989796
0.986544
1.007164
0.976087
0.983683
0.994438
0.970998
1.017461
0.951858
1.010475
0.931684
1.003745
0.995849
0.997828
0.991600
1.000833
0.970020
0.976401
0.998627
1.010636
0.990334
0.964676
0.999861
0.918773
0.942864
1.008437
1.012860
0.978197
0.977470
0.995735
0.972500
0.994219
0.970612
0.991276
1.000796
0.985950
0.997082
0.988116
0.992766
0.972973
1.002410
1.008667
0.999602
1.009322
0.993158
1.009776
0.994651
1.003898
0.994867
0.964644
0.991996
1.005251
1.002906
0.974433
1.004070
0.990969
0.993957
0.954181
0.978375
1.009306
1.006125
1.003800
0.983811
1.014488
1.002680
0.944010
0.997189
0.981210
0.972441
0.973820
0.966693
0.958149
1.007314
0.966017
1.011960
1.003773
0.985480
1.009484
0.974023
0.967881
1.004277
0.964267
0.967933
0.987677
0.992886
0.983226
0.982783
0.963200
0.989545
0.968569
1.002464
0.977410
1.006500
1.009204
1.004105
1.012650
1.002977
0.987350
0.948909
0.977796
1.001826
0.994588
1.015232
1.018778
1.017496
0.975655
0.960460
1.004009
0.985136
1.000760
0.974422
0.998490
1.009077
1.010422
0.959043
0.965219
0.994827
1.005322
0.905177
0.996429
1.011589
0.978115
0.989692
0.960269
1.014277
0.928963
0.974290
0.996737
0.991298
1.001713
1.012302
0.970560
0.968795
0.993890
1.007743
1.001552
0.949197
0.972650
0.994569
0.993341
0.920487
0.975397
0.971863
0.976193
1.004488
1.000307
0.964333
0.977231
0.984339
0.982160
1.013349
1.008238
1.009403
0.974533
1.014268
0.972280
1.001420
0.977423
1.001014
1.005573
1.007707
0.871163
1.012088
0.996246
0.977023
0.997752
1.008593
0.962970
0.999887
1.007624
1.022484
0.984043
0.965185
1.009208
0.986056
0.968767
0.990071
0.944209
1.012392
1.004094
1.010166
0.996538
1.020820
1.007664
1.002462
0.997070
1.007043
1.007020
0.987751
0.997631
0.970340
0.998205
0.959572
1.002035
0.995159
0.968613
0.995960
1.013098
0.965647
0.994254
0.982375
1.004553
1.025748
1.011100
0.977506
0.994217
1.019428
1.017863
1.021943
1.005385
1.006313
1.000927
0.996432
0.995609
0.977502
0.983655
1.008149
0.990866
1.007461
0.992029
0.984077
0.971495
1.003585
0.965109
0.975649
0.998078
0.984797
1.017716
0.977090
1.017528
0.991685
0.997941
0.996674
1.001259
0.955784
0.959178
1.008631
1.002972
0.980468
0.971714
0.998022
1.018711
0.991361
0.956675
0.997687
1.012237
1.001211
1.005019
1.001501
0.980030
1.003976
1.003115
1.007652
1.007274
0.997729
0.936009
0.984308
0.998745
0.950594
0.972041
0.970205
0.952038
0.945314
0.989842
0.996569
1.001270
0.996449
0.994213
0.966449
0.958740
0.989642
0.974571
0.988564
1.009543
1.012918
0.952712
0.970582
0.993236
0.988855
1.015529
0.999672
1.010774
1.006731
0.939956
0.976687
0.948942
0.986706
0.978880
0.962991
0.985297
0.996504
0.953840
0.985599
0.950889
1.009133
0.999272
0.964271
0.975036
1.005508
1.001402
0.969637
1.004483
0.991653
0.984927
0.981681
0.994277
1.025336
1.004795
0.975730
0.998848
1.020186
0.986756
1.007986
1.010805
0.995412
1.021306
0.926244
0.984859
1.003156
0.962208
0.994685
0.973785
0.991105
1.018988
0.921158
0.961555
0.977422
0.989952
0.970961
1.011089
0.996722
1.008258
1.017252
1.021815
0.996632
0.928072
0.963161
0.988921
0.981846
1.004377
1.002341
0.989071
1.003092
1.023500
1.005007
0.995683
1.006178
0.986167
1.018943
0.979371
0.998332
0.946515
0.984255
1.003086
1.023215
0.990360
1.011811
0.974359
0.960364
1.011805
0.955328
1.001184
0.981246
0.982047
0.985142
1.006196
0.962191
0.937662
0.982232
0.949294
0.983259
0.994714
1.013843
0.987953
1.000022
1.016906
1.000788
0.970482
0.999238
0.975740
0.991609
0.997378
1.016535
0.976577
1.002126
0.980023
0.953116
1.015952
0.981878
0.963890
1.006421
1.024345
0.985221
1.005200
0.993654
0.975236
0.999807
0.998857
1.021546
0.998744
0.998343
1.001486
0.999424
0.973031
0.988647
1.000250
0.994065
1.008119
0.976293
0.987919
0.974107
0.990011
0.996867
0.953833
1.001566
0.958182
0.991424
0.963182
0.991288
0.999492
0.987777
1.003505
1.010655
0.958110
0.960817
1.004865
0.988860
0.946777
1.022479
0.981265
1.008231
0.983078
0.981515
1.004505
0.983677
1.023458
0.966587
0.962436
1.006307
0.992395
0.988135
0.990729
0.979493
1.001869
1.016513
1.001423
1.004665
0.971675
0.995542
0.996559
0.990682
0.933398
0.956241
1.018921
0.976309
1.011405
0.998969
1.012459
0.969645
0.988259
0.996177
0.953309
