0.828744
0.940413
0.930064
0.807618
0.869433
0.938249
0.896297
0.889240
0.845592
0.996768
0.883593
1.007904
0.871218
0.960096
0.736022
0.915512
1.062951
1.076441
0.971825
0.769171
0.915714
1.060265
0.994138
0.817588
0.959655
1.130264
0.859931
0.966899
1.007960
0.946981
0.896717
0.911175
0.864834
1.074699
0.804358
1.062307
0.964457
1.068042
0.753872
0.796980
1.073818
0.996573
0.783760
0.792084
0.832626
0.935731
1.026629
0.880489
0.969766
0.988359
0.904837
1.008926
1.036555
0.889524
1.004726
0.814951
0.925736
0.996348
0.989678
0.967858
1.003048
1.021839
0.911891
0.951022
0.974065
1.113706
0.947336
0.916240
0.860089
0.962215
0.817450
1.021138
0.971518
0.913866
0.994159
1.000634
0.948235
1.031856
0.953563
0.854194
1.003747
0.965511
0.819177
0.962648
1.056040
0.994401
1.111012
1.076738
0.948963
0.893838
0.976459
0.797443
0.776481
0.860905
0.868036
0.899748
0.907205
0.883249
0.975554
1.002710
0.936398
0.947252
0.966922
0.842502
0.848787
0.919025
1.060613
0.988922
1.086141
0.857355
0.973321
1.001390
0.863818
0.818413
1.025437
0.860413
0.894652
1.070330
1.007883
1.058047
0.795279
1.097067
0.878577
0.966705
1.022873
0.956085
1.092099
1.015854
1.131883
0.923973
1.058049
1.054760
0.958242
1.045710
0.821566
0.948378
0.989868
0.984737
0.825401
0.986964
0.927057
0.897864
0.975663
0.990315
0.937923
1.058584
0.908168
0.944624
0.829049
0.737162
0.958850
0.849019
1.000969
0.960670
0.676614
1.075511
1.028677
1.101440
0.998956
0.973139
0.917351
0.914583
0.799122
1.035124
0.886889
0.928347
0.941891
1.063832
0.812175
0.931828
1.061017
0.892668
0.892999
1.033875
1.022496
0.951231
1.049270
0.935893
0.996681
0.948625
1.076511
0.912226
1.046432
0.993180
0.881740
0.887946
0.968984
1.064155
0.820421
1.148566
0.957599
0.840703
1.069663
1.008049
1.003602
1.014192
0.960939
1.025498
1.034556
0.981375
0.970834
1.013300
0.927411
1.100043
0.971984
0.989963
0.816842
0.966416
0.933148
1.022890
0.955610
1.059120
0.953223
1.068373
1.006039
1.019325
1.025072
0.919632
0.741303
0.966334
0.902599
0.890516
0.998704
1.040484
0.969159
0.988150
0.999103
0.752571
1.016257
0.924995
1.010462
0.807409
0.900330
0.916200
0.925895
1.071988
1.033158
0.998181
1.080000
1.001929
0.835144
1.015412
1.003010
1.049679
0.756914
0.911892
0.986387
0.994266
0.847849
0.920589
1.010460
0.861162
0.872854
0.864871
0.962466
1.004936
0.983156
0.938008
0.948749
1.008955
0.985985
0.831504
0.865748
1.007483
0.687883
0.971368
1.054214
0.976334
0.967643
0.841000
1.002125
0.869362
0.730881
0.764371
1.005112
1.006210
0.709640
0.866880
0.920466
1.119692
1.024983
0.904118
1.062870
1.002077
0.991091
1.045743
1.176059
1.040546
0.755078
1.015468
1.037868
1.096901
0.954782
0.963201
0.927376
1.056367
0.893195
0.938600
1.035395
0.956302
1.074078
1.041845
0.998298
0.831560
1.050328
0.794252
1.053858
0.990373
0.896429
0.929444
1.022664
1.076514
0.957717
1.107653
1.067447
1.024257
0.917278
1.017071
0.973441
0.884219
0.909162
0.946774
1.034693
0.980052
0.864231
1.054295
0.911086
0.836098
1.023290
0.951219
0.931098
1.020129
1.069172
0.784604
0.972511
0.893559
0.988472
1.008383
0.785276
0.999876
0.873392
0.720098
0.895674
1.049055
1.016135
0.909444
0.898411
0.955401
1.075160
0.966034
0.988139
0.988351
0.878574
0.904274
0.910570
1.058483
0.923328
0.887467
1.050862
0.872260
0.947180
0.954145
1.044855
0.688222
1.004822
0.987383
0.965717
1.017884
0.887147
0.836958
0.950597
0.914211
0.892723
1.012335
1.011159
1.110179
0.913893
0.943747
0.959690
1.017499
0.898196
0.925455
1.029897
1.014581
1.051126
0.809083
0.828177
1.020406
0.908330
0.952435
0.956714
0.845513
0.956030
1.015725
0.913230
0.901152
1.026343
0.841454
0.873072
1.026949
0.973346
1.000631
0.860978
1.174709
1.026594
1.036119
1.024494
1.037406
1.089206
0.887525
0.981691
0.956620
0.843122
0.966320
0.821078
0.925080
0.986336
0.718615
0.941858
0.830521
1.026821
0.960355
1.016646
1.032426
0.997357
0.996142
0.945110
1.060486
0.930824
0.991785
1.052530
1.108580
0.942400
1.002732
1.096846
0.896374
0.907808
1.077085
0.999284
1.097508
0.936006
0.991431
0.913540
0.987851
0.902505
0.950136
1.071327
1.101186
0.975605
0.845868
0.790266
0.775791
1.122524
0.912963
0.908484
1.068296
1.069781
0.954827
1.059419
0.979102
1.099570
0.980127
0.988904
0.988081
0.817703
0.968774
1.125657
0.930017
0.957640
0.736493
0.784939
1.010629
0.884297
1.002678
1.132042
0.985828
0.912087
1.171937
0.934240
1.024543
0.867682
1.053333
1.171012
1.032232
0.638891
1.037663
1.005200
0.797061
0.958260
1.051436
0.882483
1.061779
0.987476
1.002785
0.971382
0.973766
0.879296
0.889222
0.960292
1.011048
1.055397
0.843165
1.002013
1.087147
0.880127
1.060839
0.817241
0.822373
1.012928
0.979598
0.890534
0.920562
0.835075
1.000135
1.028556
0.775906
1.001651
0.932168
0.997329
1.095361
0.903130
0.878857
1.095632
0.956812
0.932141
1.005503
1.083274
1.104422
1.007596
0.992307
0.934891
1.034416
0.972130
0.909568
1.133233
0.994955
0.865310
1.049998
0.911727
0.997683
0.730589
0.940470
0.945576
0.900610
0.929613
1.013277
0.988901
1.004167
1.214172
0.883643
1.001004
1.001180
1.013491
1.025793
0.816047
0.952322
0.876521
0.893980
0.909883
1.022528
1.102273
1.057311
0.976813
1.024079
0.948302
0.987584
1.041644
1.047250
0.935062
1.031400
0.857214
1.079406
0.794721
1.048983
0.939074
0.839552
1.056121
0.902841
1.080402
1.029957
0.990204
0.883883
0.733176
1.007347
0.969365
0.953645
1.078191
0.857112
1.108362
1.007771
0.871885
1.040663
0.896061
0.786613
1.039996
0.949801
0.997622
0.934889
0.903757
1.006607
1.083688
0.837115
0.750838
0.989792
0.847729
1.084135
1.038845
0.885666
0.990124
0.976589
1.027481
1.020794
0.891383
0.704518
0.925539
1.134457
0.898564
0.988532
0.836340
0.965440
0.934197
0.892592
1.068876
0.980430
0.996824
0.997094
1.173004
1.063388
0.840728
0.919381
0.810883
0.900993
0.992424
1.087514
0.982739
1.022095
0.895913
1.006288
0.853201
0.993889
0.756119
1.003116
0.991860
0.586501
1.044112
0.829834
1.015196
0.977637
1.089295
0.743332
0.967816
0.923640
0.983466
0.879814
1.061514
1.026415
0.944957
0.817357
0.941992
1.013395
1.062789
1.070306
0.999936
1.084925
0.788713
0.974876
0.984624
0.834684
1.112071
1.050980
1.120190
1.037224
0.872745
1.018325
1.051227
1.050061
0.683982
0.869602
0.950123
0.990446
1.028969
1.083431
0.933769
1.045834
1.021082
0.925682
1.076935
0.981479
0.958153
1.034570
1.061923
0.962175
0.835609
0.976187
0.919786
0.956287
0.971619
1.013233
0.882119
1.042357
0.932975
1.088179
0.840463
0.875147
1.022414
1.038432
1.014515
0.939304
1.021637
1.036274
0.961801
1.025022
1.004528
0.980302
0.898677
1.087974
1.073432
1.141973
1.132997
0.967326
0.941880
0.957323
0.886250
0.935330
1.125788
0.926611
0.944903
0.904032
1.094395
1.135614
0.967328
0.972475
0.941435
1.057487
1.057864
0.943501
1.171985
0.934001
0.975498
1.033124
0.974643
1.025353
0.938904
1.042151
1.145516
1.020451
0.677825
1.049849
1.076802
0.972993
1.023048
0.980521
0.973305
0.966546
0.982766
0.916351
1.039740
0.889454
0.889333
0.761613
1.040360
0.742821
0.777408
1.023123
1.122510
1.048655
1.031662
0.825453
0.813061
0.949560
1.007658
0.990557
0.684999
1.041075
0.826154
0.928233
0.951635
0.943940
0.908655
0.874497
1.127809
0.864012
0.819318
0.922440
1.022700
0.949825
0.962233
1.039034
1.099999
0.999972
0.935740
0.978639
0.895139
1.101213
1.101452
0.826347
0.938784
0.947863
1.014836
1.046657
0.910322
0.942439
0.849745
1.020842
1.002844
0.825142
1.039367
0.881381
1.030267
0.879146
1.002808
0.953139
0.654855
0.950203
0.819727
1.001726
0.812278
0.941183
0.741411
1.108598
0.823094
0.892398
1.018321
0.927089
0.893253
1.135319
1.075440
0.970925
0.934915
0.888505
0.963166
0.873415
0.923984
0.834599
1.002243
0.767506
0.938165
0.877987
0.864291
0.859170
0.861644
0.821519
0.973007
0.955257
0.980011
1.006679
0.999384
1.077371
0.934609
1.069354
1.024708
1.000156
0.930430
0.990839
1.059299
1.031443
1.003469
1.006485
0.877129
0.841654
0.980375
1.062579
0.988341
1.029674
1.005024
0.897868
1.039991
0.810142
1.033209
0.931026
0.945924
0.671953
0.960467
0.805490
0.772373
0.803872
0.993625
0.948059
1.016350
0.802699
0.944491
1.018124
0.915559
1.108707
0.933565
1.010735
1.074095
1.071733
0.994086
0.916516
0.972385
0.943052
0.864307
0.899902
0.803561
0.952083
0.783206
1.014774
0.995849
1.100848
1.075489
1.003207
1.186169
1.021971
1.063549
1.012344
0.941996
0.974850
1.028984
1.002248
0.925627
0.957981
1.018133
0.835249
0.950783
0.985273
0.992436
0.957771
0.853092
0.994346
0.813260
0.842113
1.009797
1.112498
0.937886
1.055443
0.866615
0.861654
0.735062
0.936246
1.017766
0.926664
0.937409
0.948894
0.947695
0.861927
0.817887
0.852883
0.870353
1.048503
1.057664
0.870868
1.012348
0.919267
1.037390
0.995456
1.021914
1.004483
0.919802
1.067575
0.998058
0.966884
0.959685
0.868165
1.046731
0.924339
1.080513
1.068056
0.901856
1.120858
1.073791
0.809495
0.896216
0.970928
1.006591
0.873957
0.813495
0.992908
0.991510
0.845451
0.767800
0.996628
1.106969
0.966291
0.909986
1.102935
0.951774
0.870530
0.883811
1.137162
0.868541
1.046208
0.927739
0.919014
0.814205
1.007658
0.958151
0.842523
0.970554
1.057951
1.026376
1.057806
1.098047
0.946189
1.053623
0.939234
0.788560
0.976884
0.998937
1.184141
1.053738
1.117603
0.985981
0.730878
0.879520
0.891983
1.021066
1.111951
1.012055
1.082896
0.961804
1.040766
0.933415
0.875168
0.927232
0.970615
0.973773
0.901719
1.110920
0.996082
1.041826
0.981722
0.924413
1.055987
0.983356
0.911643
0.987843
0.977996
1.056764
1.088089
1.014382
1.015169
1.029727
0.939129
1.065461
1.001130
0.989748
1.022068
1.043373
0.972696
0.969100
0.992225
0.863086
0.901452
0.967792
0.826005
1.017106
0.906334
0.969260
0.968956
1.135635
1.152843
0.970859
0.966053
0.810891
1.003924
0.670947
0.879414
1.076165
0.883799
1.046628
0.892317
0.867319
1.009186
0.921990
0.958535
0.893520
1.089399
1.070873
1.021009
1.057851
0.678898
0.870470
1.047230
0.880728
0.926829
0.950841
0.707629
0.879032
0.876291
1.027799
0.903075
1.001368
1.001572
1.033366
0.996322
1.008403
0.897827
0.706343
0.829075
1.018793
0.946964
0.815444
0.832505
0.816265
0.950611
0.779877
0.967645
1.086547
0.902037
0.805290
0.953913
1.057710
0.972573
1.104350
0.923018
0.988789
1.073843
1.025889
1.028756
0.785565
0.929967
0.944772
0.958108
0.992151
0.855053
0.948314
0.895945
0.806657
0.853248
0.811895
0.953969
0.747268
0.961858
0.879916
0.912803
1.060302
0.836365
1.087479
1.055722
0.983040
1.013215
0.925508
0.861052
0.873255
0.821233
1.017982
0.952215
0.847355
0.893393
0.980560
0.858193
0.901739
1.010658
0.981581
0.876559
0.993800
1.123543
1.032201
0.983688
1.094833
0.894645
0.938711
0.996772
0.938201
0.913949
0.985651
0.950344
1.050188
1.065562
1.004589
0.971971
0.755291
1.025659
0.831032
0.792961
0.828548
1.057207
1.015664
0.947830
0.951523
0.921756
0.854903
0.914941
1.003646
0.956166
0.822609
0.985542
0.935914
0.963525
1.047370
0.948312
0.988884
0.916593
1.132123
0.987827
0.865497
0.999482
1.043476
1.068414
0.886959
1.023816
0.782131
1.033735
0.976128
0.979188
0.996714
1.047549
0.866483
1.030321
0.996492
1.079183
1.038779
1.029701
0.917700
1.007512
1.088952
0.964495
0.971624
0.932382
0.761997
0.838134
0.908466
0.927498
1.018895
0.982420
0.953123
0.955926
0.831440
0.985744
0.720062
1.039813
1.009035
1.088326
0.940317
1.005983
0.988441
0.974501
0.906774
1.030720
0.992627
0.963452
1.003179
0.817451
1.042529
1.018631
0.811770
1.007189
0.989862
0.950643
0.906782
0.974173
0.948763
0.932752
1.045980
1.014623
0.988784
0.646630
0.901001
1.032535
1.015706
1.048783
0.949819
1.011808
1.024911
0.888576
0.866805
0.914986
1.086150
1.043902
1.046632
0.834046
1.042879
1.017713
1.087557
0.986521
1.020112
1.018075
1.016667
0.954008
1.115540
0.956081
0.796709
0.973978
0.815170
0.990517
0.969707
1.030636
0.835920
1.089164
0.891284
1.033255
1.135664
0.843838
0.897068
0.882290
0.870820
0.958988
1.033332
0.845503
0.969260
0.955468
0.939478
0.873295
0.910312
1.160978
1.012332
1.097666
1.072314
1.015288
0.967956
0.967884
0.897363
1.047801
0.943215
1.031259
0.791631
1.057682
0.873111
1.048652
0.827542
0.944492
1.118455
0.856813
0.951726
0.923764
1.022481
1.110104
0.783011
0.847793
0.925808
1.144689
0.967810
0.926285
0.967822
0.883404
1.032050
0.947271
0.908992
0.893109
1.015220
0.912370
0.929947
1.038285
1.018096
0.962347
0.959397
0.958934
0.766968
0.834616
0.744310
0.834315
1.004258
0.919144
0.878007
1.083050
1.007035
0.821112
0.941158
0.971341
0.989755
0.940372
0.791671
1.015677
1.065579
0.967911
0.867193
0.857402
1.005615
1.140908
1.039924
0.931871
0.948982
1.077670
0.899147
1.033579
0.883408
1.075597
0.884551
0.775374
1.089285
0.928241
1.012658
1.010257
1.027526
0.922790
0.969380
1.047541
0.720554
0.882130
1.061185
0.971110
1.094581
0.977904
0.985742
1.017749
1.072863
0.958558
0.833957
0.943321
1.007058
1.020791
1.049126
1.004699
0.879936
0.995016
0.835554
1.023963
1.045925
0.913001
0.756416
0.992194
0.849889
1.107236
1.030807
0.722260
1.004521
1.127543
0.805394
0.770419
1.034647
0.910575
0.842702
1.027058
0.949254
0.982494
1.053889
0.869974
1.022112
1.070525
1.070098
0.895554
1.090168
0.898119
0.928755
1.036575
0.991255
1.109744
1.062767
0.866883
0.806046
0.891561
0.952504
0.822918
0.936477
1.029965
0.807986
1.025820
0.903265
0.976159
1.031452
1.073080
1.084767
0.913630
0.949369
0.913316
0.905728
0.897534
1.023626
0.815609
1.095590
1.056864
0.943106
0.927059
1.015852
0.930318
0.834167
1.061401
0.913312
1.004356
0.925618
0.942546
1.036590
0.960225
0.975406
0.860948
0.951574
1.015053
0.851422
0.990223
0.935854
1.087173
0.942872
1.072897
0.963322
0.936395
0.939762
0.958138
0.981088
0.890523
0.902184
0.892171
0.827802
1.054236
0.909126
0.721721
0.744936
1.106360
1.047139
0.879644
0.977558
0.975260
0.752052
1.089614
0.887410
0.829815
0.981697
1.071456
0.941700
0.902652
1.105714
1.076574
0.918651
0.984956
0.924858
0.982363
1.049932
1.066190
0.927860
1.089994
0.999872
0.876124
1.028965
1.063472
0.997275
1.099041
0.878791
0.779585
1.062624
0.939756
1.043647
0.999649
0.911455
0.797486
0.979846
1.161080
0.962232
0.972973
1.021808
1.028074
1.048708
0.888893
0.971097
0.878648
1.008598
0.767413
1.127105
1.066244
1.064503
1.091132
0.963258
0.946256
1.116572
1.024788
1.045988
1.032261
0.989968
1.045306
0.935048
0.863506
0.905707
1.070871
0.967420
1.111444
0.966798
1.039433
0.852516
1.007182
0.958254
0.949969
0.820776
0.960826
0.828793
0.937372
0.926991
0.959177
0.988937
1.089715
1.070739
0.999519
0.912924
0.817919
1.002921
0.637568
0.974891
1.097758
0.599329
0.989055
1.060408
0.992626
0.927660
0.921210
1.064267
0.806943
0.914776
0.986431
1.027367
0.922450
1.015741
1.039099
0.869544
0.961929
0.987814
0.911343
1.066245
0.991531
1.027412
0.948787
1.044934
0.995055
0.981083
0.890421
0.898774
0.950534
0.825377
0.971918
0.940951
1.055602
0.829934
0.846767
1.066419
0.960367
0.889364
0.966337
0.969514
1.036776
0.915692
1.081097
1.049809
1.108663
1.075723
1.004883
0.978904
0.928315
0.976048
1.041861
0.898497
0.689549
1.013748
0.937311
0.961254
0.858331
1.035087
0.980246
0.730217
1.011430
1.119318
1.000841
0.727303
0.913266
1.001447
0.983216
0.847747
0.804606
1.012422
1.048004
0.764781
1.016020
1.007550
1.051772
0.990193
0.964662
0.925658
1.021737
0.755644
1.000476
0.999216
0.996630
1.001807
1.066147
0.841217
1.007159
1.112373
0.960842
1.074661
0.935304
0.918324
1.104959
1.048238
0.820248
0.982485
1.044960
0.859597
1.051211
0.971753
1.038019
0.987965
1.023081
0.943467
0.963155
0.753403
0.948628
1.068252
0.897112
1.002018
1.097944
0.735462
0.870621
1.041726
1.017337
1.034623
1.033256
1.058948
0.830752
0.958639
0.952497
0.827902
0.919281
0.935278
0.987659
0.924206
0.926850
1.104345
0.905258
0.911478
1.086208
0.977059
0.520341
0.956617
0.945306
0.837727
1.095772
1.050742
0.969509
0.985114
0.834953
1.110178
1.072185
0.987453
0.837469
1.069077
1.128778
1.062622
0.972551
0.955035
1.024436
0.818098
1.033573
1.086744
0.919309
0.905141
0.966035
0.759787
1.030905
0.913641
0.891114
0.917451
0.912185
0.742134
0.907447
1.055349
1.089932
1.122507
0.993016
1.005800
1.090925
1.054195
1.009814
1.083675
0.725191
0.979443
0.991521
0.910888
0.803630
0.826691
1.151914
1.061040
0.783115
1.069488
0.956968
0.992677
1.079103
1.053889
0.891994
0.947820
0.943815
1.075815
1.083561
0.803019
0.918344
0.990438
0.975528
1.095485
0.840433
0.961151
0.834642
0.942173
1.015378
0.967788
1.087523
0.984328
1.007525
0.959890
0.656690
0.896319
1.022943
0.976439
1.106668
0.874595
0.808021
1.020427
1.108324
0.899328
0.919053
0.854000
0.932165
1.002223
1.019325
0.865137
0.736656
1.069971
0.891803
0.968456
1.026425
1.086850
1.123231
1.066315
1.015077
0.961044
0.942797
0.881474
0.972126
0.959119
0.838050
0.881241
1.051959
0.896395
1.111652
0.817406
0.859687
0.993476
1.077376
0.979576
0.973802
1.027048
0.773057
1.003080
0.886534
0.825977
1.086117
0.986222
0.898907
0.811373
0.882761
1.066501
1.045664
0.974235
1.067194
0.967951
0.941599
0.815198
1.110575
1.034381
0.817023
1.121046
1.059936
0.956198
0.789580
1.031311
0.856630
0.644814
0.986829
1.013643
0.921844
0.961323
0.965222
0.828626
1.112670
0.989547
0.949377
0.949597
1.019435
0.947035
0.945183
0.967392
0.800785
1.055232
0.957349
1.010600
0.856112
0.838767
0.836392
0.874484
0.939632
1.080542
0.945087
0.569831
0.967736
1.029840
1.037949
1.068945
0.958957
0.897191
0.867681
1.065796
0.974534
0.871972
0.883999
0.944684
1.005636
0.888715
1.043306
0.933487
0.888200
0.926540
0.916097
1.023947
0.809402
1.016629
1.088227
0.967423
0.909649
1.046451
1.098054
0.887246
0.982364
0.956357
0.997050
0.848081
1.036564
0.741452
1.010734
0.901171
0.917314
1.075999
0.882741
1.041310
0.995739
0.974089
0.877197
1.047414
0.910642
0.983600
1.018647
0.895795
0.943759
1.091570
0.998512
1.018905
0.701288
0.901250
0.965075
0.821187
0.959572
1.166983
0.914785
0.940719
0.956543
0.967250
1.078549
1.032699
0.921923
1.105896
1.018764
1.144094
0.974561
0.894957
0.777805
0.771402
0.974495
0.976580
0.954899
0.967330
1.086611
1.027497
0.944036
0.846504
1.152458
1.029306
0.655316
0.972294
1.036126
1.027066
0.746365
0.898113
0.974542
0.790734
1.078238
0.934028
0.966038
0.723805
0.903495
0.957365
0.987384
1.039448
0.976387
1.064753
0.928960
0.774353
0.783846
1.086106
0.924434
1.108041
1.069979
0.936058
1.002011
0.975023
0.654502
0.903110
0.760625
0.992205
0.956946
1.044383
0.891222
0.799537
0.993699
0.738936
0.921936
0.910127
0.775144
0.888775
1.041456
0.959501
0.882590
1.010187
1.020645
0.990223
0.839192
1.056096
0.959339
0.939721
0.936303
0.771765
0.931190
0.939540
1.037083
0.929418
1.074367
1.057977
0.895233
0.878641
1.172501
0.893874
1.007346
1.002691
1.075810
1.093344
0.902784
0.847737
0.885070
0.893032
0.906614
1.016062
0.941617
0.946970
0.915928
1.049501
0.935248
0.965956
0.923398
0.927151
0.814330
0.812653
1.046192
0.881329
1.045966
0.932069
0.953075
1.027185
0.972605
1.110552
1.066473
0.899553
1.072056
0.843710
1.102129
1.021138
1.089459
1.009060
0.946668
0.829636
1.020955
1.013677
0.988447
1.009008
0.919049
1.090370
0.893377
1.084772
1.014545
0.829958
0.964484
1.080891
1.076940
1.062990
0.856265
0.984767
1.030676
0.995313
0.773502
0.915436
1.055600
0.902580
1.145436
1.047384
0.954473
0.896299
0.809751
0.877819
0.947706
0.967940
0.942935
0.990304
1.181333
0.992662
0.988778
0.962998
1.104907
0.992810
0.971247
0.971112
1.004401
0.817435
0.963597
1.034321
1.039759
0.824144
0.907094
0.849531
0.996437
1.067710
1.125391
0.937299
0.946908
0.895724
0.929282
0.980327
0.995264
1.072048
0.995431
0.748272
0.945130
0.923448
0.934454
1.009230
0.939481
0.766249
0.972978
1.025814
0.962414
1.063728
1.036317
0.752372
0.898647
0.879604
1.060586
1.016794
1.091347
0.963706
0.908092
1.051037
1.054561
0.981192
0.891005
1.137496
1.012860
0.961314
0.946302
0.914293
1.129962
0.811163
1.022134
0.897442
0.853206
1.031852
0.952526
1.015077
1.037115
0.801677
0.998967
1.002581
0.938506
0.818369
1.046191
1.084584
0.934569
0.905034
0.787599
0.719382
1.025756
1.049222
1.004487
0.953766
0.969170
0.854330
0.873752
1.090031
0.865981
1.080795
0.922106
0.939274
0.849030
1.052776
0.859921
0.762303
0.844174
0.920254
0.971012
1.084905
0.938854
0.973521
0.883017
1.075570
0.795528
0.876331
1.090156
0.988911
0.954580
0.951214
1.073514
0.931415
1.048559
1.055407
0.894320
1.005880
0.827807
1.005585
0.797592
0.792355
0.936889
1.076808
1.004399
0.725609
1.087904
0.959794
1.030791
0.928198
0.875863
1.039127
1.008013
0.918201
1.044160
0.914473
1.025290
0.986551
0.869664
0.941416
0.786602
1.152646
0.987428
0.889471
0.880230
1.050278
1.098448
1.048531
0.949963
0.902219
0.900083
0.834025
1.121168
1.084005
0.913948
1.116437
0.975561
1.000516
0.865983
0.891033
0.983079
0.942240
1.037153
0.848514
1.067678
1.122151
0.985647
0.861149
1.013704
0.864125
0.991756
0.856099
0.964244
0.983580
0.997615
1.039733
0.856796
1.094208
1.013184
1.061049
0.868109
0.896171
0.993973
0.957250
0.952794
0.951983
1.054884
1.041623
1.070616
1.067879
1.042389
0.887588
1.046254
0.883566
1.090539
0.875470
1.024464
0.728928
1.005649
0.965336
0.880906
0.972755
1.000742
0.898171
0.878541
0.955324
1.012462
0.976608
1.091281
0.900389
1.096360
0.925769
1.028363
0.924695
0.998867
0.815819
0.938770
0.960110
0.913624
1.031481
0.991663
1.006027
0.925294
0.891311
0.953639
0.866471
0.901945
1.058404
1.019125
0.963059
0.855145
0.869760
1.041090
1.118973
1.026406
0.906145
0.879386
1.149241
0.917603
0.888130
0.857411
1.039167
1.076369
1.048482
0.972594
0.958603
0.970953
0.781498
0.828979
0.796595
0.976870
1.002685
0.982384
0.865485
0.998259
1.010158
1.131722
0.956037
0.915373
0.932210
0.916944
1.035134
1.070627
0.879429
1.021704
0.837168
1.125680
0.895332
0.977244
0.833425
1.068683
0.944093
1.000576
0.978774
0.931523
0.941812
0.881592
1.015661
0.644046
1.069799
0.999899
0.801194
1.074731
0.888284
0.961295
0.950799
1.008299
0.907486
1.116358
0.927448
1.070137
0.722616
0.927587
0.768174
1.003088
1.122990
0.992278
0.861595
0.816505
0.898132
1.011593
1.002790
0.928251
0.750134
1.174371
1.027978
0.981384
1.000946
0.968181
0.756777
1.050613
0.960208
1.066258
1.043449
0.904215
0.818173
0.947178
1.093299
1.137729
1.046484
1.065556
1.086987
0.877979
0.985685
0.767418
1.038321
0.967542
0.851191
0.774060
0.988044
1.055011
1.051067
1.012199
0.978960
0.922945
0.966725
0.900745
0.948455
0.698962
1.047860
1.008710
1.085369
0.981071
1.028707
0.964324
1.014765
0.978542
1.076532
1.029609
1.085524
0.875946
0.886469
0.904096
0.780680
1.033254
0.956379
0.908596
0.975981
1.053188
1.109991
0.619538
0.859337
1.059344
1.044206
0.920370
0.856659
0.977078
0.832679
0.886551
0.945492
0.736284
1.057199
0.972103
1.094470
0.920449
1.133906
0.816867
0.884283
0.903958
1.090147
0.896347
0.981373
0.982866
1.093519
0.929766
0.965514
0.854945
1.064853
0.994631
1.025538
1.022246
0.939523
1.126156
0.889135
0.904843
1.072625
0.871135
0.949998
1.016799
0.862545
0.770359
0.929529
0.859768
1.031657
0.928678
1.125749
1.092547
1.090979
0.934948
1.005385
1.081769
0.768850
1.046985
1.015461
0.927025
0.694585
0.953533
0.896752
1.003488
1.025902
0.882521
0.862839
0.955796
0.964440
1.099686
0.921880
1.027628
0.970454
0.858056
0.804617
0.970567
1.073348
0.860738
1.077548
0.736652
0.998703
0.967798
0.894589
0.890685
1.020839
0.968846
0.903468
0.881947
0.786616
0.958751
1.069950
0.780090
1.063129
0.961132
1.033872
0.745889
0.982553
0.910955
1.166904
0.993214
1.004255
1.140474
0.889663
0.983445
1.015632
0.876134
0.768289
0.996823
0.973256
0.983364
0.929640
0.909490
0.915595
1.095052
1.055320
0.793517
0.862569
1.016125
0.994321
1.047730
0.886265
0.940778
1.047137
1.071866
0.918583
1.086090
0.964298
0.988369
0.845274
0.928256
0.846665
1.050619
1.088178
1.043131
1.004726
0.974481
1.106979
1.032966
0.950131
0.965815
0.733966
0.910431
0.836982
0.879959
0.793362
0.947186
1.012874
0.905243
0.967932
1.023754
0.940374
1.003314
0.969340
0.817501
0.888917
0.946465
1.063246
0.836351
0.747365
0.982610
0.742511
0.943136
1.034569
0.899375
0.897025
1.140213
0.885490
0.940049
0.927915
1.014061
0.820121
0.953884
0.983315
1.069501
0.783357
0.967215
0.850522
0.913577
0.828200
0.775915
1.042719
1.038422
0.876418
0.869210
0.904835
1.037626
0.896120
1.089541
1.069809
0.865664
1.025607
1.000187
0.946775
1.047150
0.924152
0.931204
0.985413
0.799397
1.066633
0.970737
1.043713
1.094679
0.884628
0.950988
0.857000
0.993821
0.998810
1.058033
0.655096
1.041959
0.671201
0.953774
1.022318
0.806808
0.942398
0.974794
1.102411
0.659028
0.920606
0.959271
0.731927
0.754758
1.003821
1.096536
0.845253
0.802035
1.090956
0.896758
1.023467
0.799645
0.940768
0.955176
0.816921
0.658073
0.831668
1.024297
1.086559
1.047270
0.946565
1.062281
1.031225
1.001344
0.881643
0.770398
0.930806
0.928687
0.990271
1.062230
0.985833
1.002329
0.936678
0.999631
1.035028
0.740355
0.868450
1.022515
0.999803
1.041713
1.017479
1.133059
0.689191
0.854393
0.874972
0.924602
1.035702
1.041401
1.047291
0.985184
0.777320
1.054554
0.949849
1.007831
0.857478
0.998505
0.916764
0.902614
1.120647
0.898763
1.036937
0.910458
0.989703
1.102698
0.987485
0.994812
0.977274
0.821970
0.971503
0.946828
0.903790
0.843589
1.035097
0.952863
0.970171
0.591177
1.089418
0.940798
0.905677
0.962100
1.087754
1.067484
0.858917
0.881205
1.062864
0.846178
0.951469
0.854867
0.996639
0.934601
0.944180
0.911784
1.046202
0.914710
0.915319
1.076124
1.083406
1.025795
0.785840
0.876615
0.942599
1.008789
0.620299
0.974138
0.971901
1.011461
1.171258
0.922869
1.042260
0.874162
0.958852
0.960442
0.995257
0.914952
0.869555
1.010078
0.888922
1.040679
1.099388
0.889724
0.952143
1.020431
0.721273
0.985566
0.983579
1.017491
1.003254
0.881034
0.874938
0.763511
0.836564
0.911752
0.675096
1.031580
0.850482
0.992522
1.003371
1.107115
1.002484
1.056208
0.929215
1.161069
0.832200
0.916360
1.079492
0.976820
0.900608
1.025434
0.882008
0.989630
0.966337
1.037856
0.672998
0.940208
0.991431
1.040391
1.021637
1.070702
0.853509
0.953427
1.057165
0.895515
1.084762
0.786448
0.856085
1.045453
0.932016
0.877964
1.044933
0.836786
0.920906
0.929659
1.032712
1.066110
0.918768
1.017903
0.919542
1.055350
1.111370
1.050885
0.975608
0.898729
0.769107
1.057781
0.978968
0.974043
1.068979
1.106373
1.013456
1.090496
1.025930
1.029213
1.001587
0.986383
0.891025
0.951312
0.816467
1.037006
0.835540
1.000664
0.973831
0.938279
0.759825
1.033445
0.925452
1.015999
1.087016
1.081323
0.941100
1.061740
1.085891
0.764248
1.062790
1.032658
0.951629
1.053326
0.977949
0.843591
1.047237
1.066488
0.738317
0.997328
0.881210
1.006401
0.956893
0.846098
0.960845
0.914985
0.972841
0.992715
0.827598
0.904919
0.969653
0.976991
1.002751
1.028083
1.018495
0.972508
0.993957
1.005196
1.029959
0.953520
0.822254
0.873634
0.908652
1.079702
0.899484
1.020161
0.943521
1.134262
1.094746
0.942187
0.996457
1.153490
0.859313
1.000744
0.997298
1.057674
0.991363
0.909378
0.940523
0.904811
1.075610
1.008889
0.870046
0.972826
0.792534
1.001927
1.018769
0.972976
0.803707
1.123986
0.879904
1.071661
0.845180
1.008642
0.836447
0.866086
1.071035
0.927113
0.884445
0.913166
0.826115
1.071990
0.866278
1.116104
1.031672
1.004243
1.059656
0.766698
1.053056
0.924220
1.096790
0.914331
1.093751
0.806882
1.035572
1.050325
0.910393
1.137619
0.997171
0.787444
0.926178
0.788833
1.070669
1.091112
0.846917
1.079885
0.998021
0.911764
1.076157
0.855131
0.828084
0.987069
0.994658
1.051196
0.816224
0.893006
0.987885
1.009398
0.996904
0.897377
0.810198
0.923644
0.959519
1.064706
0.924065
0.888624
1.060420
0.996967
0.934356
0.937989
1.027557
0.982285
1.057667
0.949345
1.048902
0.902788
0.723010
0.947611
0.910193
0.996209
0.825073
0.880787
0.855924
1.027613
1.104809
0.947805
1.095232
0.940070
0.938973
1.071786
1.184367
0.878200
0.918344
0.929813
0.952879
1.050827
0.915557
0.981787
1.025364
1.120442
0.937969
1.008259
1.089421
0.923495
1.045494
0.997678
0.929229
1.180393
1.058001
0.948929
0.872125
0.780910
0.813168
0.860817
1.018558
1.128775
0.980101
1.018732
0.876701
0.957315
0.907423
0.934809
0.860833
0.843603
0.886736
0.993154
0.983539
1.066355
0.969758
0.911367
0.972841
0.978701
1.028459
0.826871
0.915896
0.918083
0.534750
0.928299
0.925579
0.967082
0.866750
0.953543
0.904644
0.984945
0.991242
1.083575
0.948509
1.093701
0.989369
0.994369
1.031874
1.162790
0.931023
1.040226
0.986827
1.013321
1.076322
0.852508
0.805668
1.063582
0.808787
1.026722
0.997669
1.044987
1.110329
1.108439
0.937880
0.967843
0.988693
0.978740
0.918144
1.063830
1.059167
0.753338
1.026829
0.908869
0.955144
0.998907
0.898635
0.982305
1.050428
0.827740
0.995906
1.066439
1.159017
1.003924
1.079908
0.793221
1.045562
0.842590
0.677885
1.051179
1.071600
0.944488
1.124394
0.948726
0.729872
0.886402
0.749738
1.013622
0.881572
0.974235
0.718055
0.948660
1.049039
0.954361
0.999032
0.975332
0.985934
0.957553
1.070774
1.014495
0.922797
0.886584
0.839889
0.948436
1.043931
1.051939
1.018076
0.909989
0.782881
1.001382
1.068942
0.766148
1.063215
0.996587
0.837794
0.812092
1.045856
0.967137
1.035609
0.921743
1.041048
1.022865
0.926717
0.793782
0.990003
1.053275
0.925290
1.011152
0.992264
0.718102
0.824864
0.797925
1.033507
0.905387
0.980779
0.972580
1.086788
0.953795
0.944580
0.961685
0.981996
1.049379
0.818094
0.790347
0.917533
0.979110
1.111256
1.081779
1.063856
1.093529
1.018579
0.967193
0.761778
0.923321
0.990248
0.949899
0.577455
0.856221
1.104056
1.174413
0.888119
1.122433
0.926457
0.976124
0.971347
0.890211
0.677690
0.756761
0.847893
1.052368
1.008046
0.990675
1.013961
0.786524
1.025317
0.941614
0.864892
0.929995
1.075878
0.940480
1.084929
0.976543
0.830141
0.958802
1.031825
0.787662
1.074166
1.034989
0.964254
0.949689
0.893000
1.008246
0.951826
0.992489
1.067802
0.833957
0.996932
0.888096
0.715877
0.773386
0.745448
0.979529
0.866200
0.882349
1.020579
0.921340
0.930582
1.000612
1.092893
1.039092
1.125838
0.813822
1.011144
0.901022
1.036694
0.809962
1.011394
1.036314
1.078306
1.121252
0.773612
0.949053
0.948170
0.936343
1.051557
0.974889
1.007571
0.886923
0.952177
1.173082
0.957442
0.901369
1.023791
0.855829
0.874797
0.894916
0.714720
0.857329
1.081826
0.916592
0.923208
0.936110
0.874102
0.972487
1.135272
0.905678
1.036511
0.922785
0.996574
0.867677
1.069243
0.944854
1.034156
0.980794
1.072798
1.103771
1.058022
0.985399
0.844918
1.017751
1.117263
0.904970
1.030955
1.063488
0.898655
1.139406
0.934793
1.119472
0.921501
0.927172
1.032765
0.991529
0.748416
0.775675
1.003761
0.968242
1.011940
1.042759
0.829769
1.037484
1.095129
0.868240
0.780090
0.933970
0.919774
0.967563
0.838549
0.882137
0.886590
1.070728
1.041475
0.984926
0.961888
0.987673
0.933580
0.921247
1.083820
0.952464
1.040354
0.759322
0.832794
1.020646
1.017253
0.963276
0.868777
0.853756
1.002116
1.113590
0.890871
0.944159
0.944103
1.100822
0.718773
0.950691
0.968233
0.887433
1.070007
0.911692
1.010147
1.049450
0.700416
0.914742
0.855891
0.970017
1.011574
1.051592
0.903576
1.007622
0.929369
0.763883
0.990668
0.984446
0.909136
1.002877
0.949290
0.940815
1.059089
0.978451
0.982354
0.982517
0.879919
1.035099
0.650007
0.848767
0.987011
0.936710
0.971784
0.991349
0.780927
0.969148
0.889395
0.805960
0.949268
0.977033
0.837197
0.969308
0.677700
1.014450
0.946970
0.776880
0.992115
0.992150
1.020509
1.003295
0.973776
1.066241
1.002645
0.937648
0.738140
0.761496
0.834099
1.049902
0.972621
0.982772
1.085990
1.001853
0.878993
0.935266
1.020976
1.095371
1.029102
0.950458
1.036383
0.952947
0.871966
1.015788
0.923958
0.845905
0.866696
0.653156
0.951057
0.945774
1.009623
1.044810
0.990566
0.946148
0.923847
0.784655
0.985602
0.965115
0.921615
1.003603
1.071465
1.003005
0.722219
1.045602
0.939618
1.126015
1.041950
1.040459
0.755966
1.060660
0.964210
1.013556
1.044021
0.957251
1.075440
1.027363
0.961495
0.987375
0.590963
1.074179
1.000572
0.948479
1.042658
0.985086
0.790653
0.963510
1.122847
0.877791
1.101252
0.949456
0.987158
0.919424
0.811261
1.067823
0.642178
1.111784
1.096649
0.965255
0.938300
0.766919
1.007896
0.807449
0.911862
0.857669
1.062522
1.124162
1.150588
0.861138
0.999322
1.017757
1.006335
1.088666
1.059128
0.932193
1.146872
0.876021
1.044902
0.953659
0.776424
1.053555
0.910287
1.041654
1.004512
0.815226
1.001655
0.932123
1.015619
1.017530
1.035788
0.853712
1.164692
0.952651
0.865761
0.935132
1.037125
0.925001
0.905338
0.905166
1.064922
0.797528
0.941135
0.948587
1.077229
0.944596
0.821754
0.969694
1.011998
0.972273
0.909934
0.909571
1.051797
1.009954
1.095800
0.922248
1.028789
0.995891
1.019924
0.568291
0.798856
0.912137
0.809795
0.936240
1.046117
0.985814
1.081797
1.011285
0.788767
0.874491
0.830903
0.840935
0.941175
0.903212
0.947235
0.813754
0.763777
1.103059
0.951344
1.013582
1.044575
0.947092
0.973085
1.117923
1.090250
1.125077
1.029632
0.782693
0.997233
0.967905
1.116895
0.963085
0.967872
0.901922
1.028033
0.822075
0.922746
1.016014
0.958022
0.988264
0.768657
0.878054
0.970853
1.078843
1.031415
1.012594
0.799080
0.884726
0.915589
1.022007
0.935491
1.018709
1.099935
1.027186
0.987585
0.920886
0.958939
0.922428
0.846716
0.959839
0.989846
1.029027
1.054437
1.031229
0.895878
1.012257
0.872939
1.107177
1.062866
0.881390
0.940339
0.935443
0.989002
1.015462
1.135182
0.801736
1.010658
0.652914
1.024775
0.717302
0.768231
1.096362
0.850921
0.990219
1.037892
0.927897
0.996534
0.972609
1.084912
1.111270
1.029255
0.925409
0.917725
0.909641
0.886553
1.019733
1.026409
1.082684
1.128624
1.162853
0.936775
0.917521
1.016246
0.848605
1.039224
1.058334
0.884444
0.973242
1.046634
0.988777
0.929235
0.959538
0.936594
1.068437
0.804691
1.046131
1.050588
1.107322
