0.854281
0.790781
1.031200
0.959760
0.945648
0.785581
0.969248
0.749555
0.988409
0.594985
0.977936
1.189972
0.972343
1.082080
0.769920
0.835877
1.051216
0.846075
0.988391
0.888052
1.040379
0.912525
0.916169
0.942776
0.840228
1.005360
0.839693
0.788627
1.057709
0.993994
1.092124
0.990134
1.035936
0.760555
0.959936
0.917183
1.094486
0.879845
0.868236
0.905336
0.951354
1.050669
0.867068
0.976984
1.044511
0.968398
0.922047
1.069761
1.064097
0.981171
0.992699
0.832286
0.858788
1.046106
0.830377
0.986359
0.722619
0.992767
1.048711
0.998611
0.896936
0.713068
0.977339
0.738555
0.883885
0.731757
0.948275
1.071697
0.929339
0.889426
0.865621
0.922388
0.977859
1.010933
0.813562
0.936161
0.758689
1.012748
0.863898
0.552689
1.022299
1.074747
0.926487
1.007620
0.974265
0.915233
1.052579
0.950668
0.794029
1.013635
1.018615
1.058219
0.924984
0.711703
0.888612
0.997522
1.121635
0.937693
1.081948
0.684598
0.920521
1.009739
1.006880
0.873869
0.996498
0.780288
0.892784
1.068095
1.092596
1.022909
1.103626
1.002975
0.995537
0.989399
1.089004
1.002821
0.948472
1.011736
1.049220
1.080477
0.875177
1.124974
1.205198
1.053903
1.043683
0.844607
1.027105
1.061370
1.035345
1.092540
0.851487
1.124690
0.965448
1.079618
0.861807
0.855438
0.991628
1.101242
0.967059
0.570864
0.961759
0.637578
0.802054
0.854534
0.934062
1.012998
1.064838
0.952566
0.891174
1.014934
0.855374
0.977013
0.979531
1.004850
1.185944
0.920835
0.974987
0.776109
0.927908
0.962813
0.931553
1.095377
0.956045
1.022851
1.020510
1.004833
1.123446
1.080210
1.014203
0.947885
1.028020
0.805477
0.905955
1.025924
0.948268
0.900980
0.702977
1.095814
0.935229
0.885494
0.762114
1.076237
0.806457
0.910548
1.085948
0.956554
0.842794
1.057246
1.090334
0.868534
0.816285
0.658563
0.830249
1.037212
1.045141
1.001546
1.108525
0.937711
1.076458
0.991614
0.795308
1.091216
0.837728
1.005371
0.566334
0.956171
0.856201
0.898526
0.843912
1.097950
1.195284
0.674638
1.009432
0.943097
1.066316
0.872262
0.845521
1.009956
0.826022
1.065678
1.082410
0.871801
0.820646
1.068333
1.065348
0.831313
0.962128
0.955404
0.916604
0.948988
0.919445
0.936296
0.942980
0.981996
1.039173
1.050680
0.770289
0.934820
0.755798
0.925340
0.929778
0.990052
0.965657
0.949800
0.972160
1.193298
1.001875
1.017525
0.996257
0.769242
0.868399
0.835520
0.914690
0.966469
0.984125
1.004164
1.029490
0.680903
0.947202
1.032829
1.009776
0.998754
0.998062
0.876532
0.963159
0.964847
0.871203
1.150284
0.808700
1.061231
0.996771
1.156107
0.978530
1.095696
1.077066
1.014383
0.981087
0.789578
0.934394
0.976531
0.982879
0.937870
1.025489
1.055786
1.109967
0.934920
0.834106
1.082184
0.876438
0.855093
0.986300
0.484802
0.873334
0.953743
1.050843
0.899412
1.116644
0.719881
1.174366
1.074755
1.040410
1.007518
0.845557
0.804529
1.102135
0.841585
1.081287
1.046116
0.959136
1.008459
0.894661
0.987051
0.979472
1.096729
0.981232
0.870325
0.775266
0.982448
1.054831
0.939086
1.004543
1.026087
1.008910
1.001197
0.878750
0.801188
0.746311
0.868712
1.017163
0.980057
0.718013
0.740732
1.041208
0.935003
0.898221
0.861517
0.812405
0.680190
1.030100
0.938645
0.827353
0.901390
1.100147
1.063946
0.928331
0.909941
0.947572
1.043806
1.056202
0.874040
0.677250
0.855709
0.929330
0.866099
0.832143
0.994928
0.810721
0.896071
0.996183
1.087930
1.038898
0.947440
0.978062
0.941849
0.941993
1.207463
0.958297
0.940749
0.846987
0.904010
0.922107
1.001634
0.792148
0.789451
0.940146
0.882348
0.959045
0.974380
1.076625
0.885324
0.998013
0.832190
0.973766
1.048519
0.920941
0.921554
0.619387
0.868222
0.756021
0.964546
0.749333
0.951862
1.060266
0.970611
0.910513
0.864939
1.118997
0.981586
0.849905
0.776905
0.841793
0.946549
0.991689
0.860215
1.084266
0.807049
0.946864
1.148436
0.880973
1.028440
0.843730
1.024019
1.009705
0.895205
0.880342
0.948162
1.010753
0.739552
0.933608
1.239824
0.988796
1.050985
0.981266
1.050462
0.868353
1.095754
0.924754
0.947368
0.954058
0.893699
1.079788
0.924560
1.137146
0.889483
0.866136
1.014598
1.093741
0.720568
0.993238
0.985220
1.184045
0.855782
0.922867
1.000824
0.994682
0.823911
0.852798
0.811292
0.917965
1.055503
1.022231
0.836651
1.043549
0.949705
0.897861
0.652879
0.894862
0.866356
1.071073
0.753911
0.815450
0.686951
0.976265
0.930951
0.810036
0.924677
0.818632
0.838548
0.938880
0.844196
0.886458
0.790527
1.014275
0.874342
0.993798
0.854693
0.839461
0.974075
0.931892
0.962858
1.117956
1.076650
1.038720
0.998567
1.041429
1.051593
0.972901
0.710096
1.072513
0.808797
0.920144
0.980540
0.943406
0.860194
0.926584
0.848370
1.018205
1.090244
0.869493
0.660733
0.919369
1.057770
1.060795
0.854675
1.006564
1.157682
0.987540
0.802512
0.936793
0.970067
0.921819
1.080369
1.147117
0.958794
0.822470
0.850487
1.167159
0.992588
0.927818
0.790105
0.906454
0.767771
0.999187
1.051248
0.939098
0.932900
0.810929
1.082594
0.869043
1.084643
0.950407
1.161043
0.778667
0.817828
1.087582
1.166455
0.822646
1.208821
0.975771
0.878746
0.903907
1.061332
0.998536
0.933538
1.028414
1.087279
0.855505
0.894946
0.811923
0.992624
0.759237
1.040518
0.839327
1.061663
0.904299
0.756013
1.030831
0.690608
1.205564
0.889495
0.941160
1.089149
0.840252
1.073986
0.927613
0.899869
1.009486
1.016272
0.977962
1.005742
0.704657
1.154491
1.077976
0.856040
1.012913
0.845924
1.069146
1.018370
0.738652
0.950344
1.023556
0.997808
0.967569
0.990322
1.012400
1.144790
0.795505
0.794408
0.998323
0.821758
1.070502
0.849795
0.943569
0.947247
0.728827
1.086357
0.926747
1.022547
0.965455
0.899199
0.895001
0.926961
1.025819
1.027734
0.943934
0.976694
1.018484
1.055371
0.991438
1.056182
0.861443
1.009118
0.916800
0.913304
1.016627
0.938616
1.033964
0.989875
0.995809
0.972455
0.730518
1.080384
0.538398
0.832052
0.979432
0.757124
0.825544
0.892541
0.945181
1.021111
0.984305
0.864388
1.050390
1.094276
0.981299
1.010415
0.875664
0.942716
0.744852
1.029140
0.989515
1.074613
0.855904
0.867460
0.998002
0.988365
1.021148
1.046863
0.934042
0.726241
1.026870
0.794282
1.029874
1.091830
0.589280
1.060778
0.996749
1.037161
1.030261
0.853193
0.882274
0.899887
0.979133
0.963931
1.124916
0.618817
0.929980
0.972462
1.003956
1.132727
0.992062
0.931546
0.933448
1.187537
1.108982
0.895201
1.072772
0.706376
1.067330
0.989748
0.849498
0.801611
0.876477
0.917775
0.958344
0.969150
1.013251
0.899008
0.989891
0.892174
0.947867
0.961778
1.071134
1.050316
1.031805
1.027565
0.967699
0.756297
0.678477
0.908262
0.959488
0.861622
0.884068
1.132703
0.860208
0.793496
0.886887
1.208241
0.874499
0.807241
0.880369
0.988435
1.126991
0.930989
0.982544
1.162996
1.055097
0.922179
0.988144
1.118036
0.993884
0.981499
1.013624
0.673842
1.060350
0.876767
0.876387
1.137918
1.085174
0.964089
1.038777
0.989920
1.027049
1.102518
1.094017
0.809696
1.019724
0.814320
0.773897
0.977425
0.661851
0.842063
1.078716
0.951835
0.771331
0.904679
0.922077
0.967311
0.877897
0.954088
0.937172
0.962738
1.084468
0.939848
0.889014
0.865932
0.873220
0.754947
1.026893
0.881359
0.981585
0.820520
1.059344
1.076907
0.863729
0.810646
1.090026
0.920948
0.955944
0.932119
0.932223
0.991358
1.103679
0.855033
0.730119
0.598922
0.945572
0.971455
0.903543
0.925570
1.008724
1.109625
1.104795
0.759639
0.981106
0.927839
1.020505
0.747851
0.970555
1.039443
1.015284
1.023309
0.958191
0.791138
0.992144
0.854855
1.000991
0.903670
0.995268
0.932431
0.984374
1.119473
0.922779
0.971848
0.929704
0.942946
0.789739
1.058142
1.035001
1.003660
0.862662
1.079154
0.918388
0.967968
1.052525
0.885298
0.913191
1.051768
1.049932
0.926557
0.769017
1.038954
0.761845
0.854153
0.818290
0.984106
0.943063
1.000891
0.854490
0.981945
1.054204
1.019034
0.942344
0.831682
0.956425
0.974130
1.033740
1.090997
1.022849
0.740640
0.983229
0.917175
1.036298
1.107065
0.671108
0.992485
0.911153
0.951411
0.621805
0.930827
0.903911
0.965656
0.936461
0.954138
1.009488
1.063203
1.113584
0.901725
1.112621
0.941173
0.903729
1.015343
0.887071
1.079814
1.077042
1.019777
1.003435
1.154482
1.106860
0.772943
1.041022
0.941258
0.970447
1.056787
0.986305
0.766377
0.990883
1.079510
0.945469
1.011465
1.064451
0.937931
0.907724
1.146863
0.958137
0.651361
0.988033
1.179259
0.941571
0.960837
1.073398
1.009405
1.020471
0.938679
0.974596
0.919057
0.978606
0.830261
1.178064
1.071383
0.979111
0.898109
1.048548
0.671044
0.781142
1.066268
0.669746
1.012791
0.787963
1.176819
1.113104
0.663309
0.958992
0.965152
1.021507
1.067474
0.799252
0.791920
1.029729
1.053203
1.064568
0.910847
0.898684
1.045494
0.913816
0.968889
0.842202
1.047098
0.594099
1.113936
0.924637
0.841263
1.005239
1.036674
0.838254
0.965895
0.965214
0.898376
0.708697
1.047774
1.063878
1.051834
1.039425
1.142106
0.885796
0.903263
1.108473
1.118921
0.781580
0.698153
0.936036
1.012475
1.072564
1.009099
1.033011
0.910719
0.777301
1.012563
0.787310
0.848800
0.961839
1.130549
1.034618
0.879760
1.097974
1.017909
1.087091
1.024418
1.006830
1.235437
0.939521
0.736146
1.035911
1.005853
1.041392
0.786932
0.905895
0.925706
0.677886
0.920757
0.878539
0.941203
0.750708
1.104705
0.974691
0.976899
0.936991
0.790738
1.125586
0.954434
0.933432
0.965229
0.956566
1.017403
0.901120
1.064519
0.824531
0.602954
1.124956
0.999914
0.956094
0.988820
0.681514
1.031893
1.039881
0.857167
1.073364
0.927952
0.879764
1.130285
1.089291
1.031694
0.994336
0.885450
1.113087
1.055716
0.877427
1.069826
1.058137
0.916589
0.935844
0.983707
0.972592
1.005979
1.095810
0.839501
1.037837
1.079493
1.164809
1.001138
0.968286
0.908856
0.930181
1.045593
0.975299
1.064647
1.101597
0.968669
0.867098
1.026761
0.977033
0.810107
0.953635
0.806008
0.958005
0.969514
0.708965
0.926741
0.981512
1.084617
0.905539
0.884076
0.914000
1.010458
1.077597
1.021825
0.958897
1.068134
1.026701
0.887144
1.112729
1.076402
0.988201
0.900067
0.653386
0.863912
1.059058
0.745276
0.874320
1.067783
0.857296
0.954762
0.960155
1.029394
0.952337
0.936893
0.911276
1.079115
0.958229
0.861838
0.893021
0.865378
0.676628
1.103253
1.069272
1.035254
0.970226
0.987431
0.976433
1.088461
0.970155
0.839403
0.971514
0.818266
0.936229
1.030767
0.961564
1.030829
0.896024
0.989648
0.902435
0.991915
0.935942
1.089652
1.066175
0.897251
0.927552
1.052607
1.113228
0.734440
0.902013
1.014661
0.930425
1.045497
0.962082
0.923791
0.957072
1.025763
0.980667
0.852328
1.036640
1.168898
1.079498
1.091798
0.869972
0.994876
0.942547
0.879848
1.021739
1.072104
0.998851
0.787069
1.023402
0.973314
0.972501
1.020588
0.881456
1.002419
0.821356
1.081083
0.969531
1.123678
0.914287
1.070703
0.926760
1.080275
0.872593
0.655851
0.935976
0.944321
0.946370
0.968114
0.949492
0.837716
0.851307
0.925210
1.003614
0.939700
0.953957
0.852141
0.922268
0.957541
0.988615
1.015077
1.009835
0.978653
0.984045
1.139141
0.903130
0.685540
1.025242
0.895469
1.068194
1.141426
0.965734
1.096139
1.047548
1.053647
1.021101
1.011765
1.032784
1.019716
1.017484
1.001985
0.975047
1.038153
0.967935
1.114474
1.064574
0.974552
0.831596
0.782684
0.981908
0.945719
0.926889
0.990409
0.882510
1.019940
1.123225
1.026634
0.905566
0.847684
0.873363
0.931740
0.567672
0.954218
1.028692
0.966320
1.032195
0.804796
0.829757
0.737723
0.893547
0.966271
0.855073
1.014388
1.034290
0.769848
0.958457
0.773040
1.064687
1.073190
1.015518
0.922358
0.949597
0.930476
0.992626
0.911645
1.083667
0.877778
0.993082
1.094002
1.108204
0.780281
0.886124
0.992112
0.953308
0.909357
1.043924
1.159680
0.863934
0.756850
0.962003
1.050849
1.035169
1.061763
1.101639
1.047137
0.822141
0.974611
0.832529
0.727172
0.968625
1.095953
0.787294
1.106423
1.024233
0.793438
0.936008
1.062364
0.844149
0.974481
1.062026
0.895143
1.011071
1.119006
0.994495
0.603706
0.997083
1.152197
1.125320
1.003001
0.794869
0.983090
0.976456
1.084861
1.082712
1.085563
0.653511
0.847526
1.120367
0.988172
0.946061
0.974569
0.995181
1.099695
0.660367
0.847144
1.118174
1.010774
1.100548
1.110901
1.003731
0.922776
0.940662
0.964505
0.822068
0.872349
0.919243
0.765433
1.024570
1.073478
0.958880
0.942387
0.997567
0.936581
1.126529
0.766321
1.038433
1.064872
1.136070
1.088993
0.986263
0.916707
0.822043
0.888048
1.038258
1.061116
1.143443
0.888641
0.930849
1.034003
0.840096
1.099372
0.924486
0.909207
0.972286
1.087787
1.017130
1.110757
1.008580
0.976172
0.836190
1.039491
0.814737
0.819020
0.959794
1.044677
1.025408
1.007878
0.998863
0.967509
1.087546
1.127303
1.018132
0.696162
0.997483
0.911705
1.052512
0.962647
0.799298
0.971027
1.021979
1.053512
1.005071
0.987123
0.914834
1.004976
0.880660
0.962469
0.778315
0.867160
0.920708
1.034377
0.906811
0.964748
1.062217
0.978217
0.993156
0.642180
0.903088
1.070811
0.730298
0.929842
1.014917
0.903395
1.021528
0.923597
0.902565
0.918492
0.683042
0.965177
0.983135
0.718152
0.791750
0.900845
1.016144
0.907857
0.856993
0.707270
0.943341
0.921015
0.855243
0.892999
1.125526
1.028912
0.834031
0.889460
0.966988
0.572497
0.998569
0.943779
0.997488
1.047006
1.040841
0.999033
0.923769
0.842687
1.098585
1.116730
0.645341
0.877046
0.963924
1.072703
0.968880
1.098256
1.104731
0.784066
0.921767
1.086240
0.936048
0.898171
0.993381
0.768829
0.454569
0.654661
1.007677
1.141864
1.081771
0.989405
0.995764
0.860819
1.092806
1.024929
1.087892
1.068926
0.704866
1.012199
0.825562
1.055035
0.849888
1.102654
0.916404
1.029735
0.990312
0.974109
1.002680
1.009570
1.047164
1.050560
1.153444
1.047594
0.999410
1.090404
1.055087
0.925631
0.979429
0.813667
1.053814
0.877446
0.992997
0.933539
0.944074
0.821974
0.657013
1.112175
1.026898
0.973933
1.074431
1.001415
0.957756
1.071665
0.903048
0.800268
0.816826
1.051249
0.798370
0.947553
0.821931
0.837010
0.971144
0.929366
1.048856
0.685669
1.166283
1.030134
1.038155
1.097392
0.857461
0.828113
0.893631
0.932188
0.861882
0.858019
0.937192
1.048725
0.394592
1.118004
1.071297
1.002992
0.748703
0.886152
0.997462
0.853196
1.012982
0.993044
1.141618
1.118036
0.933088
1.013361
1.090162
1.016993
1.043493
1.085625
0.831380
1.124910
0.988035
1.099491
0.954746
1.089186
1.031248
0.809925
0.962574
0.878084
1.004420
0.719339
1.082995
1.004708
0.832600
1.011835
0.963918
1.002275
1.004023
1.061999
0.925494
0.900310
0.826847
0.961065
0.735153
1.087647
0.697850
0.999391
0.880786
0.745063
0.988296
0.823430
0.928600
1.092652
0.828236
0.912383
0.803543
1.028499
0.952775
1.073457
0.830810
0.935566
0.999382
1.016373
0.958046
1.057059
1.079044
1.152964
0.880773
0.565001
0.857866
1.039959
0.917842
0.847179
0.932455
0.934932
0.797243
1.054000
1.188565
1.035547
0.808179
0.891979
0.981974
0.997535
1.137806
0.908995
0.892012
0.913529
1.014051
0.843077
1.005443
0.947838
0.776352
0.865788
0.903304
1.038170
1.058499
1.009228
0.834128
0.977307
0.906321
1.054879
1.113696
0.964976
0.923476
1.161188
0.979108
0.918146
0.836563
0.838127
0.953900
1.035125
1.052744
0.952955
0.919965
0.983315
0.960733
1.079683
0.860087
1.009652
1.045503
0.882019
0.923795
0.898317
0.996166
0.830954
1.144013
1.081676
0.997524
1.019006
0.694489
1.162637
0.891357
0.893384
0.983032
1.129326
1.041205
0.981762
0.952114
1.080210
1.019264
0.881443
0.845058
0.954404
0.776078
0.929181
0.926387
1.015779
0.938294
0.651751
0.935746
1.019866
0.799616
0.848370
1.049558
0.897042
0.956796
0.959008
1.194623
0.848800
0.979457
0.914612
0.773544
0.794189
0.907642
0.620358
0.885773
0.926299
0.760149
1.015215
0.783983
1.020723
1.212092
0.746248
0.870428
1.099784
0.927591
1.020656
0.708335
0.911362
0.815999
0.884009
1.017455
1.091110
1.133742
0.827954
1.009312
0.976373
0.959450
0.884524
0.684246
0.915012
0.873673
0.674288
0.997519
1.025700
1.074265
0.934501
1.041289
0.931063
0.934578
1.146830
0.724399
1.050548
0.872225
0.892494
0.985789
0.923668
0.978014
0.933965
1.001223
0.840284
0.995979
0.964736
1.143080
0.938120
1.003449
0.959922
0.735632
0.900353
1.025552
1.046694
0.996727
0.791130
0.822006
0.697593
0.896129
1.007040
0.890973
0.909599
1.042827
0.973508
0.705903
1.087925
0.973339
0.995467
0.728147
1.106585
1.109026
1.069272
0.989220
0.930299
1.127847
1.034892
1.104310
0.931958
0.984134
0.943788
0.855300
0.879917
0.703004
1.009989
0.885465
0.936172
1.203058
0.869241
0.992132
0.985470
1.019369
0.981786
0.628629
0.702217
0.969060
0.901755
0.919653
0.939866
0.834457
0.882757
1.103151
1.079039
1.118661
1.049824
0.820332
0.893356
1.035348
0.787649
0.757746
1.031566
0.896524
0.911478
1.038533
0.938117
0.766216
1.056156
0.930194
1.049922
1.035755
0.846211
0.873625
0.652115
0.924140
0.999661
0.844239
0.914169
0.771887
0.886894
0.929687
0.927093
0.908607
0.668159
0.868534
0.738108
1.077516
0.928696
0.985466
1.017824
0.975920
0.969157
0.950731
0.964325
1.022113
0.898695
0.949830
0.957110
0.824107
1.015105
1.051336
0.894354
0.660599
0.909008
0.931701
0.957655
1.066356
0.741749
0.718114
0.807159
0.890703
0.874227
0.927790
0.809888
0.948841
1.017835
1.016416
0.968010
1.052809
0.962577
1.010687
1.048499
0.892999
0.815152
1.063244
0.780900
1.071262
0.614864
1.076085
0.873198
1.035616
0.868536
1.020241
1.074074
0.936542
1.086441
0.747047
0.955402
0.736925
0.869983
0.729303
0.914755
1.014715
0.963996
1.076596
0.984201
0.907055
1.124553
0.739543
0.924052
1.054842
0.938095
0.914361
0.768713
0.917347
0.839470
0.871046
0.977361
0.819125
1.062312
0.889713
1.110695
1.100377
0.913884
0.954259
0.466434
0.771415
0.761492
0.914642
0.927102
1.130024
1.014843
0.899743
1.015796
1.016188
0.878418
1.061453
1.068704
0.927625
1.053581
0.842975
0.950584
0.925609
1.029920
1.013901
0.872090
0.927104
0.744230
0.694424
0.925624
0.923771
0.894081
0.837830
1.025556
1.015843
0.940767
0.879715
0.711659
1.006170
1.138020
0.891192
1.059977
0.902812
0.902122
1.094329
1.041076
1.014285
1.047795
0.803473
0.976975
1.064417
1.072389
0.812059
0.978176
0.965230
1.047641
0.962844
1.120673
0.947289
1.144989
0.938494
1.008309
0.917765
1.009200
0.732795
1.038492
1.018174
1.116332
0.942281
1.008835
1.075961
0.987114
0.861286
0.967156
1.015611
0.861727
0.997965
0.830998
0.754205
0.756025
0.962239
1.145902
1.029107
1.024614
0.832665
1.085587
0.892687
0.934635
1.037819
0.936093
0.766802
0.989401
0.910162
0.942691
0.692051
0.829640
0.982297
0.929565
0.986560
1.095657
0.982960
1.161749
0.928392
1.059613
0.756057
1.015652
0.882326
0.996012
1.176394
1.054791
0.928574
0.886423
1.057082
0.970310
0.955287
1.006886
0.799819
0.854183
1.057481
0.980465
0.865744
0.986336
1.153583
0.924728
1.129217
0.926273
1.183057
0.987848
0.903144
0.955409
0.959249
0.878859
0.825864
0.975971
0.832471
0.790095
0.821282
1.018925
1.201646
0.970921
0.971179
0.986950
0.908081
0.830575
0.857872
0.952832
0.848419
0.864928
0.954958
0.986347
0.974098
0.832433
0.672576
1.066086
0.683882
0.881012
0.839658
0.996468
0.995644
0.903730
0.756117
1.051359
1.026206
1.108427
1.026777
0.965322
0.896183
0.920356
0.973257
1.151643
0.813081
0.667092
0.946234
0.967328
0.836953
0.964297
1.026324
1.057889
1.034908
0.898500
1.118607
0.755143
0.927801
0.923146
0.720528
0.907462
0.972938
1.024796
0.873086
0.500041
0.927880
0.913737
1.093032
0.760081
0.983743
0.988692
0.995536
0.988825
1.080435
0.491765
1.077108
1.082223
1.071315
0.939983
1.017088
1.004501
0.777598
0.982501
0.873699
0.842720
0.904465
1.088525
1.058218
0.880860
0.922417
0.902262
0.989399
0.955294
0.981637
0.988220
0.893366
0.909432
1.020827
0.644320
0.957669
0.731562
1.051477
1.011196
1.138052
0.884390
0.845565
0.942694
0.853486
0.956566
0.874532
1.146783
1.024266
0.946957
0.901148
0.868996
1.042076
0.885504
0.984181
0.830024
0.971953
0.952087
0.792786
0.964768
1.002940
0.970397
0.836418
1.079473
1.032085
0.933244
1.070689
0.991409
0.904802
0.958011
0.971238
1.051119
0.863067
1.025208
0.728545
0.987312
1.099795
1.198865
0.842908
0.725716
0.844858
1.110383
0.873007
1.027222
0.938426
1.084550
1.047045
0.878443
1.037692
1.032105
0.922287
0.997780
1.008282
0.924255
1.014559
0.983747
0.942881
1.098966
0.606349
0.821508
1.053517
1.085648
1.080808
1.022151
1.022679
1.096341
0.964131
1.004454
0.980650
1.114510
0.819361
0.700497
0.889217
1.024775
0.979966
0.825437
1.032258
0.916104
1.115764
0.828382
0.826321
0.878276
0.940662
1.107639
1.090794
0.657550
1.066771
0.942650
0.871679
1.051000
0.858056
1.059038
0.747511
1.012914
0.931295
0.982668
0.758116
0.976001
1.025848
0.987788
1.024906
0.825416
0.975035
0.894233
1.100004
0.555688
0.515110
0.784871
0.996039
0.898522
0.895019
0.828132
1.072784
1.012910
1.107387
0.954698
1.093925
1.003099
0.956367
0.863413
1.108830
0.895477
1.087209
0.884132
0.944858
1.095868
0.897478
1.214637
1.107991
0.759440
1.067521
1.043402
1.116584
0.918475
0.752619
1.152345
1.005669
1.025572
0.883105
0.973620
0.941812
1.127218
0.793677
1.003621
1.086227
1.058161
0.856035
0.887241
0.783258
1.104161
0.707649
0.959245
0.902607
1.065745
1.022220
0.905107
1.008511
0.773948
0.915031
0.937210
1.078289
0.811796
0.901470
1.141403
0.925416
0.894399
0.933634
0.956903
0.934996
0.804697
1.063348
1.079750
1.082983
1.006356
1.048590
1.065884
0.960973
0.874505
1.120298
0.974790
0.939389
0.727984
1.105439
1.175761
0.731432
0.825110
1.154445
0.867786
0.944891
0.965333
1.141432
1.055151
0.908753
0.911763
1.073057
0.828043
1.095582
0.938333
0.598736
0.990863
1.030231
1.000792
0.904759
0.858830
0.848903
0.860878
0.906569
0.985532
0.736865
1.191915
0.700321
0.984857
1.093527
0.833625
0.930361
0.925987
0.980057
0.784547
1.151535
1.044246
0.947201
0.981320
0.995836
0.886579
1.084291
0.872138
0.756911
0.943185
0.992397
0.946366
0.951650
0.757615
1.048807
1.053122
1.073530
0.950611
0.832164
1.035884
1.060955
0.943953
0.724683
0.745356
1.022241
1.022413
0.922233
0.711183
0.949727
0.975083
1.066304
0.756192
1.028850
0.960074
0.909249
0.915657
1.034837
1.018684
0.948422
1.085181
0.950831
0.953492
0.961338
0.855379
0.937849
1.063159
0.986459
1.079171
0.784060
1.015127
0.828551
0.779471
0.906747
1.020750
0.807289
1.010255
0.700479
1.108264
0.936897
1.102753
0.861115
1.009010
1.056889
0.967853
0.879321
1.016429
0.955362
0.954858
0.972901
0.915881
0.852456
0.940480
1.003767
1.061763
0.819956
0.882944
0.940484
0.816589
0.969407
1.097750
0.787125
1.152035
1.070240
0.840998
1.097870
0.939968
1.003319
0.879066
1.069766
0.916808
0.993908
0.975316
0.994085
0.715476
1.139693
0.868944
0.758208
1.098556
1.045136
0.693782
0.973326
0.878639
0.824617
0.856347
0.609506
1.019846
0.866904
1.158739
1.025507
1.108908
1.033671
0.963851
0.917741
1.060633
1.006762
0.962436
1.126506
0.958037
0.894654
0.949412
0.874209
0.998667
0.625631
1.050403
0.984995
0.829711
1.065925
0.973092
1.039582
1.004076
1.042870
0.670826
1.043284
0.987434
0.848414
0.916184
0.792396
0.875085
1.019681
0.961259
1.018317
0.876543
0.973363
1.023633
1.009366
0.882327
0.935908
1.076054
1.005766
0.887255
0.971995
0.924299
0.811721
1.041501
0.891654
0.977536
1.001085
1.027280
0.703957
1.128473
0.903468
1.017015
0.981210
0.956454
1.107438
0.836686
0.999067
0.908765
1.084009
1.071872
1.100694
0.987543
0.819332
1.060184
0.828092
0.755346
0.950465
0.969574
1.055793
0.908300
0.816890
0.926100
1.097820
1.065329
0.812816
1.092928
0.955774
1.087371
0.919987
1.026617
0.940853
1.095020
0.925661
1.012357
0.969808
0.741749
0.787579
0.895710
0.927367
1.141427
1.033079
0.559190
0.872595
1.020363
0.915027
0.961767
1.058224
1.072753
0.930225
0.990355
1.020667
0.727610
1.078812
0.904437
0.974325
0.760851
1.012818
0.835037
0.929651
0.809163
1.072918
0.945440
0.992485
0.996457
1.078066
1.042203
0.916426
1.090459
0.817636
1.047978
0.968047
0.919694
0.820522
1.025596
1.046026
1.067524
1.054993
0.929438
1.088048
0.830836
0.847254
1.007164
0.933165
0.955405
1.082828
0.801853
0.525528
0.767005
0.924449
0.936763
0.929093
0.970024
0.977447
0.832485
0.896890
0.981610
1.119058
0.914185
0.959519
0.967402
0.962481
1.172232
1.113116
0.807965
0.906750
1.033746
1.104592
0.948622
0.867455
0.976304
0.777503
1.010690
0.764826
0.950591
0.914212
0.630371
1.001893
0.982267
1.183000
0.822193
0.931621
0.875184
1.006281
0.955514
0.883172
0.852056
1.111922
0.963024
0.834864
1.145760
1.001516
0.663847
1.041847
1.022746
0.800215
1.001112
1.057445
1.027050
1.090866
1.117597
0.935215
0.838304
0.945296
0.933949
0.992065
1.110238
0.973187
0.991664
0.942970
0.949889
0.991639
1.124999
0.988710
1.020394
0.806955
0.853040
1.059439
0.741113
1.061615
0.927498
0.888043
0.989380
0.894080
0.942681
1.142569
1.014149
1.128735
1.029729
1.093604
0.937693
0.813876
0.846321
0.753926
1.074794
0.908905
0.961015
1.041259
0.895452
0.928420
1.070093
0.898488
0.944988
0.955565
0.999167
0.965895
0.883265
0.992052
1.034624
0.982082
0.981141
0.943038
1.037682
0.980477
1.016846
0.991819
0.946395
0.758237
0.668501
1.059358
0.858449
1.081150
1.007316
0.934195
0.843285
0.893534
1.011533
0.920346
1.026478
0.617605
0.958462
0.878485
1.159007
1.027474
1.079966
0.902148
0.988344
1.042895
1.091761
0.720825
0.917882
0.877405
0.811888
0.888871
0.802462
1.061883
0.868774
1.044493
1.062046
0.828322
0.926064
1.120875
0.634910
0.971224
1.076854
0.921291
0.833463
0.671086
0.981810
0.791268
0.922896
0.735229
1.028053
1.020440
0.881569
1.033485
1.075723
1.036656
0.786612
0.961112
0.994460
0.880036
0.934998
0.926839
0.956106
0.920369
1.071896
0.922524
1.010778
1.063453
0.723583
0.906592
0.926904
0.877954
0.884898
0.932300
0.803102
1.035278
0.927234
0.939568
1.111249
0.685612
1.000480
0.919357
0.802517
1.153852
1.175296
0.916467
0.958144
1.013443
0.972007
1.017036
0.991125
1.030105
1.028188
1.031218
0.990797
1.001181
0.633614
0.716686
0.867331
0.876419
0.995348
1.009230
0.991921
0.889334
0.869005
0.946588
1.002752
0.664155
0.685494
0.980798
0.858582
1.125173
1.110241
0.897272
0.924941
0.964857
0.913411
0.964470
0.951239
1.044588
0.854790
0.955459
0.768557
1.073964
0.899113
1.087513
0.807646
0.948061
1.045143
0.881609
0.908157
0.983847
1.084237
0.760665
1.054279
0.977817
0.773042
1.015175
0.977750
0.845308
0.982224
0.960015
0.702220
1.072010
0.570439
0.908242
0.784562
0.890585
0.780389
0.883143
1.023306
1.055480
1.157715
0.921760
0.949998
0.936723
1.073070
0.790273
1.005115
0.958238
0.768465
1.096583
0.941010
1.063357
0.884791
0.991115
1.025425
0.823132
1.105400
0.787842
0.948032
0.934604
0.534938
1.076964
0.978260
0.995586
0.945428
0.787703
0.949540
0.672207
1.111501
0.901960
1.017883
1.081298
0.812026
0.900952
0.968292
1.007436
1.005438
1.004496
0.845598
0.965632
0.952247
1.024276
0.987882
0.920227
0.973402
1.004313
0.922267
0.996106
0.880775
1.096157
1.032958
0.950340
0.975259
0.922086
0.791945
0.964031
0.926584
0.880959
1.094507
1.117988
0.906880
0.952290
1.168553
1.094261
0.988715
1.086063
1.094070
0.926219
0.828461
1.046058
1.004864
0.749396
0.888613
0.891096
1.073603
0.864610
1.117257
1.057193
0.822930
0.946835
0.968216
0.927701
0.846484
1.038304
0.799323
0.888324
0.799941
0.959497
0.899309
1.097484
0.902090
0.849800
1.030589
0.969108
0.884410
1.001324
1.002032
0.852771
1.119297
1.082044
0.737514
0.916269
0.936360
0.839874
1.033576
0.954293
1.000079
0.865044
0.923156
0.958416
0.947818
0.872108
0.995380
1.029421
1.050182
0.748370
1.026351
1.110121
0.901122
1.054275
0.929211
1.138673
0.936851
1.167472
0.818404
1.087084
0.821664
0.902754
1.029256
0.798015
1.139533
0.970720
1.165541
0.995423
1.089005
0.627435
1.024733
1.038278
1.015610
0.965587
0.869540
0.881518
0.968104
1.078212
1.070456
1.015471
1.045578
0.942315
1.019394
0.646736
0.914662
0.968361
0.885398
0.948755
0.995592
1.013216
1.006650
0.897255
0.916305
1.015839
1.027959
1.058434
1.097230
1.075400
0.934942
0.928681
0.994065
0.959114
0.999834
0.971448
1.017740
0.708164
1.047273
0.982009
0.996669
1.029552
0.954032
1.053081
0.870403
1.032659
0.827056
0.742734
0.967464
1.071389
1.027359
0.710353
0.799652
0.825252
0.976445
0.818282
1.061411
0.902553
0.958594
0.707011
0.749282
0.853873
0.984855
1.042428
1.161240
0.973769
0.798833
1.007009
1.022489
0.766487
0.875087
0.958628
0.795331
0.752618
0.886683
1.174315
1.088793
0.855653
1.042929
0.815864
0.862700
1.085454
1.010325
0.849628
1.119512
0.901882
0.919950
0.916071
0.937517
0.816536
1.059388
1.033096
0.895812
0.747804
1.058250
0.941039
0.871992
0.906184
0.889021
0.951058
0.850514
0.944453
0.988671
0.952820
0.980905
0.965622
0.506370
1.015797
0.888649
0.903809
0.863109
0.960496
1.079627
0.910299
0.970563
0.743923
1.082123
0.946906
0.968876
0.934323
0.879265
1.055320
0.987733
0.769548
1.088298
1.156524
1.068676
0.501754
0.512299
0.851421
0.928191
0.834666
1.038606
0.695239
0.733343
0.877781
0.921000
1.025142
1.063612
0.924030
0.831312
0.677243
1.000285
1.033448
0.897971
0.994148
0.765613
0.899356
0.937936
1.040483
0.727390
0.950050
1.072655
1.086334
1.017827
0.967198
0.814225
1.051962
0.983959
1.084182
1.028346
0.921300
0.948665
0.999410
0.886657
0.801807
0.759486
0.859552
0.781091
1.037674
0.797265
0.996240
0.820792
0.776363
1.150252
0.955054
1.013148
1.023568
0.663822
0.927584
1.050379
1.111454
0.948236
0.882640
0.962879
1.067018
0.902240
1.058556
0.853192
0.997361
0.988898
0.845838
0.957073
1.151298
0.877579
0.983882
1.083583
1.025642
1.042977
1.031842
1.022471
0.869575
0.765260
0.642400
0.889938
0.803152
0.980526
0.739869
1.092898
0.966587
1.079675
1.009509
0.774729
0.940633
1.125013
0.765245
0.920016
0.932889
0.940481
1.053968
0.981212
1.016791
0.931744
1.128804
1.022708
0.950169
0.854579
0.947488
0.758328
0.885598
1.018842
1.044763
0.812534
0.985621
1.108537
0.987736
0.997685
0.958257
0.838847
1.075166
1.021475
0.996340
0.807909
0.933833
1.009867
0.909193
0.824929
0.839240
1.078760
1.090634
0.760190
0.933109
1.145328
0.988073
0.851830
1.060349
1.160344
1.040832
1.011397
0.893458
0.890158
0.649313
0.907525
0.986016
0.877940
0.792764
0.712825
0.840247
1.004815
0.938878
1.033156
0.849488
0.893216
0.944836
1.106628
0.965691
1.008480
0.921778
1.070009
1.033938
1.035813
0.730358
0.935145
1.088262
0.859024
0.751971
0.924674
1.023430
1.028806
0.895230
0.966516
1.050949
1.044207
0.965127
1.047082
1.180456
1.071316
0.850231
1.119295
0.818726
1.007007
1.112820
1.067956
0.980808
0.823936
0.981251
0.961018
1.062583
0.899364
0.974352
1.076022
0.958497
1.007653
1.032594
1.118695
1.083901
1.072175
0.904562
1.014355
0.796185
1.032182
1.021372
0.856063
1.022146
0.914756
1.122961
0.914434
0.841884
0.955908
0.549340
1.025339
1.083289
0.942339
0.606773
0.926299
1.004408
1.013695
1.010568
1.124720
0.976597
1.181623
1.092642
0.768559
0.897919
0.969669
0.990950
0.918813
0.974227
0.862078
1.104050
1.024555
0.955952
0.926388
0.820794
0.666902
0.915331
0.867461
0.893401
0.847269
1.082752
1.031501
0.833478
1.029401
0.809238
0.991583
0.716790
0.660737
0.973183
0.908205
0.947773
1.039289
0.896239
0.837776
1.035610
0.734485
1.209722
1.004036
0.988885
1.109942
0.900795
1.059249
0.605914
0.984839
0.855588
0.787852
1.012739
0.963753
1.054597
0.859477
0.893636
1.077556
0.978657
1.026441
1.171173
0.901021
1.087942
1.002348
1.088055
1.079354
1.068280
0.979213
0.960216
0.776930
0.983773
1.017056
0.761021
0.925232
1.074003
1.035691
0.948530
0.958956
0.883642
0.949361
1.026004
1.013515
0.990232
0.935103
1.006146
0.693191
0.742181
0.809370
0.898110
0.868092
0.893633
0.914198
0.951982
0.607898
1.000504
0.767121
1.072831
0.723585
1.054541
0.903916
0.877517
1.095873
1.020361
1.118865
1.040288
1.142226
0.800651
1.069874
0.827641
1.062368
0.934952
0.952756
0.956243
0.978230
1.134259
0.943521
0.980854
1.101294
0.867753
0.786861
0.986972
0.857176
0.959755
0.776556
1.054017
0.933681
0.933490
0.791197
0.813784
0.929636
0.998985
1.002451
0.789352
0.978427
0.911406
0.801406
0.840605
0.963722
0.690992
1.076080
0.915076
0.916278
1.017131
0.619411
0.981434
1.041748
1.154183
0.951667
1.004252
0.817014
0.917052
0.962591
0.730613
1.056447
0.865388
1.072871
0.947617
0.930281
0.931746
0.850750
0.743912
1.082880
0.872226
1.031926
0.934309
1.013981
0.885710
1.117888
0.842545
0.968880
0.771380
0.788356
1.144661
0.930926
0.938469
1.063581
1.031175
1.052232
0.980934
0.922881
1.029883
0.945785
1.062546
0.998719
1.126741
1.013907
1.168113
0.918353
0.911793
1.108455
0.846248
0.779465
1.012349
0.976489
0.767520
0.809366
0.916889
0.961775
1.043825
1.112411
0.952632
0.888505
0.916585
0.921426
1.057615
0.956626
1.082227
0.952704
1.047805
0.984096
0.902702
0.568170
0.902730
1.047035
0.930765
0.778820
0.884535
0.994532
1.115714
1.013557
0.849403
1.066068
0.837669
0.958666
1.055418
1.001044
0.945143
0.783853
0.878668
1.072222
0.812629
0.994730
0.879270
1.060116
0.845506
1.219086
0.839166
0.903491
0.904893
0.717694
0.740386
1.035951
0.973003
0.904910
0.887968
0.980809
1.043531
0.871546
0.755487
0.898849
1.079987
1.029263
0.940749
1.128272
1.119464
0.940073
0.896172
1.042614
0.774863
0.889096
0.945177
0.976435
0.703297
0.877550
0.991244
0.892349
1.095116
0.882226
1.026532
0.848201
1.064312
1.073272
1.004392
0.905774
1.080043
1.062399
0.950696
0.973899
0.906605
1.035805
0.936597
0.832766
0.872103
0.922920
0.837706
0.888923
1.039272
0.865773
1.034413
1.034440
0.847760
1.048375
0.975553
1.056201
0.820462
0.978971
0.913783
0.925694
0.759996
0.962943
0.968489
1.018751
0.882977
1.015760
0.962170
0.731227
1.052363
0.835362
0.678843
0.739905
1.013320
1.113460
1.104151
0.969074
0.865850
0.983886
0.933587
0.969143
0.806846
0.877218
0.904175
1.056500
0.887118
0.857032
0.662985
0.782770
1.020482
0.828431
0.828421
0.874402
1.135032
0.829392
0.916926
0.909257
0.730951
1.070166
1.117003
1.096171
1.001388
0.881816
0.914877
1.059356
0.954191
1.031337
0.809245
1.071556
0.953915
0.994836
1.070584
1.035903
0.964291
0.894639
0.893623
0.928468
0.987500
1.045891
0.988164
0.880002
0.753237
0.890340
0.983862
0.823382
1.017206
0.989048
0.924320
1.026885
