1.625558
1.462322
0.808827
1.006589
0.614241
0.913773
0.098457
1.209522
0.212335
1.717554
2.824168
0.329497
1.004071
1.281873
0.226647
0.796128
1.338303
0.004903
0.463499
0.117532
2.276890
0.713507
0.365311
0.226193
0.917433
2.467258
0.164401
1.774904
0.422093
0.992157
0.543550
0.416872
3.150009
0.147926
2.060466
1.589623
2.059977
1.037346
0.184768
0.641708
1.082647
0.352981
1.650967
0.656170
0.262018
2.498935
1.144017
0.085376
1.195806
0.205959
0.789057
1.093030
0.785769
0.309290
0.522807
1.033381
0.186596
2.746768
0.947600
0.878668
0.377240
1.391031
1.569752
0.231034
0.178337
0.888609
0.376330
1.012605
3.582588
0.980011
0.693145
0.866229
0.533707
0.315077
0.370195
0.031736
0.072083
0.877238
1.290411
1.222896
1.262365
0.809062
0.306378
1.210011
2.684516
0.510221
0.766881
1.399900
0.848400
0.974611
0.301873
0.580902
0.968336
1.067371
0.096800
0.296399
0.872667
1.462101
1.651892
0.824209
2.544328
0.737569
0.498942
0.681803
1.163841
0.256873
0.397921
0.834769
2.916398
0.587191
0.732271
0.228142
0.826782
0.042535
4.738821
2.438113
3.145224
2.303738
2.339690
2.208201
0.344177
0.507177
0.122407
0.526191
0.840687
0.245551
3.552793
0.306296
0.727554
0.126559
1.098449
2.902729
0.410213
3.962983
0.640680
0.474123
0.011213
1.320083
0.651355
1.451152
0.928444
0.357409
0.659699
1.648820
0.308149
0.147033
2.123054
1.319745
0.160530
0.374627
0.871343
1.392793
1.574411
2.297965
3.673303
0.750730
0.265168
1.177950
0.358032
1.482789
0.865027
2.331733
1.116981
1.194281
0.566275
0.305639
0.292043
0.636584
1.802671
1.381145
0.877353
0.854937
0.242429
0.009839
0.651139
0.281705
2.480829
1.166084
1.384355
0.449073
0.359679
2.054791
0.882402
1.579430
0.312063
2.254944
0.181162
2.711803
1.728017
1.519970
0.431045
1.797162
0.554809
0.488084
0.987956
0.074163
0.772431
1.201687
0.585740
0.505501
0.658036
1.048654
1.187676
1.478386
1.862751
0.823570
0.108615
0.410143
2.528106
0.282902
0.135278
0.373059
0.388528
0.858719
1.156352
0.740498
3.378284
0.310232
1.357862
0.476307
0.069269
0.821226
1.544755
1.366672
0.411666
0.005587
0.633159
0.001474
0.053735
0.717291
0.489884
0.857305
0.601890
0.882089
1.401154
0.631499
2.076774
1.113855
1.220773
1.379749
0.859087
0.482225
1.655758
1.097229
0.218685
0.257798
2.067053
1.971581
1.056794
0.263293
0.584558
1.690724
0.295218
0.234655
0.313741
0.075627
0.714633
2.118146
0.664963
0.198935
0.463080
3.781683
0.262690
1.054156
2.002669
0.877531
0.284288
0.895193
0.953138
0.533923
1.132553
0.095652
0.371085
0.282782
0.310846
0.380859
0.961873
1.497034
0.012175
0.143821
0.208819
0.298761
0.939651
0.723861
0.718776
0.624114
0.556577
2.663818
2.509465
1.391401
2.889787
1.455458
0.898677
0.846024
3.937546
1.124945
0.209787
0.308495
1.989172
0.308902
1.365407
3.699484
0.347946
0.459813
0.881809
1.539102
0.206326
0.795334
0.598304
0.631693
0.135558
0.795454
1.517598
0.379716
1.763792
1.919529
0.019569
0.471532
0.272024
0.015928
0.525297
0.387498
0.316163
0.006340
0.109635
0.253911
0.319973
0.732595
0.440251
0.451053
0.161516
0.226558
0.662512
0.413599
1.790914
1.719511
0.668943
0.767449
1.921227
0.231896
0.313274
0.289322
0.683795
0.605974
1.034794
0.083959
0.474844
1.732440
1.481023
0.195304
1.144015
0.085567
3.147142
0.877908
0.424700
0.967608
0.093975
0.837453
0.998761
0.533059
1.046165
1.045111
0.258040
0.071320
0.544767
0.077605
0.497156
0.150600
0.061670
1.068113
1.172635
1.827128
0.186408
0.200078
0.737347
3.775436
0.351412
0.229812
0.047786
0.577242
0.748133
1.337947
2.456582
0.966797
0.965483
0.139540
0.037266
0.652552
0.281751
0.201346
0.978014
3.182412
0.742471
0.033391
1.013303
0.355888
0.138014
0.081795
0.142360
0.120203
0.409854
0.024267
0.357769
0.037285
0.285046
0.739322
0.599151
2.706364
0.196612
0.471394
0.379864
0.587304
0.355091
2.680913
0.770512
1.707287
1.359973
0.818198
2.889770
0.875297
1.087566
1.602079
1.064636
0.937620
1.516247
0.308300
0.757446
0.023057
0.581072
0.642664
1.101961
2.520034
0.267539
0.316816
1.658933
1.409401
0.880808
1.405633
4.000639
0.937097
1.170716
1.200610
0.872328
1.284555
1.493347
0.704674
1.130495
1.007186
0.649110
0.336131
1.204024
2.071212
0.114641
1.246315
2.608978
4.668868
0.730485
0.477977
1.548470
0.830062
3.030299
0.608694
1.861576
0.695084
1.248965
0.624499
3.654073
0.882932
0.252590
0.741130
2.357619
0.986370
0.164112
0.926427
0.714111
0.105012
1.111384
0.193902
0.084237
2.234967
0.586831
3.604407
0.076893
0.000038
0.955118
0.532650
1.140541
0.068505
0.407036
2.821974
1.805791
1.847473
2.550546
0.953663
3.308797
0.040742
2.143389
3.994476
1.048921
0.092820
0.609056
0.698128
0.825255
1.573081
0.075698
1.123878
0.043710
0.010143
2.062805
0.193543
0.053182
2.256582
1.513486
3.366329
0.678282
2.139425
1.141028
0.371306
0.925952
1.946029
0.296790
3.157035
0.787568
2.442898
1.384849
0.969802
0.317137
0.714887
0.743936
0.899930
1.033854
0.685879
1.338256
1.072883
0.756232
0.395066
1.641693
0.182469
1.318205
1.770564
0.776376
1.192659
1.260753
0.432875
0.151115
0.544001
0.135229
0.904961
0.430016
0.496771
0.583989
0.257752
0.220421
0.491789
5.699685
0.130929
0.464516
0.771848
0.132120
2.451526
0.525915
0.158226
0.237847
1.252432
0.501743
0.186797
0.612305
1.586822
1.165982
1.292251
1.315427
0.693496
1.540705
1.363063
0.265786
0.398599
0.662335
0.106926
0.926531
0.261280
0.057337
1.587425
1.081020
0.818002
1.358384
1.564566
2.268857
1.497403
1.735682
0.347394
2.325078
0.738890
1.005964
0.191543
2.224769
2.067410
0.343061
2.945250
1.634198
1.799564
2.284614
0.264774
1.093048
0.411361
0.406964
0.704159
1.297073
0.851393
0.210365
0.112253
1.885045
1.164184
2.202873
0.108722
0.407761
0.949734
1.098302
0.790163
0.397424
0.703693
0.433177
2.062391
1.763179
0.898910
0.157165
0.245941
1.065617
1.302538
0.485130
1.300840
2.047994
0.524212
1.027833
0.317526
1.400370
1.333707
0.350926
0.169959
0.882800
0.106350
0.343908
0.021883
0.168985
0.120884
1.013697
1.573005
0.717338
3.481177
1.594212
0.836908
0.682758
1.239473
1.066730
0.632447
0.052995
0.411760
1.092534
1.441739
1.172635
0.146941
1.167313
0.300150
0.589967
0.527117
0.477275
0.571600
1.049751
0.411454
1.840161
0.794807
1.073830
0.274465
0.158620
0.516322
0.008650
1.447189
0.067869
0.267417
0.486290
1.192195
0.316987
0.437027
0.884831
0.226647
0.751582
1.988761
0.089394
1.283431
0.559647
0.258917
2.241279
0.043691
0.419433
1.312715
0.219192
0.064932
2.392319
0.565337
0.106374
0.090324
2.372976
0.269788
0.401987
0.619519
0.758379
0.691664
3.669095
0.358327
0.025562
0.257363
0.984115
0.398395
1.269295
0.441283
0.820718
0.074281
0.876409
1.012353
0.066274
0.740533
0.236953
0.226853
0.430757
0.922480
0.411052
0.400621
1.390044
0.266721
0.544235
1.123918
0.204065
0.555096
0.556630
2.712558
0.843089
0.702864
0.322575
1.480405
0.431369
0.927808
0.201354
0.825388
1.887349
0.257262
0.279853
0.139878
2.204069
1.875031
0.550809
0.618399
2.318460
0.945126
0.506956
0.969311
1.183898
2.976802
0.081727
0.550682
0.864295
0.975530
1.899545
0.355478
0.952368
2.585954
2.422190
1.032301
0.107860
0.095921
0.110295
1.060006
0.047641
0.598575
0.150866
0.110800
1.155298
0.116134
0.356635
1.180616
3.037804
0.448874
0.399120
3.125955
0.863620
0.763739
0.809765
0.781181
0.167541
0.947204
0.329041
0.227368
3.066298
2.142117
0.130250
0.122163
2.220640
1.376045
1.648843
0.324126
0.179709
0.784123
0.524516
0.393352
2.021193
1.103559
0.276505
1.126107
0.078627
0.341827
0.980811
0.095943
0.250743
0.110146
1.146277
0.522407
1.131973
0.074934
0.281655
0.926045
0.185664
0.070060
0.281724
0.164967
0.467908
1.173412
0.212827
0.295118
0.368930
0.849916
2.627311
0.725831
0.359422
3.945387
0.564968
0.324225
0.390141
0.394785
2.510173
0.622543
0.535365
1.561921
0.143421
1.897571
0.261373
0.930320
2.418736
0.078981
2.035525
0.540870
0.599900
1.733117
0.852754
2.651302
0.864229
0.265706
0.728726
0.412442
1.521273
0.482501
2.819030
0.602480
0.960932
0.668866
0.930441
0.055274
2.604943
0.635635
2.446715
1.739200
0.046600
0.666289
2.118683
0.013408
0.441027
1.260620
0.168005
2.114042
0.146453
0.451522
0.204504
1.078780
0.611492
0.677263
0.449133
0.559381
0.211867
1.018883
0.314529
0.347446
0.338221
0.198913
0.339054
0.652298
0.100954
1.628471
0.493085
2.951091
0.203373
0.707598
0.834156
0.065373
0.058663
0.944792
0.682815
0.142162
0.426721
3.026675
0.580544
0.421817
1.018873
0.398266
0.415325
0.290374
0.970820
1.142193
0.731676
2.006307
0.368933
4.602535
0.073759
2.783295
0.254914
3.885737
0.004282
0.349296
0.471742
1.510166
1.161316
0.187719
0.469497
3.146236
0.252631
0.074836
0.828039
0.132168
0.977000
0.024857
0.894847
0.668203
0.428071
1.794648
0.018777
1.259652
0.740252
0.643154
0.531046
1.161024
0.031370
1.462839
0.796207
0.195719
1.083310
0.738703
1.240905
0.927153
0.800568
0.684049
0.117101
0.375334
1.086419
1.317203
1.498572
1.112728
1.596106
0.866189
4.399029
1.183868
1.055569
0.734640
2.729252
0.147403
0.347804
0.276048
0.991741
0.199701
2.359002
0.635156
0.362660
2.129450
0.297054
0.052083
2.621860
1.636441
1.778719
0.064275
1.861982
0.973650
0.479589
2.476015
1.595684
0.401330
0.485051
1.296875
0.155349
0.565103
0.117286
0.666833
0.048166
2.300938
0.778531
2.496323
0.400211
1.061999
0.751564
1.184214
0.827333
0.487564
0.704850
0.604935
0.247443
0.604956
0.654753
1.057683
3.121946
0.671042
1.014341
0.942817
0.672334
0.081340
0.791865
0.732644
1.704631
2.169425
4.120731
0.186825
1.434125
0.671713
0.496601
2.074695
0.791784
0.474927
3.187822
0.762756
0.897375
1.406139
0.314057
0.637653
0.859968
5.155280
2.569032
0.301004
1.626338
0.117744
0.780977
5.776849
0.095440
0.956719
0.053525
0.593173
2.149036
1.765234
0.624997
0.829280
0.889290
0.627015
3.457885
0.141242
0.864801
1.454757
0.172044
0.611898
0.042340
0.187062
0.019076
0.343118
2.505146
0.312506
0.538379
0.043909
0.099892
0.311284
0.473919
0.919513
0.239041
0.217597
2.627503
0.628598
0.787235
0.588860
1.167620
0.289475
3.816338
2.071952
0.198706
0.224295
0.125146
1.792739
1.650678
0.713111
0.519683
3.144177
0.311299
1.553663
0.817091
0.784326
2.175101
0.023770
0.258750
0.615531
0.168879
0.647054
0.451492
0.705951
2.043767
0.862733
1.292379
1.400645
0.425490
0.385069
0.028267
0.186220
0.986434
0.603695
0.404869
0.154101
1.178453
0.884834
0.408707
0.837410
3.682496
1.611257
1.456940
0.720592
0.566991
0.651023
0.578056
0.746239
1.521726
4.658529
0.523106
0.907186
0.902884
0.490861
0.735425
0.791250
1.426883
0.968706
0.058381
2.389759
3.209855
0.159996
2.359967
0.581677
0.052183
0.257819
0.262773
0.126211
0.218645
2.130200
1.819945
1.046588
1.560750
1.078677
0.083465
3.799423
1.267883
0.148522
0.852144
1.702349
0.307420
0.251860
1.133780
0.040246
0.488873
0.050914
0.118756
0.480019
1.153854
1.905657
3.217666
1.456611
0.323766
0.823826
2.574377
0.163107
0.254527
0.231302
0.291108
1.298173
0.988577
3.198901
3.102093
0.639514
0.951156
3.052617
2.748423
3.734932
0.797445
0.228304
0.860505
1.582888
0.102417
1.806956
3.007469
0.320360
0.186137
2.780684
0.671592
0.749883
0.886827
1.982020
0.727358
0.602709
0.980984
0.854979
1.087973
0.388576
0.182203
0.483195
0.016664
0.037989
3.599231
1.872014
0.289314
1.067750
0.134400
0.448660
0.596459
0.290313
0.093797
0.073688
0.252058
1.366984
0.004514
1.518490
0.037512
0.972927
1.896348
1.055898
1.401920
1.907182
0.635675
0.126231
1.410290
0.620243
0.376869
0.268345
0.513100
1.009726
0.631926
1.972375
0.567648
0.431982
1.540185
0.797193
0.649754
2.176844
0.157954
1.177491
0.158461
0.120505
1.477948
0.239149
2.009164
1.573395
1.511693
0.122148
0.052376
0.993089
1.018221
0.192023
0.230529
0.490927
0.134160
1.679675
0.885810
1.122346
0.089836
1.347419
3.240415
1.427386
0.202799
0.211597
1.201127
0.047943
0.763188
1.042867
0.436355
0.967155
0.788520
2.595828
0.614733
0.074718
0.786298
0.600212
0.280370
2.779103
0.483063
1.342482
0.705111
1.607293
0.919285
1.570993
0.273776
2.000105
0.097763
0.919157
2.089737
0.917808
0.380515
1.040014
0.014115
0.169283
0.139095
0.860735
0.212594
0.228174
0.069758
0.337100
1.210018
0.228786
1.061429
0.613057
0.149904
1.313426
0.829328
0.271439
0.043486
0.577996
0.570396
2.084336
0.426787
0.953093
0.265901
1.389859
0.632891
0.499483
0.201782
1.341543
1.325475
0.717471
0.656425
0.707774
3.279266
1.892101
1.397435
3.279767
0.766047
0.836173
0.944120
2.460185
0.285093
0.248140
0.102755
0.289601
2.498000
0.336851
0.417726
0.778131
4.392337
0.816886
2.757693
2.124780
0.935911
1.427793
0.234303
0.018763
1.170842
0.628368
1.239484
0.494764
0.075073
0.281898
0.217254
0.039380
0.967830
2.756239
0.285418
0.583735
0.157170
0.066165
0.031613
0.139445
0.829839
1.829284
0.415830
1.372633
0.079572
0.132783
0.537315
0.059796
3.108590
0.891835
0.520607
0.145295
0.611587
0.888857
0.380763
1.181546
0.792007
4.110772
1.575176
0.614013
0.880623
0.326093
0.859605
1.908730
0.210010
1.578729
3.650369
1.324435
1.911579
0.626328
0.169581
0.206135
0.022368
0.876591
0.073714
0.801121
0.281687
0.433100
0.199689
0.692544
0.138448
2.716815
2.695858
1.154251
2.013494
0.446154
0.186255
0.249847
1.353593
0.676235
0.235144
6.757377
0.633219
1.133538
0.377826
2.245794
0.229683
1.042715
0.836458
0.302895
0.777683
0.783176
0.176348
0.208615
0.426446
0.240830
1.211985
0.111791
1.508858
0.180070
0.508811
0.199006
0.431058
2.849195
0.280008
0.200156
2.036546
0.823783
0.856814
1.706682
0.301082
1.698755
1.224157
1.968087
0.446493
0.821366
1.458379
0.904426
1.460719
2.852325
1.002444
0.353819
0.031015
0.539627
0.425814
1.215031
0.921633
0.560817
0.574371
0.789123
0.412009
0.616954
1.327988
1.635622
0.587003
0.369379
1.745353
1.369759
0.713240
0.618195
1.440223
1.259751
0.503187
0.530061
0.643241
0.381886
3.169588
0.538444
0.334093
0.430055
1.066016
1.099205
1.526488
0.021872
0.738519
1.646883
1.580044
0.187333
0.309115
2.684160
1.118386
0.041119
0.124733
0.065030
1.111809
3.613506
1.387876
0.587449
0.049775
0.086560
0.530486
1.585365
1.931548
1.342713
0.905625
0.316599
0.030437
1.401786
0.083007
1.788744
2.916133
0.710327
1.171706
0.563237
1.560120
1.152648
1.713234
0.929534
0.074997
0.157496
2.895504
2.825469
3.209125
1.311663
0.997990
0.714664
0.371061
0.527196
1.190473
0.296930
0.716910
0.658498
1.227950
0.339383
1.659016
1.163975
0.427710
1.789390
0.067234
1.051469
1.005511
1.227790
0.897110
1.124473
0.772751
0.396332
0.898860
0.447081
3.422835
0.115592
2.566723
0.816310
1.281699
1.201465
2.696646
0.194632
0.662605
0.096623
0.780263
0.405045
0.479213
1.374117
1.452556
0.269993
1.804581
0.683639
0.220537
0.326600
0.406984
0.694294
3.905799
0.418248
0.785804
0.546477
0.274699
0.453139
1.148942
0.916763
1.789395
0.531157
0.034384
0.071865
0.482431
1.495747
0.910201
0.863506
0.814049
1.467904
0.237043
0.201002
0.147056
1.458301
0.080831
0.378394
0.079008
1.081190
2.100538
0.031049
2.510755
2.360373
0.543098
0.459056
0.718154
0.032720
0.126789
0.360854
1.018324
0.672313
1.061728
0.006151
1.192879
0.308172
0.802518
0.010699
0.807175
0.894850
0.423782
0.379227
0.319228
0.465410
4.070702
0.354275
0.418173
2.458613
2.546065
0.806696
0.575339
2.140879
0.342470
0.740896
1.699022
0.068756
0.407422
0.592397
0.658845
1.382441
1.735949
2.633546
1.844912
0.727666
0.127172
2.380472
0.787256
0.064452
0.550552
0.268017
1.365671
0.311209
1.077621
0.050791
0.075867
0.433490
0.236956
0.274975
0.507228
0.701129
0.921596
0.663096
1.589701
0.084716
0.153901
0.187906
1.053431
0.491758
0.477519
0.945449
0.070855
0.215116
1.220762
0.217118
0.733503
0.128156
4.534828
0.174729
1.960424
0.215909
0.719314
0.735821
1.890422
0.657750
0.680240
0.977642
0.810776
0.700828
2.618257
0.196786
0.881647
2.826843
0.246285
0.366053
0.108364
0.721749
1.710238
1.840654
0.103893
1.085481
0.172367
0.184881
1.966248
0.474037
0.582330
1.009870
0.503572
0.751120
0.143229
0.693720
0.994835
0.296837
0.542229
1.699219
2.701079
3.707362
1.534324
1.238893
0.251404
1.148828
0.635647
0.684941
1.616896
0.753890
2.440814
0.485071
0.328196
0.008695
0.139076
0.105125
0.273386
2.043756
0.879997
0.368404
0.464271
0.244944
0.924681
0.366385
0.603242
0.899508
1.121066
0.397575
0.143848
1.364455
1.061380
0.783111
1.386188
1.072056
0.438338
0.711956
0.800032
0.483167
0.830330
1.299337
0.064898
1.105066
2.239433
1.476788
1.003363
0.315978
0.005371
0.206311
1.011418
0.143845
0.710038
2.735118
0.552639
0.604200
2.761966
1.285148
1.921505
0.691813
1.190002
1.303582
0.911744
0.519101
0.586915
1.492264
0.012619
0.535274
0.664583
1.700566
1.119393
1.245419
1.553996
3.616084
2.161334
0.038693
1.590842
0.681335
1.133988
0.129494
0.088928
0.510209
2.186684
0.683050
0.338502
0.150277
0.350520
0.501513
0.257651
4.103131
1.822684
2.417421
1.386622
2.367636
0.378215
1.258085
1.072343
0.795497
1.674746
0.034163
0.737890
0.730761
2.530242
0.345973
0.618793
0.083617
1.699983
0.287211
0.691566
1.422126
1.345498
1.293746
0.010403
0.140253
0.541628
0.346933
0.485900
0.096479
1.984513
0.735046
0.025531
0.206879
0.026445
0.599990
0.530331
0.699471
0.484356
0.463762
1.441074
1.308028
0.690735
0.406360
0.044683
0.802360
0.158854
0.243543
2.286570
0.195332
0.530351
0.383495
1.576673
0.333290
0.123379
0.458076
1.081486
1.208205
1.914342
0.076507
0.402697
0.324286
0.468287
0.871127
0.365138
0.863337
1.977425
0.681812
0.414175
0.521740
1.214800
2.506219
0.647924
1.236050
0.577819
0.711954
1.330809
0.845843
0.007670
0.227659
0.555355
1.528627
3.632833
0.703843
0.633866
0.604016
0.386120
1.278172
0.672779
0.487898
1.448294
0.503847
0.978177
0.653487
0.721046
0.122664
1.932333
0.740795
0.057436
1.749103
0.195009
1.194523
0.038300
0.934500
1.196949
1.383515
1.047074
2.131620
0.012711
1.511597
3.758653
0.998142
0.257096
0.657490
0.991863
1.656994
0.604221
1.731756
1.879361
3.132322
0.309187
0.464953
1.338798
2.159184
0.437489
0.858709
0.729635
0.572591
1.686858
0.276041
0.226853
2.349139
0.317907
1.477123
1.674123
0.265326
0.289011
0.704400
0.842330
1.187566
1.118976
0.954277
0.014075
1.197972
0.986730
0.322337
0.075398
2.600453
0.120609
0.920048
1.618895
1.179696
2.515176
1.187389
0.747558
1.853433
0.893449
0.961828
0.955109
0.439147
0.456299
1.338952
3.067884
1.517935
2.302964
2.039008
2.024252
0.389415
3.415905
0.197216
3.234801
2.501834
1.147522
0.296745
0.022605
0.775326
0.062847
0.981143
0.842321
1.237648
0.231385
0.276233
2.786934
0.395916
0.324034
0.649586
0.065010
2.134195
0.162997
1.866138
0.241959
0.468961
2.873842
0.434999
0.245440
0.257292
1.208407
0.201756
0.121220
0.189370
2.011916
3.696285
0.312350
0.397823
0.724968
0.671656
0.210846
0.542250
0.132505
1.356440
1.526823
0.412380
0.004034
1.000901
0.390271
0.376590
2.126276
3.292256
0.461566
0.110008
0.063122
0.772359
0.768367
0.586271
0.145895
1.081890
0.832616
0.525208
0.336535
0.228895
0.154162
0.013330
1.161446
0.007059
3.161022
0.078302
0.654387
0.170072
0.283299
0.811133
1.145779
0.234319
0.111821
0.639578
0.947903
0.014168
0.439688
0.615382
0.572052
0.040002
1.882601
2.749254
1.716911
0.311320
0.176576
0.320111
5.878533
0.007337
0.281036
2.758561
2.912991
0.783447
1.548815
1.526096
0.751786
0.157297
0.081863
0.352910
1.365284
0.159393
0.475850
0.049517
1.794318
0.414509
0.735776
0.954908
0.434101
1.924650
2.013714
1.145667
5.544851
0.664173
0.957495
0.792613
0.350163
0.918086
0.222867
1.492404
0.465559
0.266097
0.176644
2.236639
0.218127
0.818327
0.550241
2.567260
0.058549
3.615121
0.108744
3.672700
2.607334
0.941595
1.923739
1.389021
0.401320
0.945720
0.255293
0.101996
3.036467
0.738961
1.903745
0.688163
0.151555
0.606537
0.951139
0.548714
0.186524
1.281946
2.360717
0.973992
1.705475
1.002620
0.298919
0.216321
1.549313
2.718144
0.415528
0.975909
2.169994
1.640139
0.147914
2.562612
1.757031
0.890791
0.804116
0.277354
0.394368
0.643249
0.204922
0.267553
0.131247
0.078488
0.826998
0.448122
1.613660
0.943707
0.595043
1.063231
0.494858
0.135243
0.347587
0.814668
1.195317
0.415641
2.060370
0.089931
1.320303
0.620348
0.383933
0.308071
2.035834
2.315535
0.135917
1.097688
0.821285
0.712887
1.411985
0.775355
0.340154
0.591236
1.663854
3.905248
0.403274
0.514835
1.150924
1.379423
1.900956
1.821656
1.649164
0.010705
1.348941
0.869949
0.370242
0.773454
2.082850
0.960470
0.341749
0.026783
0.463898
0.090125
4.790482
0.419861
0.352832
1.133721
1.788067
0.256171
0.348771
0.218325
1.951746
2.190117
0.011387
0.457163
5.392104
3.945346
1.346089
1.020344
2.398452
0.528165
0.364703
0.018720
0.653865
0.794757
1.990337
0.722115
0.062884
0.445634
1.238286
1.456073
0.798852
0.582168
2.398507
1.276774
1.539298
0.816718
1.401144
0.733632
0.664427
2.376228
0.250823
0.194408
0.805577
1.731562
2.246020
0.115474
1.961258
0.053732
0.259123
0.120933
0.519402
0.189240
0.530005
4.260620
2.061056
2.057082
0.116585
0.990234
0.554489
0.483461
2.396876
1.176587
1.729671
0.366881
0.845917
0.012198
0.674611
0.332601
0.081010
0.285312
0.988079
0.486113
0.207497
0.081006
0.751211
1.542903
0.518104
0.496592
0.004236
1.909251
2.478178
0.461569
0.770728
3.775819
0.789806
0.027649
0.486664
0.496050
1.470493
0.077494
0.077002
0.870731
0.200370
0.119803
5.563184
0.337549
0.402367
0.982842
1.375280
2.066053
0.839951
1.552453
1.280481
0.019727
0.567838
0.271294
0.689436
0.969267
0.885896
0.478223
1.285398
0.818891
0.349518
1.424569
0.014217
1.075417
0.616214
0.797844
1.001358
5.931756
0.853913
0.553347
0.314043
9.326379
0.933681
1.061842
0.742018
0.092022
0.680298
1.775666
0.496563
2.190239
0.642723
0.181700
0.054387
0.072979
1.184184
0.161198
0.263611
0.150176
0.449511
0.225869
1.258100
0.838814
1.338263
0.015526
1.983232
3.702108
0.723965
0.627385
1.713659
0.248863
0.183849
2.921458
0.747739
1.742344
0.373762
2.177556
0.119153
0.830029
0.071567
0.644126
1.325406
0.004575
0.844677
0.082722
0.111539
7.874770
1.497556
0.434129
0.227642
1.788418
0.025563
0.799657
2.423359
0.219320
0.403368
2.099577
1.907781
0.118824
0.396834
0.940481
2.270598
1.025540
0.761176
0.960279
0.406724
0.300227
0.649033
2.652225
0.582168
0.136900
0.310408
0.325922
3.953517
0.348359
0.265159
0.123285
0.936125
0.639077
0.496793
0.822774
0.172337
1.320766
0.119197
3.435909
0.009370
0.637303
3.288178
3.324134
1.618670
0.345481
1.818736
0.647336
0.121539
0.143921
0.018023
0.035643
0.646956
0.598089
1.808099
0.544579
2.965281
0.003619
0.609490
0.438044
4.153763
0.273187
0.019476
0.420269
1.243765
0.916107
0.899002
0.403628
0.328683
0.184798
1.584816
0.618838
0.418301
1.632084
0.300382
0.285919
0.432629
2.249979
0.228608
1.616427
1.761126
0.070907
0.958406
1.568036
1.474687
1.010889
1.942530
0.230785
0.783186
0.012961
0.442611
0.130835
1.211018
0.092836
0.354738
0.311532
1.277661
0.354648
2.253681
4.780109
5.151736
0.521881
0.535177
1.806252
0.219405
0.744354
0.834465
0.082783
0.427853
0.778830
1.229224
1.086690
0.153360
0.580264
4.913134
0.241078
0.478636
0.284890
0.287761
0.448318
1.055091
0.155697
4.317848
0.142041
0.169090
0.864424
1.802065
0.861530
0.621128
0.688068
2.312782
0.242134
0.406319
0.536735
0.746052
0.437481
2.140142
0.703589
0.485962
0.929502
0.894227
0.016328
1.811296
0.068597
0.574819
0.339916
0.184711
0.434081
0.003327
0.560130
0.555146
0.682284
0.443446
0.828884
0.425784
1.396456
0.574319
0.344919
0.389252
2.594110
0.100333
0.613973
1.908014
0.200844
0.279393
2.054080
0.202659
0.210469
0.081646
0.189495
0.863873
0.679388
0.479049
1.270083
0.282055
0.371342
0.827231
0.245185
0.878998
0.998157
0.841977
1.749990
0.817458
0.871692
0.347172
3.185680
0.091860
1.100693
0.175754
2.647773
0.658954
0.261866
0.879153
0.375457
0.034030
0.115300
0.637568
0.951333
0.729599
0.622354
1.076379
0.800855
2.230182
0.154057
0.801643
0.794788
1.145753
2.993282
0.374596
0.685744
0.862222
5.891639
0.524571
0.116978
0.125022
0.301045
0.793051
0.352767
0.240645
0.740175
0.005690
3.632970
0.824103
1.471807
1.604199
1.552380
0.047706
1.005711
0.231778
1.038233
1.363986
1.741989
1.460174
1.267204
0.438586
1.474673
0.712290
2.351186
0.143544
3.033672
0.351787
2.849670
0.883960
0.310229
0.043311
0.772655
0.520969
0.676369
0.118721
1.142430
0.597863
0.977122
1.399479
1.098957
0.540030
0.604752
1.398951
1.957492
0.065777
0.342190
0.147177
0.737584
0.362163
0.289016
1.360889
0.760731
0.070899
0.064984
0.018578
0.443172
2.527680
0.154128
0.477059
1.736206
0.076848
1.870699
1.547962
0.010990
0.326788
0.704699
0.255760
0.989301
0.531468
0.047328
0.740411
0.429519
1.458607
0.353367
0.782517
0.643003
0.780275
2.925038
0.686567
1.388689
0.871416
2.408839
0.327259
0.638735
0.189718
0.349969
0.059072
0.167425
0.331467
0.481546
0.465070
1.772862
1.891695
1.583046
2.332711
0.583794
2.301870
0.563790
0.774011
0.463069
0.688550
1.769743
1.413224
1.130630
1.549463
0.157809
0.077539
1.883335
0.660863
0.889506
0.418667
0.987659
0.891211
1.873486
0.216303
0.919175
1.884612
0.294913
0.647612
0.048963
0.475514
1.089210
0.959500
0.510176
0.551308
0.998567
1.318550
0.122404
0.504750
0.976004
0.674200
0.232368
0.359051
0.164542
0.168162
3.646382
0.691364
1.623526
0.363094
0.190877
1.121320
1.521810
0.119866
0.971183
2.470798
0.390827
0.419188
2.460544
0.376151
0.025581
0.398051
3.629498
2.193690
4.750516
0.760606
0.105227
0.081538
1.683237
4.586849
1.068486
0.338249
1.032385
0.199801
0.051623
1.293975
2.250953
0.152699
0.974983
1.155500
1.500886
0.397902
0.066072
0.829317
2.019543
0.263954
0.422654
2.231469
0.044261
0.333298
0.588825
0.076087
0.128666
2.765667
0.059194
0.154018
0.668974
0.225751
1.299684
0.232738
0.455724
0.032651
1.009488
1.054513
0.497362
0.815266
0.374038
4.260392
0.061892
1.591068
0.282341
0.326112
0.801678
0.263216
0.163812
0.346443
1.877200
0.412531
0.054457
0.281556
0.306943
0.794138
0.095185
0.234719
1.201798
0.912530
0.178894
0.946739
0.494894
0.682458
1.317953
2.009228
1.981087
0.898384
0.950176
0.770440
0.628528
1.218227
0.885001
0.364098
1.561911
0.451832
0.054723
3.247933
0.142470
1.113421
1.131919
1.397963
1.143828
0.539353
0.431563
0.067222
0.880311
0.505838
0.496575
0.034107
1.165190
1.091384
0.303040
2.610872
0.309585
0.021008
2.590778
2.048239
0.604078
1.522264
1.340318
1.431723
2.854732
0.178755
0.567618
0.196539
0.408631
0.954764
0.092434
0.912376
0.699649
4.116290
0.815850
0.206763
0.873028
0.547968
0.342302
0.159446
1.292724
3.939550
0.411472
3.572808
0.146925
1.832381
0.008166
0.205063
0.464206
0.047848
0.138585
0.821172
1.257068
1.949515
0.285904
0.466167
0.075179
0.243345
1.480378
0.205688
0.021170
4.860021
2.553743
1.567546
0.210392
0.462062
0.530864
0.769037
0.449450
0.079791
0.652216
0.738765
0.156541
0.538046
0.460778
0.109969
0.427921
2.880791
0.812005
0.949600
0.715631
0.637768
0.058760
7.685601
0.124341
0.563344
0.268450
2.643696
0.441341
0.094203
0.041962
0.924576
2.950838
0.350818
0.028802
4.197918
0.885313
1.103044
0.142793
1.448057
0.796321
0.010235
0.080293
1.636404
3.577578
0.834102
0.183140
0.476302
0.258497
1.345196
1.485465
2.737939
3.143555
0.129477
1.065880
1.720122
1.288088
0.080399
0.908956
1.399020
0.257067
0.926796
1.748182
0.103905
0.039374
2.575563
0.246126
0.314882
0.768269
0.982066
7.224147
0.498785
0.822199
3.407516
0.278808
0.019292
0.294658
1.355677
0.216284
1.109393
0.996734
0.016314
2.110502
2.232645
0.570915
1.081194
0.732673
0.845159
0.013598
1.074582
0.483359
0.661775
0.039416
0.403258
0.129458
3.575730
3.471008
0.640208
0.269947
0.465146
0.513241
0.837186
0.155006
0.407127
0.679340
0.939201
0.852069
0.250710
1.170835
0.220464
0.219451
0.900550
1.512543
0.929438
0.171828
0.452869
0.367843
0.528852
0.561168
0.079813
0.854445
0.579660
0.530679
0.915113
0.516342
1.793126
1.094298
0.596073
0.299449
0.697137
0.135822
3.142156
1.056789
3.613444
0.432012
0.106994
0.334161
0.110642
0.142635
0.493031
0.731311
1.868976
0.632479
0.147522
2.104668
1.057477
0.216541
0.572243
0.897823
0.003524
0.725605
1.377480
1.278074
4.246291
0.288959
1.394427
0.673163
1.375290
0.106491
0.534925
0.340455
0.297373
1.313661
0.710251
0.951772
3.224458
2.952647
0.929255
0.041390
1.093418
1.831532
1.753192
1.112791
1.335459
2.215341
0.264685
0.807468
0.035200
1.051886
0.475114
0.206412
0.160765
0.637706
5.036821
0.651493
0.640057
0.447085
1.871644
0.697723
0.756515
0.377110
0.615816
0.626011
0.667847
0.235626
0.397576
3.558152
0.075983
0.615554
0.117945
2.408442
0.163725
0.378853
1.323310
0.039172
0.835168
0.252437
1.397160
1.076592
0.090441
0.304957
2.394361
1.563494
0.180541
0.993970
0.858839
0.471548
0.158426
1.022814
0.506363
1.212170
0.567426
1.117621
1.964521
0.289368
0.150335
0.080360
1.832453
0.443091
1.017887
2.511040
0.083036
0.719783
0.322632
1.727401
0.134395
0.245875
0.981460
1.124903
0.987084
0.422966
0.244605
1.884735
0.271358
0.001947
0.484276
0.902315
0.365793
0.046593
2.474344
0.667835
0.129951
0.292778
2.554626
0.083696
0.827143
0.104112
0.593384
1.050133
0.687250
0.098532
1.099967
0.877706
0.560172
0.071390
0.471174
0.933707
0.440584
0.075814
0.099213
2.349475
0.135542
0.356511
0.737362
0.710113
0.249668
2.095152
0.757586
0.322276
1.184098
0.708399
0.143564
0.133838
0.312482
0.000811
0.099463
0.020316
0.758661
0.466423
4.042860
1.703188
1.030417
0.321598
0.218738
0.576362
0.540565
0.002055
0.072110
0.565292
0.535029
1.311561
0.237094
0.222083
0.971483
1.002235
1.796420
0.548064
2.245230
0.261542
2.570260
0.183806
0.307957
0.418387
2.052163
1.063072
0.545632
0.457680
2.893278
2.099631
0.786300
0.419651
3.672138
2.082695
1.904261
0.180011
0.018969
0.312750
1.304825
0.581665
1.282808
0.136580
0.928731
3.329041
0.100908
2.053867
1.612289
0.341777
0.575634
2.745698
0.235920
0.790689
0.248053
1.336582
1.148492
0.329150
0.354675
1.277836
0.878350
0.513745
0.398601
2.759243
0.356930
1.019813
0.803783
0.559706
0.227881
0.109854
0.325304
4.160787
0.743856
2.139997
0.908217
0.429214
1.004306
1.051390
0.466230
0.859161
0.253541
1.702024
0.088983
0.117651
3.211923
1.105702
0.139932
1.321226
0.062040
0.799298
0.114268
0.738402
1.035452
1.297097
1.804602
0.613619
0.913086
0.387275
2.421532
0.030514
3.071992
0.227261
2.170169
1.637708
1.596894
1.512875
1.542161
0.902611
0.155939
1.161828
0.313831
1.836328
0.651390
1.439395
0.279658
4.350428
2.375270
3.082188
2.476336
0.278458
0.329725
6.992092
3.138790
0.268207
1.175192
0.144886
0.949168
1.738650
0.636555
0.309674
0.792227
0.339953
1.600689
0.385118
0.249784
0.049674
0.142053
2.204671
0.145337
0.525330
0.776181
0.148208
0.001590
0.426268
0.598018
1.579540
0.107674
0.667758
0.496091
0.073803
0.240140
0.350953
1.945214
1.960361
0.553227
2.846563
0.280534
0.339921
1.694344
0.098166
0.113782
0.979165
0.440202
0.063476
0.916246
0.082399
0.219405
0.208810
2.029620
0.007433
0.264791
0.769488
2.025436
0.897077
1.067907
1.220082
0.058813
0.753951
2.083485
1.126130
2.397486
0.844084
1.831296
2.162491
0.047905
0.031819
0.519729
0.152845
0.277965
1.376840
0.745231
0.280231
1.312148
0.866389
0.977918
0.537188
1.978720
0.131499
1.729356
0.449086
0.025145
0.063690
0.673972
0.275181
0.195564
2.201690
0.822621
0.449994
0.415339
1.182421
0.177430
0.244491
0.982233
0.467696
0.853512
2.012218
1.483263
0.001322
3.174418
0.519171
0.998308
4.882964
0.314088
2.231105
0.355769
1.338854
1.594569
0.281288
1.413634
0.889429
1.182837
0.787260
1.415965
0.491622
0.902140
0.364293
1.108762
0.365266
0.031245
1.737401
0.145946
0.173696
1.144302
0.641164
0.168023
1.212505
0.450500
1.419129
0.726805
0.115648
0.397392
1.222754
0.621263
1.403296
0.965322
0.805220
2.157309
0.975867
1.236138
2.135680
0.255918
1.375969
1.578029
3.582625
0.351261
0.185482
0.070106
2.217416
3.878832
3.999170
0.572005
0.333357
0.054554
1.951648
2.344773
0.974122
2.133149
0.546340
1.472006
0.753514
0.236820
0.953827
0.161842
2.498035
2.379551
0.122017
0.962146
0.951138
0.059166
1.458778
0.323417
1.160675
0.279613
0.229800
1.665484
2.427417
1.885674
0.155681
0.492098
1.599650
0.946501
0.236322
0.526496
0.479508
0.586924
1.141433
1.786005
0.589637
2.119821
0.179028
0.305192
0.170760
1.515420
0.955327
0.503905
0.826966
4.993939
0.066154
1.041470
1.112478
0.617029
1.830938
0.816913
0.730813
0.067098
0.704404
0.731529
1.103762
1.281843
2.516382
0.242512
0.022247
0.380952
0.287860
1.238799
0.867640
0.489076
0.365225
1.829035
0.774057
0.751600
0.730368
0.948868
0.886939
1.529261
0.283955
0.792630
0.265589
0.427169
0.462683
0.713573
0.378498
2.702329
1.087658
0.466777
1.229060
3.370767
0.587985
1.127249
0.868664
0.139243
0.127353
1.559805
0.522965
0.324657
0.326060
6.186958
4.755528
0.777196
0.396064
0.244785
0.341645
1.082326
0.832847
0.459095
0.617825
1.659755
1.204942
1.787639
1.458419
0.146449
0.206251
1.783023
1.248658
0.591713
0.259285
0.403795
0.400523
1.559596
0.949052
1.393268
0.495717
2.928225
0.025615
2.954522
0.583992
0.641213
0.923723
0.330889
0.462744
0.519704
0.070050
1.109983
0.428628
3.004523
0.095672
0.324603
1.512513
1.027401
0.061649
0.567640
0.655576
1.398395
2.250101
0.386764
3.395624
0.056011
0.143525
2.944364
1.257653
0.173778
0.371074
0.566957
1.654119
0.222360
0.410823
1.803488
0.359273
0.554654
0.237177
0.077043
1.129668
1.192953
2.399699
0.758366
0.400214
0.314028
1.216490
0.427517
0.018754
1.170108
2.028135
2.094569
0.570287
0.006362
1.812398
0.418746
0.653380
0.041502
0.047028
1.072577
0.091044
0.678473
0.011257
0.689606
0.050692
1.211527
1.386166
0.436884
1.847930
0.315923
0.033288
1.783857
0.308728
0.144729
0.662863
0.264690
0.781341
1.767517
0.000303
0.237154
1.305973
1.922318
0.519083
0.420119
1.766114
3.104996
0.775513
2.231423
0.307535
0.718198
0.240992
1.144614
0.352629
1.639483
0.596000
0.243045
2.085959
0.438208
0.583885
0.253691
0.742407
0.221334
0.131017
1.984998
0.375954
