0.888854
1.473115
1.585399
1.400892
0.720824
0.690935
0.479421
0.464752
1.069583
0.887001
0.715396
0.999253
0.265489
0.957821
1.590178
0.628760
0.818911
0.639132
1.085808
0.246252
0.766091
2.201526
0.212254
0.052602
0.365816
0.919755
0.768387
1.415741
0.055320
0.575291
0.744530
0.711341
1.748445
0.811699
0.709165
1.560153
1.537703
1.302943
0.621908
0.062424
0.844863
0.766278
1.169684
0.365922
0.379086
0.469236
0.700355
1.154179
1.147920
0.170335
0.867212
0.319997
0.864072
0.450258
1.584953
0.604361
0.287918
0.322994
0.237693
0.057673
0.709937
0.291368
0.743030
1.210015
0.909484
0.346225
0.627129
0.481202
0.093185
2.134963
0.391323
3.648740
0.366306
0.100660
0.822893
0.598186
1.716610
1.291319
0.358076
0.595548
2.229701
0.247729
0.508419
0.906670
1.074185
1.436123
2.643899
0.160733
0.606426
0.162460
0.577241
0.722444
0.479877
1.685997
2.538723
0.147794
0.283345
0.275672
2.466368
0.772393
0.240482
1.748356
0.773767
0.816425
1.795350
0.386681
0.041184
0.169936
0.094659
0.641283
0.098445
1.897987
1.656045
0.440208
0.511177
0.081612
0.366011
2.263201
0.950186
0.095709
0.168600
0.410485
1.187136
0.739431
0.721485
1.295676
0.927365
1.803473
0.470725
1.492801
1.142125
0.390670
3.135022
1.189086
1.642460
1.056629
0.277383
3.214074
0.569506
0.195360
0.992151
0.638326
0.116816
0.297405
1.894914
0.784156
0.569354
0.246149
0.249772
1.863943
0.260431
0.691840
0.940409
0.375290
0.986947
1.634901
1.116033
0.632925
0.245732
0.980541
0.017407
0.190543
2.551538
0.216198
0.986078
1.925171
1.311717
0.521179
2.062444
0.641792
1.148927
0.394645
0.459943
0.393073
1.211236
1.139271
0.750578
0.522640
1.586224
0.487343
0.243896
0.037831
0.021095
0.704195
0.592893
0.972131
1.383616
0.947764
1.278954
0.148591
1.061776
1.050095
1.479558
0.051039
1.027943
0.014198
0.929024
0.049452
2.424752
1.567355
2.864932
0.104967
1.179615
0.615066
0.276180
1.896374
0.364930
3.652362
0.730621
1.540973
0.484998
0.170737
0.420672
0.215277
0.636368
1.356000
0.405096
1.253987
0.339663
0.476191
1.234959
1.193043
0.984646
1.377786
1.139110
0.955879
1.505421
0.364225
0.744761
1.651277
0.507531
0.272477
0.278715
0.346804
1.540081
0.262690
0.872399
1.689294
0.176594
0.416764
0.889236
2.431246
0.009811
0.349522
0.466872
0.595215
0.717262
1.567351
1.303201
0.233126
0.625934
0.763099
2.683363
0.233761
1.718544
0.081107
0.247769
0.564594
1.874131
0.371034
0.564359
0.393503
1.105797
1.017115
1.216043
0.212454
1.181824
0.870203
0.254186
0.934161
0.939531
0.759919
0.146639
1.812313
3.084315
0.393991
0.673707
1.911715
0.272293
0.018414
0.946811
1.080142
0.843833
1.832163
0.788900
1.131365
0.706229
0.770019
1.662107
0.934570
0.595026
0.529656
0.964227
0.345227
0.717559
0.423847
2.829114
2.394098
0.471227
1.373579
0.036843
2.813437
0.605470
0.976077
0.843110
0.296583
0.347026
1.149431
1.059366
2.543656
0.509795
0.548230
0.965768
1.380685
1.072763
1.311619
2.235554
0.146864
0.647517
0.714691
0.768819
0.918390
0.804691
2.376030
0.000247
2.818852
0.931061
1.105445
2.223421
2.648261
0.925111
0.860297
0.976020
0.680343
0.769396
0.850770
0.806452
0.709484
0.000049
1.277380
0.817827
0.051703
0.500650
1.201166
0.330431
1.314698
1.149727
1.262855
0.281764
0.085834
0.847074
2.421067
0.378936
1.104754
0.281483
0.223578
1.459063
1.023405
0.460954
1.623032
0.361919
1.176665
1.690916
3.585107
1.557106
3.949168
0.677614
2.280495
1.052364
2.307465
0.211964
1.461292
0.438119
1.298032
0.128481
0.598039
0.554305
1.141152
1.381784
3.093326
0.109567
2.416808
0.840701
0.843681
1.721860
1.668570
0.797675
1.855998
0.734304
1.736198
0.069763
1.988384
0.247465
0.769875
0.007905
0.087710
0.126056
1.963151
0.480109
1.907222
0.141758
0.612008
2.651027
0.486027
0.032419
2.278331
1.286046
0.749604
0.317810
1.056139
0.410878
0.134959
1.171904
3.179550
2.621593
0.515984
0.118962
0.576371
0.958738
1.893540
0.655090
0.151954
0.005145
0.830171
0.656515
0.037870
3.700986
0.169470
1.449152
0.613432
0.943483
0.063380
0.872878
0.519611
0.836034
0.830992
0.448145
0.053753
1.258452
1.459071
0.544681
0.099734
1.324455
0.276537
0.583366
2.770007
0.493702
0.909159
0.648855
1.546216
1.560074
2.302412
0.484611
0.771702
0.375498
1.071642
1.507966
0.629984
0.476987
4.586206
0.691651
2.341986
0.656328
0.570676
0.650380
0.079006
0.522655
0.542680
1.132720
1.939827
0.385635
1.266084
0.651540
0.230690
1.710649
0.492723
1.234897
1.104097
1.079885
0.226190
0.411792
0.947680
0.368793
0.751197
1.887866
1.653315
1.672783
0.683712
0.937146
0.050752
0.190797
1.292627
0.770508
1.092867
1.468986
2.895311
0.381614
0.143310
0.410389
0.447568
0.997648
0.092827
1.938255
0.242872
0.133413
0.799241
0.587466
0.538495
1.457891
0.675276
2.662186
0.416362
0.333242
0.519085
0.208798
0.550378
0.912768
0.460689
1.256922
0.281657
0.498116
0.916801
0.549329
1.384201
0.261110
1.001802
0.828533
1.215105
2.732512
0.539222
0.325785
1.311645
0.724940
0.133184
0.094914
2.620098
0.402902
0.972604
1.016101
1.904086
2.338211
1.212781
0.517705
0.165354
0.395127
2.488461
0.787523
2.163753
1.399913
0.280015
0.303609
0.966113
0.458407
2.016703
0.426157
0.038422
0.464923
0.693059
0.964126
1.391857
0.456125
0.109197
1.975717
0.613795
0.155291
1.666041
1.374439
1.768245
2.380316
0.534267
1.238836
0.538961
1.698892
0.254758
0.110257
1.082538
2.580984
1.309907
0.127740
0.667722
0.267281
0.561070
0.499812
0.561006
1.102048
0.465418
1.147025
0.250082
2.637565
1.088602
0.323318
0.291691
0.158430
0.471257
0.107328
0.376746
1.582751
1.853488
0.387838
1.245595
1.393627
2.627452
1.698248
1.890790
0.455769
0.808125
0.521189
0.566773
0.974907
0.781274
2.006210
0.925655
0.605634
1.007498
0.515885
0.828753
0.911290
0.262378
1.241202
0.338417
0.233892
0.027605
0.467710
0.797065
0.824090
0.184145
0.678212
0.624445
0.170547
0.537256
0.621287
0.468632
1.194645
0.834693
1.198902
0.051390
0.495365
0.711037
1.132086
1.728841
0.049174
2.881445
0.077327
1.347034
1.832571
2.107155
0.241945
0.551806
1.896264
0.450750
1.397533
1.208382
0.327303
1.705746
0.097784
0.546724
0.194604
0.618811
1.699760
0.180377
0.427422
0.346872
0.883919
1.032004
0.809613
0.934281
0.307839
0.361016
0.367471
0.492309
1.488279
0.393906
0.274615
1.137496
0.168025
1.187497
0.199250
0.504113
0.455079
0.423959
0.913154
1.309922
1.806193
0.227358
0.894195
2.352751
0.685899
1.341997
1.404580
0.889074
0.009359
0.863114
0.121862
0.347629
0.154531
1.264074
1.482230
0.598947
1.346100
0.531603
2.482232
0.644700
0.403747
0.431281
0.181901
0.754987
1.441601
1.349101
0.529818
0.731356
2.351854
0.290742
1.334464
2.136614
1.853016
1.676644
1.345376
0.644439
1.323595
0.573058
0.114550
0.277585
0.362732
0.252319
0.098308
0.134786
0.920195
1.596245
0.269980
0.162117
0.542923
0.184780
0.639655
0.494071
0.412197
1.761279
1.141465
0.906384
0.475011
0.650582
0.996195
0.815611
1.509713
0.241803
2.393761
0.210970
0.873350
0.234461
1.416783
2.357075
0.465387
0.842220
1.842759
0.169265
1.738282
0.874487
0.685076
0.635263
0.427211
0.588437
0.666787
1.594692
1.277824
1.705873
1.328600
0.285035
0.991901
0.830093
0.170899
0.405424
0.974480
0.123455
0.903885
0.556132
1.228257
0.822236
0.288597
0.242244
0.625645
0.403364
0.314422
0.494455
0.332618
3.141010
0.352733
0.218521
0.725320
0.154288
0.417158
0.024659
1.257121
0.979200
2.219677
1.481801
0.572400
0.103844
1.184799
0.495118
0.237501
0.385165
0.467373
1.362855
0.161510
1.132082
1.128913
2.869254
0.527857
0.585046
0.526554
0.186161
0.197416
1.190776
1.890388
0.758370
0.422859
0.399813
0.326041
0.718509
0.496277
0.348908
0.572205
0.646004
0.886724
0.307225
1.258213
0.837900
2.180980
1.373213
0.851477
0.730058
0.735731
0.158372
0.037989
0.172823
0.307482
1.691652
0.530009
0.263326
0.315724
0.870534
0.950030
0.839934
0.199282
0.224420
1.513598
2.153019
1.378969
1.750289
0.223245
0.008654
0.222562
0.400586
0.140736
0.540272
0.385885
2.056426
0.425056
0.515937
0.618187
0.252238
0.447616
0.124347
0.824794
1.227334
0.791102
1.196721
2.159691
0.699737
0.040061
0.038821
1.212901
1.300090
1.316924
0.663177
0.269414
0.823121
1.697197
0.312522
0.140541
0.806608
0.169866
0.446280
3.245215
0.673222
1.813365
1.392024
1.336712
0.456424
0.310079
1.072319
2.080291
0.821306
2.115666
0.312397
2.994308
0.962038
1.509292
1.967905
1.553811
0.601811
0.813599
0.555557
0.222821
0.725839
2.252724
0.160117
0.873655
0.742680
0.589815
1.084346
0.525505
0.967486
0.105556
2.150575
1.914953
0.924287
1.289902
0.973813
0.215722
1.099256
2.066058
0.442124
0.884745
0.858529
1.403960
0.567819
0.736756
1.823602
1.146526
0.731838
0.268891
0.384511
0.023366
0.331243
0.756828
0.734290
0.102601
0.792719
0.476375
0.508264
0.012704
1.271300
0.128211
0.767092
1.537623
0.193301
0.071375
0.789212
1.144721
0.631805
2.475295
0.424262
0.865245
0.184412
0.432867
0.317046
0.086180
1.162793
0.785266
1.076552
1.451387
1.074582
0.539426
0.509816
0.174336
0.683939
0.831814
0.767368
0.547002
2.603702
0.224989
0.524708
0.655946
0.230568
0.349837
0.130654
1.568061
0.566070
1.390505
2.193917
1.704050
0.761764
0.567541
0.409912
0.695571
0.763419
2.142277
1.150668
0.349336
0.638137
0.807420
0.180575
1.364445
1.199082
0.843321
1.611448
0.017381
0.865091
1.560448
0.282759
0.458399
0.080622
0.544742
1.589053
0.706980
0.912647
0.581601
0.171795
1.343749
0.311727
0.455985
1.195056
1.228210
1.521105
1.674839
0.236191
1.030113
0.927336
0.417209
2.640399
0.936833
0.308360
1.158054
0.268855
3.093325
1.556601
0.849716
0.137777
0.399947
1.087147
1.267634
0.339788
1.104513
0.535556
1.885426
0.601108
1.008331
0.623972
0.375936
1.289432
0.454929
0.947818
0.430750
0.443818
2.375024
0.620916
0.287650
0.395881
0.650543
0.164171
0.452590
2.772645
0.887119
0.313181
0.327904
1.247901
0.536918
0.455078
0.963981
0.667430
1.717511
0.184928
1.523340
0.387965
1.309557
1.164212
0.396755
0.092329
1.047707
1.498091
1.603758
2.893947
1.029535
0.876235
0.716837
0.977680
1.092060
0.839713
2.646940
1.868170
0.389302
0.234182
0.833313
1.252083
1.092971
0.140177
0.887386
0.370436
0.855315
0.013527
1.714983
0.285848
0.407608
2.935212
0.309969
0.146015
1.878125
1.216429
0.303865
0.686138
1.273829
0.480285
1.854012
0.467996
0.138609
2.223533
0.786116
0.905137
0.841451
3.817975
0.732702
2.024035
0.115429
1.904726
1.764128
1.115775
0.162179
0.132314
0.554742
0.223772
0.142940
0.698089
0.299491
0.536856
0.931111
1.383917
0.700055
0.885301
0.035652
0.328757
0.674241
0.311438
0.225388
0.260998
1.241030
0.084585
1.543965
2.226996
0.692887
1.789723
1.053903
0.159799
0.222197
0.338444
0.901974
1.303396
0.743625
0.008529
2.868944
1.393457
1.683644
0.921100
0.117565
1.001548
1.308540
0.067240
0.736775
1.083113
1.828430
1.322269
0.717494
0.455281
0.810472
0.339301
0.723349
1.942789
2.492527
1.468366
1.830244
0.073678
0.635881
0.470214
1.457482
0.136720
1.162226
0.245097
0.473159
0.993122
1.648091
1.068092
0.883968
1.689101
0.256787
1.631344
0.639435
0.192307
1.908582
0.878793
1.108886
0.195725
1.856771
2.288630
0.196846
2.445356
0.215710
0.313150
0.249438
1.292237
0.516608
1.068537
1.025141
1.011302
0.417262
0.322844
1.452570
1.054174
0.325848
1.365246
1.024934
0.516192
0.385190
0.300795
1.177206
0.872551
0.001768
1.093737
2.258343
0.675929
0.183741
0.981081
0.483060
1.063979
1.193909
0.570153
0.512596
0.250264
1.107836
0.504258
0.173064
0.608674
0.238493
0.260931
0.447925
1.344002
0.563788
1.719044
0.919322
1.173676
0.132705
0.676946
1.775252
0.212197
0.758429
0.326710
0.659272
1.317948
2.260595
0.119631
0.500858
2.588510
0.065470
0.419498
0.986484
0.209461
1.081557
2.608078
1.408487
1.416014
0.298885
0.018767
0.697257
0.434815
0.588693
0.620323
1.458291
0.897675
0.162944
1.198931
1.628047
0.329818
0.091799
0.917866
2.319336
0.478791
0.650075
1.207702
1.074533
1.240803
1.079373
0.719424
1.455461
1.520514
0.317658
1.583796
0.307521
1.823874
0.927567
1.510661
1.828877
0.895957
0.784830
0.744818
0.031621
0.692511
0.730179
0.929788
0.850970
1.178222
2.657305
1.036769
0.563782
0.883429
1.608358
1.270555
0.180735
0.929008
0.715477
0.236491
2.516077
1.251229
0.943005
0.601170
0.237128
2.709866
0.357649
0.318641
0.843215
0.949678
0.536256
0.073275
0.033006
0.567539
0.225431
1.946580
0.293932
0.632644
0.411054
0.148363
1.596650
2.932619
0.320416
0.504595
0.536534
0.178025
0.555486
2.057512
0.601343
0.231180
0.163389
0.531783
0.101259
0.293556
1.466330
0.927569
0.678627
0.469625
0.602254
1.042622
1.662288
0.524353
0.344357
0.187588
1.634150
1.341989
0.211959
1.848666
0.232049
0.128946
0.843131
1.342099
0.553995
0.660947
0.756464
0.269335
0.873945
3.684074
1.157482
0.407928
0.033699
1.510061
0.429386
0.324138
0.557782
0.379536
1.538558
0.648397
0.954663
3.585090
1.161393
0.557759
0.424736
1.496719
0.377488
1.911575
1.338606
0.811000
2.294368
1.662602
0.594381
0.751045
0.898636
2.480255
0.162999
0.801068
0.066200
1.288971
0.278367
3.035325
1.237200
1.658538
1.610945
0.369515
2.111923
2.037645
0.896284
0.666378
0.287600
0.181025
0.229363
1.704772
0.946893
0.455415
0.076544
0.591674
2.170486
0.532872
0.382439
1.198274
0.146661
0.586760
1.729470
1.155518
1.294383
0.672455
2.769966
1.499096
0.552769
2.856872
1.932570
0.666417
2.007916
1.051136
1.403135
0.620012
0.311260
0.842533
0.102679
0.519452
0.031910
0.553978
0.797426
0.256867
0.943340
0.861601
0.240746
0.652857
0.381727
1.390263
0.109150
0.368777
1.345706
0.772440
0.609035
1.690182
1.037095
0.329864
0.827714
0.628222
1.175201
0.377224
0.649129
0.475129
0.558428
0.147923
1.585773
0.654237
1.210950
0.310153
0.043338
1.328088
1.982612
1.230532
2.500600
0.272578
1.018050
1.381432
1.021015
1.761353
0.049838
0.118944
1.042544
0.592487
0.783913
0.267443
1.480472
0.268560
1.798069
0.790791
0.869360
0.670953
0.836045
0.577781
0.674050
1.523210
0.607207
0.339920
0.369577
0.935767
0.809398
1.408311
0.386497
0.138215
1.034227
1.171126
0.209240
0.088082
1.251042
0.148383
1.337946
0.273101
1.871922
0.738066
0.454668
2.083212
0.669926
1.311678
1.503651
1.263083
0.830545
1.317962
0.410538
0.018118
0.660352
1.434686
0.659839
0.765170
0.654854
1.049416
1.748934
1.675187
0.686325
1.899899
0.330410
1.978261
0.988930
3.585481
1.363742
2.098269
0.741445
0.379288
0.666652
0.970856
1.957033
0.566446
0.152241
0.543455
0.352639
0.685424
0.354291
0.539334
0.331788
0.149700
0.501908
0.604487
0.922751
1.716052
1.508554
0.775063
0.318145
0.196329
2.333045
1.363614
1.617580
1.066276
1.024346
0.668943
0.567461
0.675149
0.729387
1.550478
0.718109
0.369796
0.187690
2.394436
0.743601
0.174661
0.810227
1.281498
0.277074
2.502506
0.960295
1.729041
2.059433
0.497443
1.031193
0.166675
0.277352
0.860369
0.262150
1.502450
2.234827
0.208918
1.061718
0.269550
0.447291
0.408366
0.279006
0.037496
0.653013
0.433121
0.438574
0.707700
1.036313
0.780745
1.366114
1.057838
0.032312
0.432625
0.205561
0.341601
1.452255
1.672021
0.854475
1.259218
1.181415
1.064062
0.978465
0.109669
0.527498
1.683141
0.391763
0.457194
0.875172
2.058683
1.663495
0.926664
1.474939
1.459196
0.670304
2.366286
3.351005
0.623085
0.585008
1.158152
0.630239
0.519279
1.576767
0.783328
0.966631
0.214811
0.749523
1.825150
1.067114
0.555648
0.520837
0.562767
0.189839
0.485317
0.636682
1.126523
1.667598
0.079865
0.764343
0.679314
1.106045
0.186525
1.031027
1.373461
0.246798
1.127899
0.880831
2.389941
2.144105
1.636102
0.577881
0.852019
1.201147
0.889418
0.700538
2.702131
0.141691
1.283685
0.127675
1.447006
2.458044
0.112255
1.400373
0.998563
0.280299
1.287869
0.800384
0.232673
0.489995
0.280206
1.268221
1.902665
0.768776
0.781744
0.311990
3.114807
0.567326
1.592786
1.009484
1.661276
0.593336
0.272222
1.641103
0.850407
0.186112
1.135613
0.392129
0.263660
1.979547
0.623392
0.644051
1.024266
0.837704
0.346888
0.212457
2.451788
1.502032
1.616944
0.353603
1.738089
0.441747
1.359602
0.283149
0.758623
1.411902
1.431038
0.363987
0.554149
0.262886
0.237944
0.839468
0.506423
0.308880
0.423599
0.701388
1.080590
0.061769
1.817213
1.025224
0.895337
0.095265
0.209947
0.975279
0.652267
0.520693
1.338003
0.048296
1.642033
0.161545
0.045396
0.321570
0.687834
0.143806
0.257071
0.836347
0.403945
0.782816
1.188804
0.160018
0.675134
0.741993
0.579551
0.739634
0.870220
0.752083
0.738953
0.617654
0.202642
0.685639
0.435621
0.130339
1.271163
0.740884
0.816321
1.551990
0.196961
1.467446
0.739365
1.703859
1.007656
1.618022
0.719481
1.596903
0.490288
0.466601
0.057179
0.419683
0.556857
2.298579
0.636727
2.686319
1.178393
0.266192
4.262717
0.338463
0.223065
0.201563
0.139344
0.132228
0.101619
0.558296
0.619096
2.711272
0.150926
0.442355
0.054800
0.472050
0.804219
1.123757
0.876788
0.884264
1.178684
1.636714
1.925744
3.909807
1.766692
0.261963
0.603879
0.436399
2.252390
0.414232
0.034685
1.654980
1.384095
0.889532
1.614009
0.701386
0.651368
1.813422
0.513726
0.997392
1.512141
1.909144
1.001360
0.943555
1.214866
1.199316
1.283884
2.627184
0.356813
2.644991
0.521786
0.938628
1.124208
0.576540
0.363192
0.979611
1.386784
0.199367
0.843810
0.246366
1.011891
2.039240
0.569758
1.841085
0.780668
1.409816
3.256885
1.693922
0.387105
1.939613
0.589686
0.773978
1.645854
1.055145
1.525071
1.148338
1.160985
2.498325
2.288646
1.418867
0.353414
1.490591
1.170009
1.373004
0.878786
1.991843
0.173191
1.249781
1.403819
0.564612
2.233413
0.187315
1.323907
1.000091
0.433257
0.120676
1.897884
0.743876
0.149457
0.122624
1.003400
0.542089
0.951892
0.031053
0.255308
0.086448
0.648436
1.105662
0.973561
0.838809
0.660361
0.898469
0.932840
1.980321
2.081566
0.664104
1.326716
1.520507
0.094421
0.399688
0.731387
0.221875
1.655338
1.792644
1.760158
0.804388
1.459556
1.656504
4.507560
0.170755
0.678442
1.261885
0.485482
0.250539
0.389625
1.029299
0.320945
0.479119
0.294844
0.238405
0.233776
1.983429
1.297334
0.079251
0.626985
0.068590
0.200306
1.805458
1.917106
2.015782
0.252756
0.910271
0.323050
0.294855
0.551858
0.806142
0.288936
0.702501
1.726898
0.430572
1.536338
1.991058
0.065311
0.967656
0.707787
0.372655
1.355069
0.219329
0.847519
0.448731
1.112796
1.056774
1.650542
0.646759
2.080167
0.928387
1.455639
0.268783
0.107264
0.105656
1.418954
1.120858
2.335005
0.008862
0.203385
1.064133
1.733556
0.050996
0.972190
0.159364
1.578124
0.919348
1.041707
1.672362
0.438762
1.478612
1.756229
0.815541
1.282720
0.028655
1.145305
1.984618
1.905954
0.189865
0.815951
0.024635
0.774709
0.641420
2.820289
0.530717
1.666542
0.992977
1.347347
1.566711
0.285461
1.585440
0.518817
0.717787
0.321759
0.961848
0.132909
0.835443
0.659649
1.202844
0.646874
0.401008
0.634807
1.182672
0.530727
2.075744
0.835247
0.220376
1.533993
0.936222
0.727567
1.646048
3.567148
0.172183
0.118067
0.258301
0.084408
0.505614
0.481313
0.165600
0.998176
0.405809
0.232126
0.207346
1.363094
1.481109
0.745443
0.301967
0.650887
1.265029
0.329538
0.495824
0.763497
0.287459
0.220479
0.418172
0.398254
0.498235
0.518040
0.345320
1.217116
1.291478
0.907741
0.366664
2.297631
0.455084
0.093260
1.385579
0.767281
0.145631
1.433483
1.316047
0.470347
0.495703
0.265837
2.001592
0.945094
1.588757
1.959238
0.324752
0.755684
1.844954
0.669098
0.798870
0.396208
0.576806
1.886710
0.217318
0.425083
0.727305
0.668146
0.338526
0.115415
0.346755
1.365153
0.105552
0.429468
0.306731
0.566729
0.064762
0.058678
0.320926
1.246956
1.306731
1.709257
1.001184
0.070199
0.640798
2.359459
1.244745
1.328839
1.133315
2.855301
0.363376
2.205169
0.167931
0.386370
0.900335
0.630885
0.331889
1.110740
1.192481
0.270560
0.067030
0.881656
0.617096
0.548793
1.015539
0.798305
1.809016
0.589850
0.818402
1.541032
0.690059
0.971222
0.355260
0.388438
1.063749
1.703953
0.736313
0.386492
0.768520
3.466674
0.751466
0.391201
0.342430
1.313198
1.488522
0.386509
0.030849
0.915938
0.763801
1.585525
0.751484
0.914076
0.603659
0.642712
0.526810
2.584120
0.159667
1.905154
0.499521
0.407803
1.229403
2.482767
0.570661
0.476098
2.127501
1.620561
1.113409
0.458190
0.480742
0.801633
0.758637
1.255645
0.303584
0.139565
0.009849
0.292786
0.910584
0.777252
0.770451
0.085349
0.463134
1.096641
0.189341
0.948598
0.368089
0.899357
0.840764
0.989719
0.401198
0.722851
1.234220
0.655107
0.496152
0.577451
0.467987
0.614375
0.892256
1.016129
2.464880
1.054107
0.115566
0.437376
0.989103
0.031245
0.748188
0.528143
0.259849
1.737863
0.592429
1.293237
0.119283
1.387462
1.200112
0.500310
0.160282
0.460002
0.348046
1.262005
2.340949
1.601794
2.022703
0.738614
0.352118
1.608697
0.356277
0.986960
3.126356
0.204155
1.335609
1.032902
0.200059
0.507758
1.010627
0.516503
1.459984
0.209111
0.330540
1.248368
1.075357
2.159064
0.374191
2.299100
0.806160
0.237883
1.809563
1.770363
0.930982
0.628739
0.107963
1.551794
1.665386
0.965093
0.224360
1.652399
0.627692
0.249722
1.351190
1.395971
1.019919
0.380334
1.273814
0.614131
1.284954
0.536260
0.614753
1.198197
1.319766
0.030518
0.311282
1.251141
0.969848
1.620291
2.009691
1.194378
0.154492
0.725947
1.006119
0.322472
0.156643
0.235846
0.784001
0.901667
1.726886
0.681261
1.795471
1.502709
0.994806
1.061676
0.615267
0.961295
0.137453
0.424388
1.944595
0.692229
0.123019
1.469567
0.094405
0.295033
0.762757
2.237054
0.135429
2.104795
0.674778
0.294498
1.687510
0.789144
1.191250
0.446197
0.296717
0.039103
0.565470
1.700910
0.252478
3.371794
2.542710
1.557153
1.282727
0.292393
1.236474
0.513484
4.572128
0.421803
0.895319
2.137376
0.362858
1.036224
1.329468
1.262202
0.697726
0.516761
0.903222
1.457281
0.466232
0.754970
2.061638
0.238684
0.226077
0.390125
1.737156
0.395154
1.038278
0.258954
1.071088
0.919156
1.790505
0.813759
3.183612
0.880022
1.861794
0.614722
0.068900
1.699923
0.787350
0.618738
0.270953
0.294188
0.354915
2.122066
0.698126
0.402914
0.749006
2.387501
0.061834
3.118154
0.821140
0.753707
0.691578
0.693800
1.075634
0.276250
2.340538
0.996737
0.771834
1.367642
0.610946
0.252729
1.091149
0.718924
1.409534
1.010624
2.293958
2.368202
1.064384
4.342880
0.273121
2.299248
0.443196
1.285207
0.254474
0.887404
1.127412
0.156870
1.567134
0.426585
0.366520
0.511742
0.546210
1.069780
0.143390
1.370371
0.140437
1.379764
0.929028
0.660416
0.606842
2.110413
0.553055
0.105028
1.478935
0.078596
0.221593
1.234669
0.247967
2.926322
0.935810
0.148636
0.247873
0.248514
0.969498
1.801418
0.122819
1.243399
0.578843
0.174686
0.818633
0.139638
0.032718
1.470100
0.413966
0.315494
1.487836
0.222706
0.658125
1.993369
1.572534
0.720984
1.151512
0.155955
1.161953
0.771099
0.584653
0.837242
0.793128
2.102390
0.511310
0.134954
1.020590
0.905929
0.583945
1.232112
1.580615
0.542474
0.190924
0.714917
1.059824
2.477253
0.560701
3.563902
0.141595
0.421895
0.922169
0.901754
1.209758
1.152063
0.392541
0.060027
0.789578
1.254095
2.215844
0.450910
1.532542
1.396158
0.224723
0.950715
0.366668
2.313653
0.093399
1.368163
0.615394
0.198622
1.080829
0.570755
0.475528
1.857006
0.314808
0.801650
1.956386
0.846631
1.207392
1.949532
0.913294
0.559904
0.599942
0.712144
1.629620
0.580640
0.131438
1.257200
0.051343
3.503907
2.581970
0.319886
0.466179
1.737413
1.282541
1.672728
1.870871
0.032632
0.295274
1.236942
1.992073
0.706303
0.756799
0.467614
0.973191
0.941264
1.361976
1.053048
0.322505
0.801383
3.896421
0.184145
0.900621
1.789966
0.260024
0.859319
0.164231
1.711079
1.290706
0.822906
2.224155
1.567493
0.816298
0.552646
0.336244
0.423713
1.556441
2.568434
1.115659
0.602219
1.874476
0.075608
0.395898
1.493735
1.295467
0.439950
0.687538
1.021629
0.272234
0.082301
1.133024
0.262108
3.419955
1.167964
2.206299
0.394147
0.015669
0.440654
0.047336
1.341795
1.123505
0.258391
2.029957
0.136918
0.612341
0.364013
1.770104
0.950120
0.965140
0.010276
0.683333
2.387093
0.665566
0.621987
0.467856
1.591270
1.153539
0.501733
1.825823
0.793053
1.161689
0.382678
1.464583
0.703352
0.365227
0.572860
0.040191
1.362640
1.127698
2.271926
1.116214
0.690553
0.247617
0.287305
1.102499
0.303181
1.247498
0.450925
0.260599
0.504399
0.265199
2.163254
1.532290
0.532402
0.641295
0.895535
0.491781
0.514304
1.171355
0.715811
1.180696
0.150744
1.085475
0.700475
0.368440
1.185521
2.214127
1.115012
0.131882
1.314004
1.077161
2.117784
0.626386
1.837517
0.471134
0.260534
0.203649
0.120400
0.113181
0.496860
2.104133
0.202084
0.387520
0.968875
1.530237
0.485075
2.337814
1.454843
0.902882
0.076592
0.744619
0.568038
0.511715
2.034815
1.835186
1.353184
0.898446
0.697126
0.104138
0.588608
0.030030
0.304499
2.526990
1.121411
1.753595
0.554697
0.459599
0.981017
1.280482
0.221299
0.883795
0.207448
1.074298
1.660233
1.884522
0.633867
1.914057
0.458856
0.004760
0.691618
0.470412
0.750146
1.240629
0.350037
0.069863
0.344454
2.089361
0.050208
0.236721
0.486814
0.196214
0.516136
0.864791
2.119933
0.204031
1.554472
1.639169
0.731066
0.185873
1.283798
0.195919
0.079837
1.633638
0.465365
2.232449
0.417660
0.978710
0.036655
0.242975
1.038725
1.500384
1.059525
0.711827
0.866428
0.720055
1.661555
0.655595
1.877250
0.078283
3.239321
0.341348
0.200427
0.730466
1.049657
2.282521
0.662568
0.630224
1.379668
1.296629
0.381990
2.386687
0.776454
0.613882
0.118660
0.614485
0.879620
0.564964
1.121805
0.607608
1.103300
1.443277
0.154509
1.495307
0.527336
1.399049
1.445690
0.755135
1.764874
0.178763
0.668569
0.717409
2.210293
0.409814
0.546271
1.152095
1.115726
0.470617
0.051680
0.665591
0.236846
0.891951
0.996964
0.151441
0.006997
0.408582
1.066574
0.683265
0.917359
2.794430
1.016729
1.802932
1.395217
0.611131
1.847310
2.791044
0.468250
1.893073
0.890381
0.262364
1.019513
0.417936
1.671551
0.616524
0.930735
1.791910
0.508669
0.912816
1.191460
0.911509
0.427029
0.234821
0.798810
0.434680
1.052324
1.115138
0.597036
0.561161
1.520152
0.351949
3.379583
1.502944
0.436052
1.220292
0.919020
0.454288
0.683673
0.570988
1.551929
2.134861
1.359851
0.722050
0.032437
0.318146
3.620749
0.103996
1.200103
3.070777
0.673774
0.370754
0.805448
1.180067
1.323986
0.756444
2.335332
0.472872
0.484975
0.804149
0.664994
1.715444
0.696684
1.497197
0.226753
2.608857
0.604158
1.445829
1.128941
0.087846
0.213802
1.950245
0.653598
0.161955
0.834824
1.001393
0.394986
0.056764
1.956966
0.745300
0.579531
1.063992
0.796181
0.982491
0.500688
1.434065
0.393229
1.388900
1.821910
0.613057
0.443892
2.985365
1.079845
0.897433
1.645949
0.673154
1.348584
0.156367
0.054924
1.419430
0.540320
1.523846
1.154023
1.195997
1.043244
0.401804
0.716511
0.159001
1.804444
0.804443
0.444316
0.772084
0.828710
0.939336
0.802974
0.601932
0.728653
0.770254
0.932799
1.039104
2.127812
0.616320
1.953056
0.442225
0.371217
0.494146
0.392932
1.107019
1.170545
2.172134
1.583512
0.543808
0.538296
1.470419
0.307289
1.028876
1.040525
1.427353
0.620135
1.034918
0.226540
2.690583
0.894292
0.694897
2.258733
1.380219
0.664724
1.788507
0.744320
0.314842
0.690197
1.214410
0.907051
1.508931
2.713482
0.686341
0.858137
0.061004
0.390136
1.558930
0.002602
0.307730
2.222405
0.950685
2.186805
0.709962
0.775088
1.681183
0.416312
1.833003
1.764358
1.863637
0.365630
1.016016
1.754093
0.639366
1.217137
0.532103
0.486090
0.123007
1.421394
0.614837
1.209292
0.166010
0.846216
0.298902
0.074982
1.319969
1.499188
0.278375
1.740537
0.522773
0.469930
1.972838
2.165969
0.563887
1.670260
0.936629
0.121060
0.819156
0.178013
0.291664
0.897302
0.890853
1.100520
0.024268
0.531413
0.670859
0.956256
0.599996
0.921868
0.383224
1.277584
0.749174
0.108657
0.513587
0.845403
0.594343
0.207185
1.143079
1.284349
1.222536
0.506753
0.551771
1.410924
0.355423
0.594613
1.166767
1.910028
2.993402
1.544593
0.511789
0.774427
2.214821
1.883776
0.527484
1.570858
0.013670
1.043454
0.108466
0.324252
0.262234
3.041624
1.208726
0.504950
0.082519
0.672529
0.090912
0.230813
0.341113
1.550732
0.228178
0.172619
0.152940
1.352010
1.597075
0.732399
1.968007
0.246146
0.977901
0.381787
2.422919
0.517682
0.583495
1.416338
0.091643
0.057077
0.147027
1.408273
0.376412
1.670723
0.425686
0.778230
0.620595
0.322399
0.228236
0.542463
1.327562
0.841654
1.136468
0.873486
0.233534
2.698665
0.889061
1.320361
1.110293
1.873474
0.810975
0.846093
0.855972
0.163120
0.922764
0.652366
1.114935
0.751957
0.459505
0.835950
0.151871
1.333723
1.233238
0.534507
0.236577
1.434984
1.098439
0.224471
0.074801
1.009460
0.144868
3.051819
0.521348
1.400861
1.577786
1.541716
0.351051
0.558138
0.091738
0.739913
1.486028
0.798556
0.722819
1.018838
0.145910
4.543042
0.646991
0.597230
1.592278
0.106670
1.525059
2.106632
0.522376
0.288319
0.523258
0.641195
1.071633
0.637047
1.119892
1.154738
1.099273
0.247242
0.143047
1.476198
0.970465
0.285963
1.702221
0.779645
1.573391
0.616262
0.873985
0.041424
2.848262
0.575137
0.164103
2.548955
0.355322
0.281792
2.187994
0.028045
0.428706
0.417887
0.480226
0.530142
0.085399
0.675805
0.800755
0.765258
0.475226
0.943695
0.759915
1.148957
0.748069
0.279169
0.281761
0.286103
0.620119
0.677929
0.434488
2.208350
0.148311
0.175502
0.042122
0.221261
1.685688
0.844166
0.982880
1.281290
0.073105
0.708383
0.275007
1.853826
0.496323
1.364447
0.571046
1.586690
1.582935
0.511447
1.063576
1.264456
1.012875
1.340221
0.232008
1.154120
1.983143
0.239635
0.776086
0.641685
1.933292
1.150553
0.198328
1.504805
0.878156
0.398510
0.357624
1.341630
0.680983
3.641087
1.059263
0.083918
0.543309
1.023930
0.503970
0.229486
0.332559
0.703261
0.778121
0.993153
0.183156
0.956634
0.386208
0.270993
0.694245
0.832945
0.270258
0.111901
0.542675
0.184818
0.091759
0.520786
1.239881
0.273700
0.517718
0.093411
0.694686
1.271912
0.516884
0.781495
2.927542
0.658076
0.573160
0.479964
1.570770
0.463742
0.365933
2.189879
0.514011
1.743074
0.195456
1.176062
0.933511
0.301782
0.046268
0.926192
1.879603
1.062021
0.998245
1.626138
1.498141
1.477857
0.199692
0.811795
0.335080
0.063505
1.161589
0.536836
3.017851
0.917162
1.014749
0.699699
1.845525
0.592442
0.356211
2.027493
0.693857
0.681867
1.373851
0.805853
0.151889
0.419284
2.882430
0.768287
0.311418
0.576974
0.527281
1.535883
1.584944
0.169950
1.565671
2.565658
0.784797
1.086538
1.350125
0.220821
1.010906
0.755998
0.955038
0.914373
0.948040
1.412357
0.139648
3.182756
0.725470
0.694427
0.093205
0.520998
1.076139
0.499439
0.191890
0.529730
1.729510
0.357389
0.058016
0.287078
0.635712
0.765942
0.261412
0.700759
1.023590
0.700771
0.745340
0.481711
0.955812
0.809859
0.277475
0.306665
0.774158
1.371997
0.998786
1.422532
0.542270
0.710248
0.433764
1.315855
0.460824
0.338314
0.425461
0.379940
2.073488
0.660476
0.470038
0.097563
1.223772
0.149952
0.858693
0.772801
0.738938
1.176615
0.722101
0.811457
0.148357
0.914653
0.161391
0.337723
0.624956
0.462315
1.820302
1.087819
0.757038
0.351957
1.664057
0.368370
0.473228
0.504465
1.457856
0.999534
1.482256
0.977059
0.573689
0.363497
1.009045
0.579160
0.862708
1.240541
0.426576
0.888829
0.996237
0.728584
1.051136
0.294723
0.772923
0.435753
1.055081
0.734197
0.452726
0.452002
2.577206
0.334891
0.980857
2.920822
1.126114
0.032202
2.786855
1.457955
1.043683
1.307657
0.788956
0.384028
0.888128
0.552377
0.550501
1.154987
0.352144
0.412555
3.420880
0.552565
2.942350
1.420221
0.570122
1.373087
2.207113
1.048408
0.830499
0.294673
0.430811
0.028762
0.162067
0.142840
0.235731
0.501989
1.721507
0.816304
0.598551
0.092920
0.505730
1.446164
2.242823
0.808904
0.738540
2.025670
0.988543
1.454717
0.784125
0.874610
0.313855
0.399224
1.290249
0.990922
2.346855
0.678818
0.069085
1.249918
1.289024
1.678604
0.476703
1.844399
0.224457
1.301199
1.531801
0.763623
2.483251
0.270206
1.251568
0.216248
0.539504
0.062653
1.061608
0.180817
0.324250
0.446605
0.848211
0.732013
1.330532
0.773566
0.505515
1.017524
0.591961
0.821802
0.530753
0.069767
0.610326
4.013349
1.624925
0.578872
0.886338
0.130270
1.163608
0.573136
1.258085
0.342008
0.005825
2.864160
0.368510
0.114580
0.758615
1.400013
0.723607
0.966378
2.234979
0.791219
0.717798
0.346601
0.632386
0.101703
0.487552
0.855662
0.548331
2.177524
1.014249
2.456272
0.336345
0.442302
1.322973
0.282546
0.106201
3.116525
0.471335
0.330904
0.960373
0.109058
0.433494
0.351162
1.600964
0.898237
0.430099
3.114176
0.391196
0.422819
0.827455
0.928537
1.114210
0.830318
1.360227
0.373243
1.040027
0.097822
1.053538
2.268750
0.289871
0.536257
0.679204
4.727227
1.258352
0.385548
0.972887
0.631913
1.378999
0.680067
1.728848
0.962386
0.612679
1.708186
0.492064
0.315251
0.472617
0.056405
1.245057
1.318496
2.742881
2.609014
0.049575
0.330339
0.824722
0.325012
0.777745
0.367647
0.945630
1.253893
0.118504
0.405204
1.454491
0.882905
1.348302
0.955997
0.522683
0.539306
1.452406
0.915661
0.709651
1.960523
1.048051
2.002512
1.006786
0.021042
0.197524
1.324893
0.790055
2.349410
0.530037
4.461003
0.739818
1.304378
0.418251
1.638976
0.143454
1.010117
0.416735
0.615625
0.058472
2.724836
2.170327
0.682545
2.503325
1.015173
0.349910
0.071083
0.541787
1.820633
0.466245
0.510543
0.779070
0.710919
3.316503
0.301095
1.008538
1.901500
0.055918
1.449409
0.294290
1.434500
0.090607
0.201955
0.704911
0.570860
0.872176
0.792356
0.052139
2.379466
0.297272
0.644329
1.186408
0.896672
0.857884
0.613935
0.792035
1.961719
0.541963
0.135278
0.148812
0.805744
0.709516
0.666651
1.968972
0.165808
2.657016
0.127891
1.681468
0.940826
0.011620
0.062796
0.197197
0.705298
0.065953
2.830913
2.004666
0.962478
0.331280
1.212382
0.629033
1.950900
0.821531
0.448840
0.865821
1.102066
0.142249
0.009898
0.260806
0.060920
0.342971
0.536193
0.378319
1.327534
0.197011
0.117705
1.238980
1.936923
1.100684
0.616451
1.911916
0.299121
1.362850
1.155062
1.468055
0.552327
1.874117
1.660690
0.141535
0.978834
2.128366
0.842502
0.258394
0.269154
0.535308
0.841629
0.940146
1.096088
1.021644
0.403130
0.721729
0.825656
0.680794
0.428786
3.373702
1.392771
2.271952
0.414802
