1.008708
1.016249
1.020641
0.983229
0.979817
0.985363
1.027073
1.005882
1.014157
1.010531
1.020122
1.014678
0.943192
1.001257
1.016666
0.988618
0.998312
0.960239
1.002291
0.950182
0.980414
0.910723
0.987976
0.996740
1.000421
0.980067
0.969924
0.982152
1.008615
0.991406
1.006112
1.017254
1.018740
1.013468
0.962793
1.018804
1.008273
1.020422
0.995472
0.990842
0.989557
1.000963
0.972272
0.962098
1.021498
0.935628
0.963127
0.967435
1.021785
0.942698
1.008538
1.025170
1.000729
0.999761
1.005342
0.998314
0.971305
1.020714
1.007015
0.985054
0.988243
0.999859
1.005558
0.991355
1.015701
1.028089
0.998336
0.975844
1.013538
0.943061
0.992416
0.965439
0.994532
1.012952
0.974794
0.967715
1.004777
1.033389
1.000698
1.013035
0.954185
0.935383
0.938838
0.993325
0.974469
0.981462
0.946906
1.011831
1.011946
1.000135
0.982574
0.998799
0.971731
1.001979
0.984770
0.983872
1.001198
0.990143
0.949751
1.036879
0.999960
0.986010
1.027622
1.005347
0.954613
1.005744
1.009304
0.989577
1.006178
1.008776
0.994491
1.023112
1.020250
1.013197
1.037830
1.014251
0.946201
0.992594
0.978549
0.986687
0.956730
0.973753
0.994144
0.985578
0.984960
0.988215
0.963536
0.960694
0.981255
0.966165
1.019646
0.976548
1.004326
0.993326
1.009201
1.022429
0.983047
0.994224
1.009755
1.021062
1.025123
0.996664
0.996279
0.991600
0.951550
1.004282
0.986237
0.962509
0.975981
0.984584
1.008674
0.997500
0.966032
1.015372
1.023473
0.985234
1.019537
0.974569
0.996445
0.999137
0.988508
1.018413
1.011923
0.988524
1.014699
0.993307
1.009456
0.934142
0.991723
0.979486
1.006608
0.986544
0.958858
0.904830
0.915326
0.959484
0.997898
1.029118
1.012596
0.998148
0.986079
0.964011
0.960586
0.959513
1.003847
1.016720
1.000007
0.983049
0.920550
1.011941
1.035583
0.971637
0.951663
0.985129
0.947364
1.026240
0.948586
0.928968
1.011093
1.007174
1.000013
0.983438
0.999291
0.988674
1.016070
0.999049
0.977620
0.999304
1.014245
1.011701
1.016743
0.981252
1.015518
0.973743
1.031930
0.965562
0.968861
0.962759
0.925214
0.971542
0.933192
1.008754
1.019218
1.020571
0.986090
1.009411
0.998719
1.001742
0.925564
0.958446
0.982725
1.000886
0.940372
1.011364
1.015260
1.007990
0.972052
0.970657
0.912145
1.015466
0.984641
0.948943
0.977805
0.896127
0.996537
1.007272
0.988142
0.992483
0.973172
1.008299
0.966393
0.973283
1.001110
0.985036
0.972896
0.968057
1.009664
1.014102
0.979943
0.993809
1.010944
0.981170
0.957856
0.992916
0.983042
0.989604
1.001579
0.999920
1.011912
0.961281
1.024591
0.989430
1.013292
1.002818
0.990264
0.970983
0.995993
0.986653
0.970276
1.005969
0.994497
0.988555
1.042897
0.936574
1.003688
0.990066
0.979621
0.976979
0.962280
0.963572
1.009704
0.999204
0.976159
1.006568
0.928272
0.999239
1.036946
0.993763
1.008311
1.041104
1.021583
0.964560
0.966476
0.978705
0.988258
0.963480
0.948541
1.004412
1.013669
1.010363
0.948004
1.009580
1.014721
1.021260
0.926602
0.960811
0.992534
0.939914
0.963057
0.972519
1.023330
0.996515
1.008230
1.019256
0.955163
0.987933
1.011432
0.998467
1.019841
0.965686
0.949531
0.997784
0.961477
0.967408
0.990596
0.994606
1.011176
0.974629
1.005240
0.990267
0.974763
1.020464
1.027563
0.975033
1.003768
1.005178
0.999810
0.964963
0.975172
1.000280
1.005908
1.024371
0.972492
1.006285
0.996220
0.987450
0.980779
1.017968
1.015212
1.000111
0.972078
0.976789
0.949509
1.051960
0.989317
0.989971
0.997553
0.934624
0.986319
0.890395
0.989574
0.920714
0.948986
0.959359
0.977524
1.013143
0.977374
0.912964
0.988075
0.959129
0.977085
0.967180
0.945978
1.015259
0.971893
0.957137
1.031203
1.013913
0.980096
0.985148
1.005547
1.007481
0.979976
0.948822
1.018717
0.949495
0.948356
1.030261
1.004093
1.013664
0.987018
1.014268
0.980170
0.953661
0.982974
0.966658
1.004454
1.022261
0.997685
1.008606
1.002615
0.980833
0.955157
1.017727
0.991727
0.965220
0.997605
0.988721
0.976819
0.954732
1.006142
0.964409
0.989094
1.010740
0.926549
1.014574
0.980848
1.015065
1.030531
1.002897
0.997125
1.007773
1.018224
1.013698
0.941289
0.970739
1.024910
0.989928
0.965207
0.974154
1.047672
0.988818
1.010986
0.976388
0.973994
0.978003
0.949511
1.029813
0.994652
1.010597
0.986748
1.014587
1.012197
1.001000
0.960736
1.012675
0.978457
0.978637
0.997606
1.022228
0.980486
1.010937
0.988508
0.991139
1.000927
1.025755
1.020936
1.014364
1.022307
0.992721
0.983231
0.979667
0.994013
0.984811
0.968204
0.975658
0.991759
0.992130
1.006306
0.979880
0.997423
0.995120
1.012379
0.962573
0.972102
0.998998
0.997618
1.021379
0.976562
0.954615
1.019276
1.000687
0.987904
1.007965
1.006337
0.987815
1.036409
1.007723
0.998682
1.003923
1.049466
0.981576
0.994012
1.034370
1.013582
0.969422
0.999002
1.038136
0.954225
1.024691
0.949363
0.968065
0.986050
1.019524
0.968014
1.029283
1.002008
0.992740
1.000578
0.973008
0.968575
1.002215
0.924363
0.919519
0.988518
0.993840
0.977783
0.982092
0.989318
0.899451
1.015288
0.965282
0.961398
0.957598
1.012936
1.018273
0.965814
1.010178
0.946200
0.960499
0.968833
0.938986
1.005959
1.009028
0.998800
0.987758
1.017338
1.029453
0.991110
0.999759
0.938397
1.006180
1.040441
1.000465
0.994992
0.976768
0.966595
0.983547
1.025054
0.998484
0.922822
0.993018
1.010177
0.988875
0.977849
0.982348
1.005564
1.020547
1.004160
0.991392
1.021478
1.022938
0.975937
1.003131
1.021551
0.986930
1.014794
0.987984
0.914708
0.993209
1.005815
0.954955
0.974611
0.965330
0.981914
1.002874
1.004619
1.014064
1.001118
1.034184
1.033091
0.978966
0.926393
0.964683
0.988202
0.991587
0.938386
1.007162
0.982517
1.011615
1.040298
1.030683
1.007771
0.999678
1.020797
0.983338
1.003524
1.006643
0.983022
0.958782
0.976719
0.982783
1.011275
1.001701
0.987659
1.004929
1.002463
0.918386
0.937562
1.029740
1.002889
1.026667
0.943615
1.029724
1.025952
1.006355
0.974810
0.937881
0.983826
0.998969
1.015524
0.984471
0.983381
0.965287
1.007259
0.990745
0.951489
0.971632
0.873901
1.016624
0.941682
0.975908
0.990164
0.971308
0.941516
0.989413
0.990321
0.976491
0.970480
0.994357
0.996544
0.981918
0.954837
0.984415
0.956607
0.989231
1.028201
0.974269
1.030326
0.989778
1.028626
0.996288
0.971618
1.008229
1.001337
1.020675
0.999417
0.994100
0.959472
0.942314
0.989050
0.992091
1.008936
0.976519
0.987912
1.024412
0.958428
1.023785
0.947505
1.039016
1.002125
0.996288
0.998726
1.012540
1.003885
0.976735
1.007459
1.010789
0.990473
0.998279
1.000712
0.933580
1.029986
0.983236
1.023162
0.983237
1.002637
1.022174
0.971378
0.927595
0.988461
0.983171
0.941180
0.988250
0.992676
0.956939
0.956829
0.963067
1.006045
0.982583
0.993512
1.015949
0.963859
0.926189
0.978999
1.012173
0.965258
0.956529
1.025949
0.992801
0.960112
1.020921
1.021622
1.006973
0.998694
0.939807
1.006244
1.016552
0.972012
1.003716
0.966683
0.982137
0.976207
1.034515
0.979133
0.881219
0.983720
1.001687
1.001662
0.994219
1.027268
1.028196
1.009263
0.945595
0.963629
0.971782
1.010003
0.924186
0.894714
0.977174
0.978597
0.970660
0.983314
0.995299
1.035370
1.014125
0.988374
0.997820
1.020154
1.010453
0.997159
0.990697
1.026754
0.997649
0.929286
0.981760
1.042291
0.981803
0.985521
0.953086
1.025296
0.972665
0.977316
1.014492
1.001224
0.986788
1.020239
0.897362
1.012312
0.972248
0.963423
1.026693
0.990908
0.979731
1.010536
1.011962
0.995448
1.013556
0.968187
0.955476
0.977796
0.992721
0.992274
0.947871
0.992533
0.999755
1.002395
1.030182
1.002441
0.983800
0.986816
0.993271
1.004715
1.004533
1.023141
1.022904
0.996971
0.965570
1.005190
1.014866
1.017487
1.014759
0.992824
1.008528
1.014762
0.984335
0.994020
0.987654
0.987202
0.998633
0.980032
1.007767
0.975114
0.954605
0.976516
1.008067
1.008899
1.022286
1.021637
0.964574
0.989868
1.014642
0.955219
0.998867
1.004929
0.996567
1.017033
0.977163
0.988060
0.946853
0.985551
1.022181
1.003677
0.999162
0.931585
1.005810
1.010242
1.019006
0.981284
0.986818
0.967070
1.030644
0.975472
0.983998
1.018401
1.001247
1.009799
1.006248
1.029781
0.986797
0.961983
0.943812
1.009115
0.978402
1.020038
1.032346
0.995936
1.010820
0.975971
0.968248
0.990266
1.032162
0.954096
1.014017
1.006757
0.990055
0.971519
0.989219
0.997994
0.999757
1.028746
0.984267
1.015581
0.974221
0.953351
0.979959
0.989564
0.961701
1.018406
0.963144
0.999841
1.004124
1.002113
0.995400
0.997801
0.965402
1.014128
0.999212
1.009425
0.979987
1.003971
0.990622
1.009624
1.014841
0.893480
0.964030
0.963360
1.010888
1.009127
0.958404
0.993846
0.952400
1.018976
1.008635
0.978537
0.986631
0.965521
0.916861
0.935088
1.017891
0.975224
0.959649
0.993886
0.982655
0.988947
1.027851
0.992611
1.010267
1.004983
0.980101
1.004603
1.017037
0.974919
0.968489
1.000400
1.018889
0.979518
1.020071
0.961263
0.997081
1.012802
1.016412
1.007772
0.991201
0.995590
1.024825
1.035245
0.965469
0.975856
0.970129
0.975281
1.003074
0.965904
0.951290
1.012550
0.956786
0.980646
1.021466
1.023412
0.957158
0.990609
1.010790
0.958003
1.005733
1.021308
1.018671
0.976220
0.979435
0.988926
0.963295
1.013610
1.003812
0.967867
1.006686
1.031544
0.995527
1.031050
0.839190
0.967010
0.929717
1.001568
0.998788
0.966964
0.915267
1.022542
0.952952
0.987582
1.016646
1.020652
0.950805
0.945984
1.005103
1.028641
1.018973
0.992946
0.926948
0.911984
0.956011
0.948735
1.023745
1.007431
0.960652
0.988080
0.985978
1.001334
0.957872
1.010283
0.991046
1.036889
0.991570
0.998178
0.979585
1.011758
1.027076
0.953959
0.960573
0.959658
0.993236
0.998512
0.977532
0.984653
0.982897
0.995427
0.994796
0.976464
1.001485
0.994004
0.998704
0.884831
1.018652
0.967047
0.999294
1.037147
0.965083
0.990421
1.039213
0.984055
0.984807
0.978591
0.919216
1.018590
1.025330
0.993015
1.015323
0.946027
0.962690
0.980353
1.005225
1.004341
0.954654
1.009385
0.968340
1.015433
0.961625
1.031727
1.030260
1.040019
0.999069
0.932643
0.986978
0.940429
1.006584
0.953086
0.997059
0.983259
0.986180
0.972557
0.964002
0.992002
1.001792
0.960732
1.003133
0.965527
0.963944
0.971375
1.008231
0.941092
0.977584
1.027874
0.985956
1.012857
0.993576
1.041466
1.008115
1.009102
0.974588
0.935274
1.006990
0.980927
0.954096
0.963812
0.941423
0.995295
1.026888
0.960452
0.972743
0.983351
0.875560
1.016556
0.999024
0.922712
1.005889
0.927628
0.985861
1.022388
1.004828
1.000143
0.992772
0.914545
1.021560
0.982194
1.001088
0.973025
0.994983
1.014937
0.974259
1.023879
0.951057
0.966444
0.992071
0.983300
0.970125
0.974100
1.031235
0.996365
1.019527
0.937846
1.008840
0.905967
0.965040
0.994865
0.987137
0.945464
0.945378
1.010228
0.996920
1.012138
0.990824
0.835076
1.016207
0.986388
0.971016
0.985521
0.987571
0.965573
0.975061
1.031222
1.027286
0.938176
0.994290
1.054349
0.960884
1.009928
1.009534
0.981535
0.990549
1.001843
1.016276
1.012670
1.007457
0.954926
0.985751
0.997787
1.003728
0.983422
1.031718
0.971509
0.987861
0.989986
0.975399
1.010549
0.994725
0.994869
0.976830
0.973287
0.986780
0.998752
0.956873
0.959499
1.010969
1.019858
0.957983
1.019997
0.960380
0.924551
0.988581
0.991044
0.976374
0.992539
1.016213
0.995902
0.967930
0.968482
0.976942
1.025928
0.966493
0.916239
0.990729
0.985659
0.913974
1.018664
0.982792
1.007103
0.973257
0.981957
0.954038
1.001346
0.961268
0.958905
1.035998
1.003458
0.978565
0.984055
1.013767
0.855365
0.949061
0.963766
0.976487
0.966061
0.940158
0.967274
0.998127
0.997393
1.000239
0.982231
1.015378
0.952417
0.988831
0.941112
0.989415
0.968626
1.000784
0.986495
1.019500
1.009574
0.981255
0.957294
0.908846
0.968573
0.976755
0.997957
0.944692
1.002059
0.980960
1.018665
1.000784
0.980691
0.991584
0.981733
0.981678
0.998335
0.971049
0.952230
1.009415
0.953803
0.993137
1.011874
1.032188
0.974859
1.013524
0.952139
1.020176
0.949556
0.972015
1.020875
1.038474
0.980183
0.970246
1.034988
0.950262
1.004761
0.950740
0.964808
1.014117
1.010674
0.984381
0.961554
1.001626
0.993458
1.002978
0.977566
1.002018
0.983179
0.968221
1.027042
1.009064
0.993049
1.004813
0.967223
0.995908
1.032496
0.982471
1.016336
0.978129
0.997725
0.990964
0.997416
0.995193
0.943503
0.972095
1.005120
1.011980
0.982201
0.936905
1.024861
0.995976
0.966338
1.002443
1.004717
1.006808
1.007851
1.006690
0.994591
0.977563
1.004084
1.026953
1.006607
1.022218
1.013272
1.008194
0.937074
1.002508
0.993156
0.961284
0.979457
1.001627
0.998689
0.994395
1.017846
0.976412
1.012465
1.008515
0.992613
0.993522
0.961269
0.970278
1.019311
0.980653
1.032843
1.005098
0.926122
0.976762
1.006571
0.962310
0.963797
1.022086
1.035127
1.003676
1.009856
1.000406
1.015679
0.985210
1.016209
0.954695
0.935854
0.982201
0.999078
0.944694
1.008545
0.996827
0.950834
1.001019
1.004219
0.974740
0.982984
0.902868
0.994549
1.005262
1.001431
0.989371
0.992608
0.938812
1.020649
0.998210
0.970383
0.951369
0.952490
0.980378
0.984846
0.989850
1.003482
0.971571
0.957695
0.986125
1.025406
0.930843
0.983003
1.030383
1.008418
0.970306
1.011583
1.007499
0.942338
0.992306
0.935379
1.038039
0.995577
0.993625
0.994453
0.965335
1.028048
0.973804
1.000144
0.965213
0.958117
1.017020
0.997183
0.985904
0.991767
1.003026
0.986682
0.886782
1.017713
0.932568
0.969114
0.980986
1.003194
0.960557
1.029971
0.972352
1.014498
1.003091
1.003619
1.001401
0.996203
1.027043
0.961415
1.019774
0.968722
1.022451
0.986182
0.983443
0.993342
0.949620
0.984592
0.987760
0.995622
1.020935
0.934942
0.944120
0.980492
1.004894
0.976466
0.998717
1.011366
1.013490
1.003644
0.979953
0.981692
0.975968
0.971042
0.967954
1.010355
0.997905
1.012211
0.907954
1.030155
1.002827
0.995918
0.997518
0.987314
1.005550
0.982473
0.970713
1.004844
1.042755
0.953392
0.987718
0.982258
1.012420
0.952578
0.993090
0.987916
0.976406
0.971828
1.022050
1.024891
0.956870
0.971782
1.003106
0.975298
1.021900
1.010028
0.993220
0.995890
0.970093
1.006056
0.989568
0.993820
1.006715
1.007523
1.004990
0.973466
0.998493
1.002206
1.022128
1.021814
0.925720
0.943384
1.014373
1.011949
1.017428
0.976752
0.990568
0.990605
0.947150
0.990655
0.993725
1.008385
0.995041
0.977018
0.974427
0.966111
1.022944
0.973606
1.016530
1.027732
1.006553
0.994678
0.970266
0.974216
1.005971
0.985910
1.013358
1.023213
1.001465
0.997233
0.957855
0.933110
0.956226
0.998405
0.974403
0.991648
0.992699
0.978158
0.895650
0.944450
0.952367
1.010270
0.988179
0.996578
0.976792
0.992821
0.982638
1.010752
0.974730
0.895299
0.998641
0.906281
0.996126
0.958878
0.996277
1.017276
1.003450
0.973529
0.971111
1.013015
0.965568
0.973239
0.996579
1.010400
1.005271
0.920694
1.011839
0.965635
1.012812
0.988125
1.020463
0.965999
1.029754
0.989498
1.009132
1.016341
0.988953
1.039905
0.988916
1.015423
0.992755
1.014517
1.001067
0.965224
0.997208
1.025056
0.920844
1.008389
0.986466
0.968778
1.003744
0.998583
0.915972
1.020312
1.021330
0.967837
0.974217
0.971437
0.983978
1.006683
0.935957
0.981715
0.973645
1.037163
0.979227
0.959824
1.026481
0.928922
0.955482
1.002053
0.983677
1.009544
1.007452
0.961262
0.928221
1.000470
0.968779
0.961214
0.969469
1.009126
0.995268
0.992114
0.972598
0.984720
0.999939
0.997222
0.962337
1.011691
1.023284
0.992379
0.872629
1.001932
1.004675
1.017771
1.019102
0.939228
1.047039
1.012102
1.018915
0.941275
1.005510
1.010060
0.980882
0.969468
0.983663
0.997772
0.993617
0.993868
0.955860
0.998340
0.920998
1.007016
0.900465
1.004033
0.982482
0.938311
0.979735
0.972904
0.988322
1.008608
1.009099
1.002597
1.014774
1.026390
1.017550
1.021046
0.943131
1.033827
0.989393
0.960826
0.921668
0.997060
0.871539
1.002510
1.016883
0.954143
1.031559
0.970078
0.962680
0.917957
1.053460
1.020950
1.004139
1.032563
0.968650
0.951828
0.960464
1.014491
1.006656
1.020968
1.001803
0.992910
0.991068
1.019288
0.961734
0.989844
0.966100
1.000744
0.987214
0.983375
0.983032
0.955221
0.962213
0.990352
0.954139
0.998639
0.989041
0.983854
1.003546
0.979236
1.006068
0.937469
0.976183
1.013027
1.033408
0.985624
0.968785
0.980023
0.943118
0.993690
0.986849
0.985309
1.037725
0.995148
1.028776
0.992915
1.010243
1.018716
1.010109
0.982703
1.008972
0.962492
0.999700
0.998047
1.017903
0.988807
0.995570
0.939684
0.965994
1.006030
1.009433
0.969216
1.008380
0.977700
0.999521
1.008131
0.926748
1.002901
0.979316
1.022611
0.956952
0.995838
0.980251
0.991769
0.926202
0.951750
0.973619
0.992853
1.018768
1.001076
0.934471
0.978557
0.933020
0.974717
0.913415
1.013197
1.013023
1.019339
1.025727
1.020969
0.967942
1.020187
0.977629
0.879461
1.009363
1.010418
0.992921
1.017899
1.022500
0.989542
0.964026
0.971875
0.971229
0.913881
0.947069
1.006477
0.994878
0.987848
0.947678
0.950000
1.025456
0.941490
0.959115
1.031801
0.954063
1.005354
1.003958
0.990043
1.005426
0.972018
0.929525
0.989395
0.999234
0.910656
0.989341
0.921569
0.977495
1.009875
0.978619
1.024100
0.979570
0.989744
1.007707
1.012881
0.960405
1.000872
0.958529
1.000951
0.990584
0.999226
0.969100
1.008089
0.984795
0.964188
0.999367
1.032206
0.963133
0.964537
0.991017
0.978229
0.997568
0.987760
1.026091
0.986920
1.015144
1.000125
1.013949
0.996848
1.011759
0.980297
1.006058
0.983438
0.994747
0.985837
0.991966
0.988991
1.006042
0.988728
0.990820
1.012988
1.009756
0.939987
1.013702
0.998984
1.002028
1.005979
1.010435
0.865908
1.006118
1.007113
0.949500
0.952103
0.979801
0.953639
0.984000
0.980815
1.020939
0.994457
0.989281
0.961449
1.003948
0.982153
0.999958
0.995475
0.978529
1.024078
0.996193
1.031495
0.965260
0.994584
1.033544
0.932418
0.972359
0.935069
1.007051
0.977579
0.985874
0.977611
0.970493
1.008210
0.981834
1.011505
0.982443
1.007849
1.007684
1.000414
0.945869
1.017266
0.969783
0.981738
1.014590
0.985936
0.984471
0.984610
0.966144
0.968495
1.014713
0.971153
1.017675
1.019143
1.015837
1.008994
0.957463
1.009519
0.997345
0.978284
1.010683
1.001819
0.942738
0.950928
1.021756
1.006577
0.996190
0.995133
1.010495
0.968221
1.019867
0.962756
0.987112
1.033515
0.898215
1.002969
1.004928
1.031222
1.028908
1.028206
0.968978
0.980034
0.972309
0.911524
0.879778
1.007298
0.952860
0.965074
1.015978
0.988154
0.973815
1.015288
0.975880
0.969018
1.003792
0.987937
0.958907
0.958476
0.994535
0.949268
0.967026
0.971637
0.967029
1.002804
1.052991
0.987855
0.988554
0.990364
0.980714
0.908398
0.948533
1.000418
1.026886
1.002622
0.972231
0.934850
0.979345
1.037365
0.983366
0.967154
1.017305
0.960750
1.004604
1.016147
1.010894
0.997112
1.009605
1.011420
0.949869
0.996709
0.992301
0.998050
0.951834
0.997230
0.990151
0.982586
0.997133
1.001771
0.973923
1.000495
0.989340
0.972633
1.002582
0.967395
0.969770
0.991156
1.007163
0.998433
0.996461
1.002955
0.991573
1.022920
0.974775
1.005338
0.909234
1.007912
1.024498
1.010265
0.948726
1.043562
0.985817
0.960900
0.971440
1.022020
1.015559
0.991664
1.000987
1.030197
1.015026
0.928503
0.987181
0.985049
1.001414
0.974632
0.990244
0.982960
1.004310
0.989137
1.017857
0.998850
0.997887
1.024053
1.035495
0.997807
1.029732
0.994678
1.040301
0.974531
0.991549
1.021686
0.994226
0.980877
0.969710
0.995010
0.973001
0.964876
0.950556
0.949563
0.991448
0.988453
1.014524
0.980147
0.922124
0.990132
0.987576
1.019769
0.947104
1.014794
1.029578
0.942527
0.981999
0.978266
0.989643
0.970586
0.974435
1.009228
0.959674
1.008700
0.976306
0.998782
0.998729
0.994964
1.001423
0.945218
1.028840
1.007874
0.970971
0.903100
1.033705
0.931853
0.986532
0.963991
0.931057
0.967908
0.995037
1.003358
1.005598
1.015699
0.988185
1.031368
0.934512
0.983809
1.028870
0.966696
1.027461
0.965124
0.895073
1.012710
0.971820
0.995374
1.014485
0.955302
1.044553
1.015750
0.973799
0.983972
0.991831
0.975659
0.926950
0.940387
1.015107
0.910500
1.031375
0.998637
0.949744
0.969987
0.996751
0.991179
0.990967
1.000906
0.980057
0.940140
0.942304
1.007303
0.990138
0.995493
0.964686
1.008201
0.991201
0.963293
0.992772
0.921273
0.991313
0.936761
1.013306
0.969469
0.991308
1.016077
0.994834
0.984299
0.978698
1.005068
0.951756
1.013703
1.018297
1.018446
0.940902
0.927147
0.969781
0.950632
1.012401
1.008035
0.990513
0.981807
0.948731
1.008995
0.979099
0.950420
0.997451
0.986463
1.004569
0.994257
1.035122
0.951619
0.984172
1.001635
1.004935
0.982766
1.018632
1.006380
1.007866
0.980458
1.021267
1.015818
1.001960
0.963862
0.982879
0.992998
0.963360
1.022838
0.991175
0.991993
0.969975
0.998164
0.969509
1.006667
0.946523
0.930534
0.957865
0.955878
1.009570
1.013751
1.006172
1.037526
0.976603
1.027143
0.939489
1.031899
0.967685
1.001845
0.982479
1.003103
0.952960
0.954034
1.017944
1.023495
0.983295
0.974104
0.985553
1.014887
0.970444
0.971141
0.989870
1.004931
0.954718
1.002388
0.982706
0.962119
1.022402
0.946528
0.976931
0.991890
0.988324
1.027693
1.022817
0.973669
1.014997
0.978337
0.956262
0.973206
0.962195
1.004770
0.994861
0.972988
0.932965
1.020569
0.980761
1.017293
0.957152
0.954986
0.990886
1.004113
0.979690
1.023668
0.993518
0.891302
0.977138
0.985921
0.943718
0.989601
1.011740
1.006320
0.991793
0.979484
0.993130
0.921038
0.959893
1.027125
1.003701
0.997344
0.984134
0.938084
0.972251
0.924134
0.937757
0.985078
0.999355
0.953706
1.012824
0.972852
0.964613
0.982386
0.987739
0.981929
0.963662
0.908117
0.991263
0.986390
0.963931
1.003847
1.010984
0.954244
1.036323
0.948080
1.014622
0.995199
1.026259
1.010394
0.950003
1.010566
0.997581
0.994064
0.991955
0.977891
0.982437
0.971626
0.920403
0.986955
0.986516
1.003245
0.981134
0.969406
0.991323
0.999468
0.959213
0.985918
1.001648
1.004886
0.988139
1.001830
1.014429
0.984900
1.019482
1.014168
0.993299
0.991798
0.988952
1.012430
1.019689
1.021618
0.928954
0.995267
1.011248
0.996384
0.996001
1.019087
0.991526
1.027696
0.985347
1.002753
0.975992
1.020323
1.025420
1.034717
1.020001
0.974671
0.949026
0.956385
1.016221
1.019250
0.994831
1.017450
0.962210
1.012621
0.942596
0.978664
1.036414
1.027826
1.020745
0.982198
0.982014
0.998824
0.985013
0.995066
0.986086
0.993258
0.976651
1.027841
0.973526
0.967354
0.992412
0.924619
0.982155
0.970415
0.987592
1.008623
0.974185
1.008490
1.028709
0.959703
0.991759
0.993927
0.984093
0.964405
0.966409
0.994150
1.003248
1.023763
0.961534
0.951366
0.985378
0.891730
0.985408
0.937122
1.014817
1.000827
0.981803
1.032469
0.978234
1.024669
0.969960
0.989418
1.011831
1.022884
0.979454
0.973423
1.003290
0.996915
0.992159
0.994091
0.946292
0.963072
0.962934
0.986097
1.030625
1.008153
1.000601
1.025358
0.998210
1.003715
0.979514
0.967422
0.960588
0.974937
0.956165
1.009859
0.985514
0.934958
0.988015
1.009629
0.899259
1.020308
1.005733
0.997950
0.969205
0.965959
1.023692
0.982660
0.952492
0.963815
1.022855
1.030739
0.970541
0.977521
0.944676
0.954709
1.007243
1.014052
0.965645
0.962231
1.016923
1.010996
0.978780
0.949031
1.008883
0.932008
1.014605
0.957303
0.975616
0.999909
0.992113
1.005021
0.951637
0.975832
1.031846
0.882649
1.002985
0.982931
0.998962
0.992165
1.036116
1.002520
1.005217
0.995509
0.994912
0.961903
1.017537
0.998944
0.985766
0.965629
0.975128
0.948042
0.951896
1.005788
1.018370
0.985809
0.998893
0.984779
0.980569
1.009556
1.000243
0.995898
0.948203
0.991841
0.903898
0.989940
0.956508
0.985848
0.985707
0.990727
0.967190
1.009691
0.999376
1.001404
1.002385
0.940710
1.004597
0.997496
0.987596
1.008900
0.978208
0.980909
1.008455
0.986171
0.997111
0.999058
0.998273
0.956854
0.933587
0.987624
0.959000
1.010552
0.981782
1.008450
0.993391
0.988548
0.998621
0.998398
0.961717
0.966685
1.014127
1.006707
1.000314
0.960565
1.001571
0.982686
0.961474
1.003197
1.004930
1.010356
1.004739
0.942355
0.950787
1.013335
0.989740
0.963036
0.990849
0.926380
0.980832
0.973073
1.023963
0.985696
1.007339
1.013790
0.965704
0.994241
0.963839
0.989821
1.024145
0.982594
0.996646
1.021882
1.023015
0.982972
1.013643
1.007699
0.953315
0.994248
0.986065
1.038820
1.016393
1.006317
0.986155
1.022618
0.955609
0.965328
0.969582
1.009277
0.995849
0.998705
1.005533
1.014626
1.049364
0.880693
0.987777
1.015748
1.010796
1.013521
0.955419
0.957251
0.998862
1.005673
0.925160
0.942708
0.983867
0.958062
1.000854
0.957940
1.022086
0.967918
0.976515
0.968506
1.001540
0.985876
1.021386
0.960279
0.963430
1.020504
0.988112
0.994375
1.016421
0.957178
0.978582
0.956516
0.897802
0.951750
1.036465
1.015245
0.990141
0.977733
0.977939
0.936343
0.995415
1.020465
1.021542
0.979524
0.967852
1.030700
0.998222
0.958274
0.994911
1.009546
1.003792
0.956167
1.008613
1.005168
0.971232
1.007099
0.948023
1.019711
0.944480
0.904984
0.960438
1.021301
0.966877
1.007011
1.000514
0.961561
1.015257
0.978132
1.030092
0.966900
0.987131
0.980066
0.984563
0.924789
0.985266
1.035549
1.037410
1.007130
1.027026
0.997072
0.996614
0.993877
1.026379
0.977155
1.010439
1.005694
1.003856
1.014093
0.945430
1.011595
1.008309
1.015534
0.964795
1.020304
0.995673
0.990663
1.018259
0.987092
0.981221
0.965444
0.969610
0.980434
0.980334
0.980562
0.957358
0.998196
0.985029
0.948869
0.968786
0.990428
0.992404
0.995633
1.007518
1.010208
0.988629
0.998860
1.004290
0.987682
0.986571
0.971471
1.016854
1.010766
0.974152
1.016117
0.957137
1.006047
0.918809
0.949319
0.999221
1.000857
1.009071
0.943634
1.035533
1.009233
0.985142
0.993446
0.988277
1.014991
1.006515
0.983501
0.995014
1.037866
0.960544
1.002038
0.986003
1.013315
0.957712
0.992150
1.007990
1.002536
0.978169
1.016951
1.029173
0.982399
0.959521
0.975876
1.014807
1.017672
0.998664
1.012778
0.994461
0.987226
1.005570
0.962568
0.991223
1.025201
0.988955
0.976804
0.977834
0.984706
1.004732
1.043811
1.002562
0.990610
1.016535
0.982267
0.938446
1.028183
1.017491
0.929198
0.999564
1.008681
0.959115
0.986400
0.962667
0.994841
0.962011
0.979530
0.988340
0.958875
1.028459
0.955481
0.984608
0.946295
0.962606
0.991198
0.989012
0.953572
0.981320
0.995408
0.990130
0.999194
0.994409
1.000469
0.975495
1.018062
0.991134
0.909119
1.020548
1.005229
0.964080
1.024357
1.007581
0.979661
1.010091
0.958472
1.017052
1.042894
0.953129
1.011926
0.953529
0.989524
1.011967
0.964737
0.979702
0.989261
0.991422
1.017154
1.012119
0.983981
0.979987
0.979389
0.980118
1.002631
1.012028
0.994459
1.000709
1.007844
0.965710
1.008456
1.027561
0.975994
1.014204
0.946320
0.986317
0.986825
0.977170
1.024779
0.932744
0.991234
0.937966
0.904068
0.992551
0.992613
1.024393
1.002445
0.987544
1.022761
0.918609
0.965330
1.009574
0.978570
0.994883
1.018967
0.969195
0.984338
1.019157
1.006824
0.983530
0.945507
1.017073
1.012937
0.948572
0.989766
1.021588
1.021151
0.998924
0.999789
1.017124
1.001469
1.016342
1.006847
0.980376
0.977369
0.956916
0.956509
0.979597
0.965327
0.985955
0.983386
0.948268
0.949831
0.989348
0.955535
0.992489
0.992216
1.005635
0.993238
0.990721
1.006937
1.024951
1.037295
1.011115
0.974338
1.024089
0.962943
0.970799
1.002360
1.002848
1.015417
0.943291
0.964308
1.017544
0.983310
1.015569
0.956146
1.029870
0.987510
0.982791
0.956445
0.892172
0.947803
1.010309
0.931031
1.005638
0.981019
1.014534
1.003365
0.999400
0.993946
0.946366
0.998463
1.002741
0.998721
0.973405
1.006309
0.962079
1.029453
0.983584
1.004518
1.011711
1.006631
1.019655
0.980103
1.022366
0.983651
0.995141
1.003772
0.989002
0.972028
0.937509
1.039427
1.014722
1.013808
1.018396
0.971447
1.007748
1.005272
0.951858
0.998888
1.015865
0.938019
0.985501
1.004192
1.021928
1.001753
1.038014
0.989600
1.004029
1.004986
0.993491
1.015647
0.988115
0.995009
0.961553
0.984375
1.015441
0.960697
1.006017
0.995294
0.961505
1.038275
1.015664
0.965501
0.956732
1.007453
0.985302
0.992898
1.001364
1.026459
0.980902
1.029134
1.010628
0.966878
0.969997
1.038208
0.966233
0.965778
0.974064
1.001300
0.966157
1.002869
0.945700
0.958680
1.002590
1.006525
0.885432
1.018299
0.965784
0.978580
1.014685
0.997224
0.949141
0.968037
1.010064
1.013465
1.003811
1.012804
0.971063
1.004889
1.004844
1.008385
1.009678
0.994053
1.001805
0.997807
0.940050
0.982922
1.009398
0.987640
0.968930
1.019940
0.988456
0.988704
0.972469
0.995053
1.012439
1.003144
0.995861
0.970697
1.012630
0.975291
0.995466
0.947603
0.973120
0.998523
1.007602
0.981871
1.023218
0.958732
0.979636
1.005740
1.011118
0.956886
1.015134
1.023323
0.999750
0.963389
1.043607
1.026413
1.025991
1.007808
1.015785
0.984404
0.987069
1.029691
0.999963
0.988452
0.980328
0.992618
0.966025
0.971491
0.993590
1.000362
0.999658
0.992839
0.963097
0.991950
1.005618
0.994596
0.961640
0.978711
0.899664
0.977878
0.934664
0.963898
0.923728
0.927743
1.003419
1.008827
0.954953
1.008487
1.017075
0.982506
0.980641
1.024635
1.019791
0.982448
0.969666
1.016754
0.936374
1.000360
1.020874
0.994251
0.964135
0.971238
0.974004
1.026860
0.975283
0.938333
0.995351
0.983862
0.983079
1.020741
1.003457
0.982757
1.004858
0.987759
1.008058
0.995677
0.953891
1.018214
0.955587
1.009059
1.002736
0.999553
0.997028
1.009320
0.950714
0.988353
1.002068
0.980085
0.978083
0.963220
0.996125
1.006364
0.969674
1.029082
0.953134
0.960370
0.983599
0.985863
0.982395
1.005026
0.945377
0.924995
0.988083
1.012446
1.012891
0.909506
0.987454
0.976752
0.993421
0.954204
0.983670
0.965997
0.977149
1.015269
0.954302
0.979594
0.947707
0.982325
0.994427
0.974067
0.957890
0.935573
1.005064
1.000651
0.947179
0.999617
0.947243
0.955984
0.982162
0.991149
0.982254
0.982678
0.998154
0.995259
0.953966
1.021084
0.954810
1.001887
0.990701
0.956437
0.999973
0.959161
0.993554
0.990303
0.975848
1.003169
0.994079
0.984972
0.958935
1.018893
1.033492
0.923791
1.015347
0.973205
0.946778
1.006944
0.977395
0.975046
0.967311
0.982776
1.022541
1.019578
1.014370
0.997965
0.989122
0.970207
1.044378
1.027953
1.009809
1.014226
0.963174
0.987655
1.011471
0.860983
0.996683
0.878402
0.983445
0.995700
0.998436
0.978231
1.020932
0.973023
1.028559
1.016973
0.997619
1.014164
1.028169
0.962336
0.908030
1.012836
0.988691
1.020565
0.948809
0.948056
0.998261
0.963806
1.010173
0.976005
0.928104
1.023031
0.985977
0.969363
1.012789
1.024610
0.998450
0.998937
1.029674
0.976796
0.969957
1.010518
0.996926
0.969378
1.020315
1.019986
0.998164
1.021567
0.964414
0.958289
1.000219
0.981423
1.000484
0.865283
1.008889
0.936871
0.986184
0.993238
0.986174
1.009935
0.998133
0.992484
0.936956
0.952550
1.014765
0.998470
0.982424
0.994089
0.982676
0.969651
0.977893
1.005378
0.954621
1.017380
1.016679
0.965162
0.928745
1.026256
0.978447
1.005334
0.964059
1.024995
1.011117
0.964023
0.935724
0.922661
0.855870
0.979283
1.006789
0.984415
0.981598
0.963442
0.938412
0.959432
0.932213
1.036095
0.979192
0.954579
1.018997
0.995159
0.977152
0.986946
1.025226
0.993683
0.998147
0.988010
0.986079
0.987066
0.972792
0.952734
0.867773
0.975724
1.004730
0.953785
0.975960
1.002446
0.972785
0.998427
1.020327
0.966106
1.000634
1.006472
0.982159
0.994827
0.974332
1.014066
0.998318
0.945135
1.021686
0.980757
0.958497
0.964150
0.996995
1.019942
1.015855
0.940812
1.002242
0.986701
1.001710
1.014939
1.027611
0.928715
1.001727
0.997418
0.999785
0.915033
1.014668
0.984922
0.924658
1.016965
0.971384
1.017376
0.969971
0.990518
0.980431
0.999941
1.020549
0.946917
0.998098
1.017336
1.028393
1.003641
1.014810
0.992418
0.987281
0.996041
1.000540
0.934138
0.981390
1.007131
0.958539
0.982207
0.912482
0.955477
0.955434
0.987941
0.994240
0.976912
1.010504
0.974118
0.966702
0.930860
1.019616
0.991099
0.980848
0.980129
0.992549
0.983671
0.981125
0.997016
0.999701
0.971451
1.018281
1.001650
0.948281
0.970345
0.967223
1.005316
1.007914
1.019595
0.990524
0.982740
0.979642
1.023702
0.974945
0.947711
1.018654
0.984070
0.999822
0.964178
1.011620
0.948298
1.019021
0.984994
0.875188
1.025380
0.994309
0.968238
0.979252
0.936558
0.961600
0.987518
0.998300
1.016015
1.014412
1.006688
0.991373
0.984701
0.927177
1.021443
0.969112
0.986438
1.013967
1.004621
0.990997
0.992312
0.972745
0.982988
0.966664
0.980615
0.965829
1.003960
1.023690
0.957446
0.942032
1.002962
0.934653
1.004083
1.039465
0.982456
1.014889
0.901855
0.993987
0.973648
0.958683
0.981758
0.947126
0.968780
0.991523
0.965079
1.019594
0.955554
0.983930
0.948752
0.977886
1.003510
0.990009
0.988219
0.928959
1.008580
1.002115
1.019284
1.009992
1.025175
0.974931
1.029822
0.995221
1.002609
0.989998
0.958692
1.022224
0.997277
1.024847
1.041480
0.993345
0.996717
1.000337
1.036620
0.931500
0.897697
0.974598
0.948967
0.998259
1.015450
1.017693
0.960221
0.992986
0.979572
0.966370
0.988037
0.982114
0.931891
0.941393
0.829240
0.993980
0.956407
0.987311
1.015764
0.997470
1.010742
0.952613
1.028385
1.021774
1.005144
1.025419
0.951675
1.016169
1.002046
0.975887
0.928601
0.980467
0.979205
1.000283
0.921371
0.976815
0.906025
1.025408
1.003365
0.999199
1.012635
0.943719
0.979773
0.971341
0.951134
0.997369
1.000376
1.002828
0.989297
0.982419
1.000938
0.948264
0.950132
0.939353
1.001687
1.014501
0.995658
0.973917
1.021123
0.954544
1.013904
1.022031
0.994382
0.996951
0.945163
1.041156
1.029034
1.008723
0.970678
0.961951
0.996853
1.018230
0.996037
0.972535
0.990344
0.980795
0.948459
1.007496
1.019263
0.990046
0.991462
0.981625
0.982144
0.933046
0.984831
0.993151
0.998423
0.945995
0.993456
0.953100
1.040704
0.993079
0.994783
0.996706
0.936044
0.948372
1.023012
0.977168
1.052798
0.993514
0.897731
0.988414
0.983689
0.961839
0.979575
1.017716
0.970970
0.993372
0.933626
0.999921
1.009284
1.002564
1.013436
1.007112
1.016476
1.034542
0.920380
0.931946
0.947495
0.996725
1.002508
1.023309
0.968113
0.990282
1.011003
0.943450
0.990853
0.985936
1.000682
0.991885
1.031202
1.027263
1.021662
0.985539
0.992829
1.016183
1.009874
0.997964
0.998944
0.987160
0.930289
0.997432
0.968115
0.989095
0.968735
0.933071
0.963077
0.984417
0.962108
0.970109
0.986081
0.922688
0.957661
1.014839
0.993518
0.996680
1.014144
0.989884
0.957563
1.022316
0.946680
0.957041
1.000749
0.991359
1.000932
1.002677
1.019596
1.029827
0.949461
0.968773
0.994113
0.999678
0.982772
0.970246
1.015273
1.005195
