0.852525
1.139129
0.866447
0.905369
0.950686
0.747379
0.745317
1.116407
0.916215
0.973310
1.005940
0.834506
0.985500
0.998049
0.849285
1.006372
0.986131
0.930060
1.015399
1.000403
1.033046
1.022277
1.042096
1.053307
0.903864
0.847818
1.062060
0.793557
1.050303
1.015856
0.955061
1.044659
1.018797
1.003056
0.848600
1.037057
1.015415
1.042477
0.929973
0.980763
0.967017
1.017569
0.866106
0.934973
0.884737
0.949592
1.027531
1.008677
0.931791
1.134042
0.837276
1.043599
1.112656
0.801834
1.091068
0.787440
0.999396
1.001299
0.894132
1.023252
1.033745
0.747704
1.025879
1.079804
1.094438
0.964260
0.851999
0.922216
1.064730
0.849791
1.078734
1.011175
1.048224
0.823535
0.780851
1.052439
0.988505
1.027380
1.077507
0.999448
1.128910
1.084162
0.940743
0.863758
1.010675
0.968108
1.101746
1.031030
0.879455
0.985245
0.936554
0.759036
0.932464
1.028140
0.952513
1.044192
0.960318
0.868366
0.948233
0.865761
1.135065
0.923675
1.066342
0.965072
0.940942
0.979036
1.104308
0.966191
0.968831
0.716333
0.725579
0.738048
0.849472
0.929364
1.033058
0.872217
0.994569
1.049547
0.909486
0.946184
0.988918
0.944348
0.929367
0.915500
1.010874
0.957657
0.966078
0.860113
0.886927
0.861221
0.894981
0.966530
1.088674
0.932922
1.120704
0.975595
0.933340
0.923751
0.956002
1.025945
1.022959
1.044119
0.812529
0.922148
0.955962
0.828344
0.855398
0.876619
0.936364
0.877474
0.880596
1.012100
0.967906
0.973189
0.957411
0.872541
1.054099
0.890751
0.999211
1.051029
1.008376
1.000090
1.021801
0.874776
0.960376
1.034900
0.830562
0.970073
0.888768
0.997997
0.831884
1.043578
0.906569
0.971720
0.954219
0.934320
0.974837
0.955409
1.028494
0.992088
0.983891
1.006851
1.002819
0.826246
1.007488
1.141577
0.887931
1.002184
1.018706
1.056166
0.907534
1.070740
1.000748
1.004095
0.794076
0.913123
0.879737
0.970791
0.983526
0.966003
1.017557
0.956511
1.078159
0.882499
0.879904
0.984595
0.976370
0.924830
0.773998
0.867126
1.018383
0.964100
0.836630
0.854039
0.975943
0.940656
0.965455
0.879244
1.020914
0.980324
1.007312
0.940459
0.999619
1.002601
0.732390
0.913492
0.964564
0.923913
0.965254
0.879561
0.968830
0.847552
0.768828
0.980204
0.965211
0.884060
1.044574
1.043243
0.922674
1.105478
0.957079
0.759922
1.033422
0.857038
0.777754
0.871282
1.020020
1.028946
0.994587
1.021828
0.959837
0.972309
0.857321
1.130281
0.916118
0.767340
1.034210
1.068296
0.890371
1.049167
0.906925
0.948881
0.869977
1.031689
0.860314
0.938401
1.030933
0.851192
1.199344
0.874195
0.866165
1.016591
0.771300
0.784199
1.062010
0.896118
0.985873
0.791679
0.987945
0.969013
0.767482
0.994129
1.029880
0.887703
1.032855
0.962416
0.916683
1.000381
0.920763
0.842421
0.898568
0.955671
0.976476
0.902220
0.981719
1.089604
0.996912
0.904247
0.781734
1.054516
0.950508
0.973622
0.885895
0.793474
1.087472
0.932580
0.852439
0.961979
1.068373
1.052154
1.058876
0.982406
0.910072
1.080101
0.970932
1.050768
1.014448
0.994152
0.878707
0.950935
1.043641
0.955796
0.979738
0.990604
1.068685
0.851586
1.038818
0.746345
0.864769
1.028715
0.877843
0.805058
0.945039
1.021931
1.031767
0.913243
1.077554
1.046533
0.955989
0.983905
0.994273
0.983249
0.838154
1.076292
0.890145
0.981079
1.068130
0.905473
0.970475
1.057113
0.960859
1.066664
1.023616
1.103452
0.900487
0.895890
0.747682
0.984911
0.980318
1.038087
0.928081
0.812966
0.966578
0.881972
1.019531
0.741984
1.056713
0.752115
1.107210
1.005439
0.907357
1.098782
0.796211
1.168144
0.999849
1.122777
0.873998
0.833699
0.876114
0.990582
0.943282
1.025781
0.765980
0.986449
1.017551
0.891797
1.038172
0.837965
0.934181
1.043550
0.933910
0.871135
0.976092
1.089296
1.006186
0.850746
0.808572
0.854056
0.929986
1.040370
0.985642
0.783311
1.098089
1.053397
0.986498
0.764488
0.923616
1.051790
1.060373
0.854125
1.108083
1.001339
0.975278
0.829459
1.105419
0.936194
0.938839
0.970631
0.961193
0.957126
1.039234
1.098639
1.069895
1.048286
0.941311
1.042633
0.851689
1.038452
0.943546
1.018208
0.943745
0.824222
0.878749
1.053950
1.075628
0.692443
1.011411
0.981661
1.015665
1.021437
0.951153
1.009458
0.847290
1.046749
0.626925
1.046879
0.870854
0.858328
0.993647
0.926278
0.931768
1.002863
1.031061
0.796023
1.002771
0.983401
1.011990
0.909317
0.975699
0.971459
0.957277
1.051210
0.955357
0.995450
1.111077
1.131384
0.978229
1.027423
0.839406
0.995455
0.788663
0.935460
0.967091
0.993085
0.968727
1.032442
0.984447
1.023467
0.987634
0.866933
0.799891
0.944586
1.020862
0.901465
0.893773
1.010672
0.961525
1.068874
0.990535
0.972762
0.849804
0.817290
0.969991
0.899112
0.803699
1.089169
0.755557
1.066607
0.912174
1.134400
1.041104
0.816743
1.105336
0.821764
1.103497
1.022044
1.083058
0.866295
0.830840
0.763217
0.830120
0.906850
0.902513
1.083590
0.942104
1.025127
0.965066
0.977780
0.850544
1.058421
1.040166
1.008038
1.001008
1.020385
1.031973
1.037785
0.962600
0.943067
0.855374
1.053927
0.918830
0.897382
1.039013
1.133764
1.039794
0.907076
1.050226
0.858832
0.723782
1.010466
0.843289
0.891598
0.908532
0.784944
1.004276
1.018809
1.002207
0.918120
0.936297
1.014781
0.902190
1.038548
0.864224
0.838452
0.976148
1.029383
1.052199
1.001232
0.988689
0.890596
0.904197
0.927688
0.858635
1.117857
0.902700
1.060713
0.966074
1.016890
0.937851
0.849458
0.778142
0.982185
0.904722
0.889449
0.946804
0.814737
0.839736
1.074370
0.982478
0.808005
0.985567
0.902007
0.990229
1.116581
0.926498
0.917051
0.975707
0.904397
0.939611
0.968851
0.873233
1.074891
1.043379
0.959106
1.024827
0.885455
0.923912
0.844206
1.086366
1.018469
1.067262
0.818014
0.970147
0.905892
0.916876
0.985912
0.972490
1.080032
0.940034
1.036555
1.035240
0.917219
0.904431
1.003376
1.043095
0.848775
0.966765
0.756032
0.990434
0.829760
1.003140
0.911620
1.008601
0.958993
1.068900
0.966946
0.856028
0.997977
0.888794
0.990106
0.934640
0.850491
1.117632
0.930918
0.883517
1.103625
0.918957
1.020671
1.031640
0.979854
0.970234
0.934972
1.014056
1.013571
0.958932
1.021307
1.061024
0.900370
0.953884
0.832648
0.988119
1.063714
1.002778
0.976344
1.020988
0.970616
0.833858
0.990629
1.039772
0.982207
0.956385
0.962163
1.034829
0.982280
0.953179
0.918151
0.966948
1.020482
0.670782
0.952810
0.820147
0.965755
1.135153
0.945561
1.012257
1.028595
0.985478
0.905488
0.983158
0.862074
1.148820
1.043914
0.991889
0.995508
0.839112
0.887683
0.973166
0.858999
1.039684
1.043192
0.964156
0.961827
0.922511
1.042458
0.925932
1.049866
0.938161
0.981436
1.073302
1.050052
1.078658
0.831550
0.931616
0.942513
0.846987
0.912286
0.908054
1.049270
0.850689
0.887756
0.994387
1.023725
0.750727
1.054359
1.147218
0.858693
1.050759
0.867596
0.895472
1.053255
0.887664
1.012452
1.006112
0.985771
0.933702
0.968250
0.768386
0.965379
1.001037
1.033340
0.927234
0.948902
1.033119
0.949831
0.908623
1.075964
0.993937
1.115149
1.037724
0.757167
1.076187
0.892444
1.006160
0.991573
1.015413
1.041553
1.097639
0.815489
0.987638
1.031898
0.762700
0.702752
1.018009
0.965549
0.819840
0.993317
0.961461
0.912199
0.937446
1.020923
0.946124
0.894578
1.044954
0.980870
0.917087
0.901376
0.960014
1.062909
0.974972
0.957235
0.975188
0.842027
0.994409
1.057816
0.999426
1.148135
0.904823
1.008546
0.904751
0.807317
0.943237
0.986149
0.921676
1.070781
0.917712
1.004064
0.747521
0.999022
0.907257
1.044810
0.946854
0.938025
0.842128
0.899057
1.026021
0.901713
0.986670
0.900203
0.822995
0.987714
0.835325
0.883924
0.923592
0.864733
0.834024
1.013173
0.954089
1.013530
0.861152
0.723860
0.984942
0.979865
0.890223
0.917893
0.927678
0.973483
0.795774
1.042370
1.082083
1.178756
0.926687
0.988812
0.897209
1.036961
0.966735
0.911365
1.052712
1.106676
0.819292
0.919738
1.055478
1.080806
1.012323
0.889645
1.028255
0.970552
0.780373
0.583902
1.022391
0.850045
1.042318
1.018968
0.909434
1.086292
0.972540
0.952384
1.070282
0.933960
1.059942
0.900582
0.884345
0.882415
1.005347
0.841378
0.845859
0.938794
0.923328
0.799646
0.994392
0.973481
1.019798
0.953652
0.960476
1.014636
1.030024
1.033025
0.982174
0.936979
1.032891
1.085462
0.962255
1.016439
0.941372
0.916925
1.106166
0.967915
1.018140
0.940585
0.935408
1.091816
0.960877
0.984031
1.080588
0.916449
1.069174
1.120886
1.056663
0.869958
1.079981
0.963081
0.913291
0.883411
0.888282
0.940209
1.001283
1.072630
0.935575
1.139558
1.028616
0.810585
0.846078
1.129146
1.007790
0.879399
0.866753
0.981085
0.957020
0.743589
1.023861
1.045176
0.887634
0.976112
0.875574
0.876745
1.003565
0.819455
0.997276
0.920807
0.836092
0.881616
0.931672
0.981551
0.912132
1.077634
0.937179
1.051579
0.980917
0.822264
0.857676
0.942502
0.983772
0.919001
0.991757
0.959303
0.946622
0.973797
0.944318
0.972632
0.914919
0.961063
1.010877
0.969549
1.037356
0.887992
1.122284
1.022476
1.018671
0.959046
1.045840
0.991693
0.985795
0.967580
0.949963
0.903874
1.011963
1.133853
0.886229
0.724701
0.943141
1.091071
1.004960
0.956534
0.923245
0.944949
0.963468
0.962980
0.996452
0.882331
0.774410
0.938822
0.955077
0.978631
0.987532
0.811400
0.936572
1.062112
0.871262
0.928406
0.911946
1.116017
0.891915
1.089997
0.928674
0.889739
1.021208
1.097734
1.055815
1.028866
0.849690
0.792513
1.072914
0.968410
0.888999
0.987271
0.903019
0.947675
0.925798
0.919698
0.765719
0.796725
0.873593
0.957199
0.903880
0.957638
1.012236
1.062291
1.032611
0.973894
1.113070
0.730258
1.100294
0.793652
0.649946
0.893311
0.986966
0.785953
1.085025
0.951886
0.932884
1.129442
0.877114
1.048438
0.895245
0.969112
1.024830
0.801030
0.912999
0.904043
1.088086
0.943970
1.015526
0.996681
1.043292
1.030678
1.019006
1.000174
1.045161
0.828774
1.028408
0.909153
0.958550
0.883247
0.913089
0.920678
1.042072
0.788191
0.975518
1.155155
0.994362
0.873944
1.052360
1.077614
1.080521
0.839401
0.956338
1.020713
0.834483
0.970095
0.960159
0.961994
1.027126
0.938752
1.017964
0.989272
1.037321
0.872627
1.041161
1.126169
0.971494
0.880047
1.092539
1.006301
1.076013
0.975117
1.101513
0.951312
1.013141
1.049948
0.927072
0.985690
1.004495
0.835965
1.038436
1.009934
0.911006
1.028477
0.926063
0.892599
0.943649
0.938625
1.067398
0.770315
0.783398
0.991752
1.093727
0.957331
0.679770
1.061251
0.966933
1.140764
0.966618
0.925167
0.932222
0.980791
0.925745
1.048984
0.891175
0.943300
0.970426
0.965313
0.934126
0.696972
1.041662
0.984893
0.884705
1.068043
0.974264
1.038975
0.966608
0.980552
0.958061
1.035426
0.714918
0.819263
0.878980
1.055174
0.867604
0.939404
0.922878
0.753946
1.047461
0.872001
1.093053
0.950746
0.912765
0.907350
1.005366
1.047191
1.110692
0.747226
0.997340
1.034825
1.030031
1.036378
0.941758
1.015399
0.971841
0.915175
0.987257
1.055222
0.989155
1.022945
0.891172
0.952350
0.886064
1.123539
1.069882
0.966607
0.953926
0.983844
0.977266
1.084304
0.866420
1.008215
0.971357
0.730102
1.002678
0.949842
0.953245
0.665568
1.097962
0.644644
0.906414
0.821747
1.137093
1.104244
0.829837
0.781897
0.977183
0.881796
1.066043
0.993838
1.013339
0.743378
0.859373
0.849124
0.790309
1.002643
0.878934
0.913994
0.881844
1.011397
1.133154
0.962445
1.086916
1.052428
0.902042
0.884986
1.069812
1.010858
0.845253
1.020240
1.069184
0.835208
1.005406
0.982181
0.908702
0.956391
1.140638
0.825171
0.955400
0.908879
0.737247
0.922754
0.933544
0.941956
0.984476
0.998975
0.957453
0.966826
0.619036
1.045327
1.000331
1.064882
0.911334
0.954313
1.086214
0.990197
0.962777
1.011651
0.940451
0.977729
0.998318
1.081480
1.030511
1.006656
1.061381
1.066255
1.025667
0.971943
0.882094
0.845453
0.884139
1.011752
1.050792
1.140122
1.010478
0.928378
0.935940
1.040141
0.801082
1.118014
0.949930
0.593506
0.945619
0.947368
0.877479
0.967437
1.072712
0.926026
0.934869
0.822479
0.831990
0.909200
0.957261
1.008476
0.963310
0.927885
0.867649
0.805990
0.582234
1.011475
0.917982
0.906815
0.716614
1.036854
0.895869
1.047385
0.967693
1.013151
0.845061
0.929227
0.950614
0.919915
0.926517
0.980744
0.781446
0.929202
0.821953
0.975232
0.994320
1.002887
0.850460
1.094687
0.884370
0.995215
1.020260
1.001749
1.025196
0.946241
1.044965
0.981085
1.027213
1.069715
0.766028
1.059662
0.969912
0.937302
0.966237
0.841760
0.878916
1.129755
0.873260
0.815592
0.996701
1.040531
1.058826
0.980770
0.950949
0.848204
1.030879
1.026507
0.744638
0.900354
1.042028
1.017340
1.062745
0.983656
0.999554
0.848192
1.078260
0.956354
0.939574
0.792145
0.843696
0.933431
0.978674
0.989198
0.848152
1.023298
0.976013
0.837467
0.974271
0.941853
0.907354
1.061576
1.012746
1.063062
0.808194
0.882397
1.048456
0.964591
0.923392
0.913107
1.040893
0.915802
0.994732
0.923127
0.997253
0.862396
1.019684
0.894532
0.970154
1.028527
1.101783
1.009689
1.041932
1.017391
1.051889
0.993391
0.997255
0.914386
1.032960
0.753566
0.979064
1.095306
0.935259
0.945918
0.878739
1.107197
0.815928
1.087205
0.730736
1.056393
0.964885
0.872145
0.747843
1.043441
1.044371
0.956498
0.938994
0.959752
1.045132
0.951376
0.976224
0.989850
1.068047
0.964410
1.055054
1.029208
0.753204
0.772470
1.014149
0.958262
1.011604
1.055799
0.857583
0.904121
0.833859
0.949824
1.027926
1.042675
0.922672
0.847169
1.040051
0.847842
0.908796
1.091428
0.924953
0.969099
0.611039
0.928488
0.966956
0.910063
0.926752
0.960422
1.058543
0.989248
1.118893
0.929219
0.974927
1.022350
0.870994
1.045864
1.076644
0.830809
1.083463
0.852290
0.956434
1.005128
1.002208
0.948456
0.960781
0.872724
0.822483
1.006663
0.748607
0.867115
0.898305
1.071564
0.963715
0.915742
0.913735
1.071445
0.885773
0.970122
1.040068
0.938025
1.033527
1.031944
1.039963
0.916401
0.969478
1.026969
0.833501
0.944173
0.917834
0.790725
0.990592
0.963212
0.981255
0.780028
0.920489
1.022461
0.945416
0.951179
1.040239
0.997434
1.033676
0.973181
0.812093
1.001186
0.989428
0.827845
0.918680
0.954810
0.928181
0.933408
0.873753
0.981481
0.949909
0.931117
0.835395
1.063451
1.018303
1.098222
0.976950
0.858147
0.920496
1.047935
0.775563
1.116620
1.067543
1.021143
0.911078
0.935469
1.030915
0.981365
0.867248
1.039629
0.954679
1.070906
1.006819
1.002110
1.033564
0.988899
0.809245
0.765806
1.044319
1.061771
0.907672
0.965308
1.067590
0.976202
0.861469
0.859955
0.714246
1.019973
0.836879
0.822253
0.911179
1.061519
0.782409
1.014504
0.952302
1.095304
1.019877
0.967713
1.005641
0.857458
0.991074
0.985928
0.825556
0.994415
1.000256
0.958387
0.946156
1.006499
0.995743
0.992376
0.888642
1.047498
1.007458
1.006249
0.849403
0.966285
0.910852
0.893738
0.977084
1.027180
1.067030
0.979722
1.054864
1.090917
0.857146
1.037010
0.770149
1.033122
1.025957
0.843154
0.906816
0.964549
0.882975
1.013048
1.021372
0.794330
0.990063
0.797122
1.003715
0.983028
1.117818
1.009056
1.025095
0.899117
0.759410
0.988972
0.974592
0.859722
0.979392
0.980344
0.865593
1.001150
0.960432
0.988114
1.038044
0.997250
1.069281
0.742174
0.797624
0.828668
1.021457
0.899701
1.019146
0.992873
1.009114
0.989265
0.919559
1.058213
0.981859
0.840969
1.012745
0.906479
0.755233
0.795303
1.042396
1.038484
0.865675
0.815565
0.869286
0.705456
0.875096
0.903023
1.063791
0.786194
1.042067
0.991997
1.042359
0.841253
0.813766
0.706563
1.013874
1.096982
1.083109
0.954201
1.013863
0.973335
1.009919
1.013103
0.690203
0.965316
0.903823
1.026953
1.073215
0.910160
1.003200
0.782538
0.840069
0.952122
0.939081
0.854148
1.034148
0.962301
1.020946
1.021914
1.060021
0.939614
0.998887
0.899320
0.948102
1.024022
0.765856
1.001550
1.005587
0.925415
1.011911
0.958396
1.020351
0.911062
0.998684
0.816169
0.945447
0.821707
0.995976
0.964788
1.081784
0.989174
0.946850
0.940284
0.812988
0.878220
0.739547
0.822830
1.020835
0.952772
1.078656
1.005078
0.996696
1.042573
0.999792
1.059001
0.885299
1.010046
0.981599
0.958903
0.914179
1.065382
0.971243
0.709732
1.070661
1.086635
0.878119
1.043646
0.842349
0.918250
0.993501
0.981293
0.880946
0.933059
1.002935
1.052332
1.065602
0.968312
0.946291
0.936979
0.911054
0.989988
0.950282
0.952257
0.995828
0.911886
0.988741
0.920469
0.736953
1.089786
0.952118
1.034492
0.993746
0.898093
0.922821
1.037349
1.049930
0.971446
0.916750
1.073346
0.709176
0.980471
0.925129
0.966192
0.905104
0.977534
0.969793
0.934124
0.984713
0.915541
0.814241
1.122250
1.074590
0.787066
0.794384
1.020082
0.978469
0.988384
0.883341
0.808400
0.909322
1.061501
0.962122
1.035466
0.987277
0.905173
0.902830
1.032844
0.928212
0.926794
0.627975
1.052918
0.986028
0.955104
1.033358
0.952805
0.928190
0.904912
0.974575
1.036497
0.945058
1.117259
1.002873
1.032242
0.865582
1.081120
1.038785
0.957915
0.891772
1.047203
1.028491
1.090730
1.055990
0.939168
1.053310
0.918066
0.941609
0.807513
1.070805
1.020173
0.855234
0.947665
1.050002
0.935739
0.864906
0.973908
0.773150
0.933501
0.922304
1.014910
1.047530
0.949074
1.000734
1.120401
1.008966
0.988213
1.028177
1.150809
0.938003
0.966138
1.017704
1.137029
1.040214
0.976522
0.877621
1.048622
0.927796
0.950201
0.858712
0.969325
0.952337
1.013546
0.924457
0.959888
1.009183
0.977528
0.998721
0.878484
1.034906
0.980929
0.578396
0.895071
1.024618
1.007147
0.970578
0.958593
0.977234
0.822846
0.996574
0.972994
1.033391
1.072534
0.990656
0.868996
0.942178
0.970752
1.027366
1.135806
0.765411
1.059778
1.055823
0.974199
0.980680
1.014051
0.867616
1.018359
0.953766
0.766518
1.136060
0.939588
1.016612
0.957360
0.969238
1.002772
0.829753
0.878330
0.814264
0.990103
1.022384
1.047980
0.851283
0.868404
0.998785
0.917728
1.032377
0.782716
0.968254
1.076188
0.973634
0.899021
0.984861
0.925972
0.949372
1.065127
0.679539
0.955372
0.831822
0.883765
0.935048
0.961174
0.983683
1.098385
0.996190
0.874034
0.945479
1.060672
1.086628
1.050753
1.102490
0.735006
1.034708
1.129214
0.946029
0.928671
1.013894
1.034844
0.874376
1.042466
1.060346
1.013409
0.841038
1.022821
1.006546
0.969177
1.131873
0.953585
0.934043
0.763018
0.968269
1.084055
1.013989
0.887155
0.963261
1.003759
0.978345
0.917446
1.073445
1.009596
1.075201
0.947312
0.874131
1.081503
0.815732
0.957028
0.995278
1.011505
0.917314
1.001047
1.011201
0.982037
0.999442
0.908835
0.972127
1.013608
1.045855
0.906052
0.881359
0.964996
1.029493
1.066493
0.922102
0.898015
0.971350
0.969651
0.972105
1.036992
0.959108
0.838044
0.822093
0.972578
0.873114
0.912900
0.722743
0.991102
0.947437
1.034682
0.974833
0.951165
1.013665
0.990364
1.121172
0.796692
0.966397
1.010821
1.064355
0.897076
1.033390
0.906533
0.925114
0.883026
1.004958
0.855144
0.917852
0.989685
1.066910
0.934904
1.040909
0.915247
1.064506
0.964782
0.984730
1.016356
1.026224
0.847972
0.959830
1.022790
1.085426
0.992948
0.744753
0.914725
0.942407
0.986510
0.913343
0.980161
1.013355
0.988613
0.910089
0.925948
0.977563
0.971744
0.978851
1.042204
1.060895
0.930103
0.960584
1.004915
0.994136
1.079956
1.067642
0.876652
1.002976
0.943618
0.872651
1.020645
0.795492
1.200824
0.918597
1.046000
1.047614
0.933438
0.842914
1.064883
1.111828
0.940143
0.961122
0.973429
1.006571
1.003383
0.752393
1.036526
1.047785
0.960322
1.095212
0.934780
0.673459
1.029942
0.952321
0.747914
0.921194
0.916242
0.964105
0.924699
0.983712
0.802050
0.693470
1.065697
0.926641
0.967293
0.905321
0.977880
0.927255
0.791263
0.995596
0.964554
0.907667
1.028021
1.089272
0.982763
0.989986
0.993917
0.868577
1.127723
0.900354
1.048051
0.897062
0.926356
1.079580
0.896763
1.007652
1.008395
0.939777
0.855937
1.017714
0.885856
0.992685
1.096580
1.033224
1.033991
1.121078
0.935837
0.894635
0.915376
0.807264
1.018127
0.986707
0.947918
0.890739
0.702225
1.174337
1.005481
0.967337
0.809678
1.030340
0.981672
0.954356
0.893694
0.905306
0.846695
0.947999
0.972832
0.984016
1.072430
0.939237
0.856642
1.075648
0.799348
1.041815
0.836733
0.995461
0.854258
1.074172
1.116446
1.034841
0.972095
0.728948
0.936089
0.949984
0.882199
1.022762
1.000488
0.888535
0.987779
1.142501
0.864531
0.945457
1.019850
0.743538
1.076581
1.010932
0.926025
1.024442
1.045323
0.738514
0.837025
1.022305
1.047159
0.926192
0.989322
0.999560
0.956013
0.946662
0.758347
0.904100
1.010409
0.849122
0.982028
0.839424
0.781909
0.780931
0.836135
0.821646
0.897782
1.081272
1.056856
0.894517
1.011466
1.020264
0.915328
0.956277
1.085684
0.823463
0.854352
0.993716
0.934799
0.953180
1.064762
1.033848
1.023772
0.913524
1.069463
0.920830
1.019281
0.960421
1.029435
1.097463
1.010963
0.835566
0.860085
1.028225
0.915673
0.934701
0.901211
0.736772
1.052672
1.048809
1.075727
0.934456
1.049095
0.980027
1.022206
1.017981
0.886362
0.849596
1.033838
0.906915
0.840042
1.031295
0.794305
1.005976
1.077058
0.802110
1.001912
0.987938
1.043703
1.104185
0.988479
0.995728
0.898028
0.964451
0.920432
1.011849
0.962042
1.095046
0.881847
0.974890
1.035566
1.000600
0.867503
1.043912
0.961866
1.127241
0.950076
0.811911
0.984984
0.962419
1.079688
0.939614
0.946720
0.937405
1.021535
1.033986
0.974934
0.888857
1.113428
0.829411
0.820877
1.095666
1.021129
0.795538
0.928598
0.930254
0.869968
0.865420
0.964963
1.046030
1.099405
0.998619
1.074043
0.922083
1.016800
1.025000
1.013023
1.051948
0.932609
0.778255
1.006334
0.895277
1.022452
0.912832
0.860217
1.045376
0.865908
1.022413
0.885260
1.094210
0.923473
0.941611
1.098841
0.621506
1.092428
1.081163
1.024490
0.947615
1.033640
1.075413
1.091930
1.053298
1.056643
0.995925
0.895790
0.902837
0.823450
0.911492
1.040429
0.864578
1.005048
0.916660
0.920556
0.958459
1.039132
0.904221
0.961979
1.014116
1.089850
1.119279
1.080332
0.828187
1.002587
1.067982
0.922601
0.933530
0.972216
1.118351
1.079047
1.047156
1.034757
1.134305
0.969593
0.881760
0.926614
0.861536
0.919904
0.930867
0.707483
1.051864
0.997750
1.036509
1.014915
0.916128
1.051230
1.032396
0.871918
1.050037
0.959371
0.931107
0.955641
1.047712
0.981755
0.964575
1.057369
1.001912
0.909588
0.671937
0.690530
0.954814
0.941830
0.932009
1.031606
1.058201
0.947262
0.919689
0.966833
1.030604
1.037208
0.946226
1.080408
0.998335
0.977687
1.104097
0.944648
1.076991
1.132140
0.994510
1.036354
0.709036
1.011174
1.020778
0.874648
1.003393
0.919879
0.899165
0.966286
0.998624
0.986454
0.920756
1.033213
0.776900
0.964562
1.009592
0.947915
0.901762
0.800003
0.938444
0.945421
1.004076
1.078766
0.919219
0.974374
0.916601
1.100767
1.060923
0.969152
1.011257
0.973183
0.981188
1.104984
0.817715
0.996020
0.987395
0.778774
0.978826
0.989505
1.038694
0.951144
1.084766
0.973187
1.005193
0.924356
1.052624
0.921653
1.099848
0.991850
1.059766
0.936081
1.043024
1.034962
1.070575
0.866263
1.061076
0.905140
0.849899
1.018987
1.015764
0.901664
0.921011
0.973050
1.038201
1.052195
0.914786
1.082450
1.016184
0.981236
1.014478
1.034958
1.075969
0.855141
1.011238
0.953423
0.698697
0.967413
0.931170
0.902601
1.021362
1.011294
0.844546
1.026341
1.022578
0.986811
1.044316
1.032758
0.912665
1.021745
1.020696
1.023850
0.843019
0.924186
1.069375
0.764677
0.877378
0.920360
0.841014
0.921752
1.086851
1.018325
1.059265
1.023061
1.056506
1.054891
0.903105
0.781003
0.893720
0.940811
1.037017
0.942542
1.033775
0.938138
0.952110
1.110737
1.094433
1.031062
0.930333
0.910066
1.051754
0.994618
0.967536
0.860450
0.923230
1.021273
1.062272
0.913029
1.055441
0.631319
0.984798
1.125668
0.943630
0.856197
0.847622
1.084752
0.999573
1.028157
0.870118
0.953576
0.917991
0.909118
0.801849
1.117437
0.878339
0.836167
1.051160
0.953212
0.902216
0.895983
0.865984
1.006323
1.021886
1.003794
0.954719
0.963022
0.964960
1.013344
1.024063
1.038039
0.895083
1.050157
0.820327
0.978416
0.989083
0.947758
0.887954
0.968050
0.913951
0.938917
0.760140
0.987248
0.911625
0.937414
0.984515
1.035635
0.970925
0.953317
0.919962
0.876351
1.000373
0.902206
0.980630
0.997396
1.059170
1.079763
0.961468
1.052086
0.970845
1.002052
0.934971
0.925113
0.707462
1.081188
1.068358
0.829031
1.003756
1.013106
0.869388
0.995732
0.876550
1.071681
0.954157
1.126172
1.113786
0.775627
0.956984
0.934680
0.976368
0.809711
0.939554
0.973283
0.975081
0.839526
0.958752
0.968652
0.709302
1.005197
1.065985
1.065828
0.947987
1.014908
0.857480
1.037986
0.892694
1.125723
0.987191
0.809729
0.844876
0.870936
1.014009
0.974767
1.036018
1.039978
0.947681
1.070117
0.972928
1.007499
0.992315
0.956851
1.065340
0.820575
0.757560
0.979670
1.041252
1.071035
0.818019
1.027436
1.068131
1.001748
1.141507
1.034481
0.954052
0.944329
0.704933
0.995136
1.009092
0.990853
0.920677
0.949614
0.754766
1.043919
0.862965
1.003106
1.101446
0.993957
0.969291
0.869701
1.032378
0.989497
0.897121
0.956754
0.822165
1.052913
1.001296
0.972266
1.004438
1.039783
0.968944
1.055781
0.962381
1.069591
0.930221
1.017170
0.806078
1.021294
1.097485
1.100478
1.025436
0.960197
0.889910
0.901745
0.968794
0.654406
0.976076
1.000962
1.051102
0.954416
1.071662
0.893762
1.025433
1.043152
0.927034
0.923282
1.089327
0.966784
0.817939
0.735165
0.928908
0.990327
1.030350
0.767900
0.802792
1.034417
0.831849
1.041395
0.860260
0.804616
0.922353
0.994584
1.012314
1.047990
1.069813
1.010483
1.019169
1.059975
0.995621
1.098514
1.020315
0.981901
1.067845
1.042474
0.948579
1.023932
1.016752
0.863769
0.924472
1.076044
0.979942
1.081936
1.035779
0.986421
1.047153
0.977377
1.035088
0.952284
0.998885
0.896189
0.927975
0.842963
1.138818
0.962503
1.107049
0.984839
0.920414
0.996739
0.827837
0.854831
0.849778
1.092875
1.060369
0.922031
0.991851
0.999936
0.831175
0.857397
0.817513
0.954870
1.101499
1.076338
0.964053
1.045633
1.007894
0.932403
0.872708
0.981579
1.032417
1.008339
0.714602
1.021778
1.017360
0.817719
1.008677
1.015113
1.040106
0.887138
0.968543
0.839562
1.106445
0.937166
1.059498
0.967314
1.003928
0.928406
0.866440
1.112778
0.969355
0.996503
1.013472
0.878078
0.960745
0.742261
0.976612
0.992356
0.740624
1.097542
0.917429
1.079872
0.973795
0.815708
1.014206
0.836318
1.079965
1.065996
0.879318
1.093664
0.955962
0.966812
0.858786
0.962537
1.070361
0.913116
0.762635
0.729775
1.073104
0.829136
1.038922
0.909779
1.092666
0.844837
1.007405
0.989507
1.083622
1.017541
0.979078
0.988017
0.957684
1.007269
0.937306
1.122690
0.833942
0.900084
1.048415
1.047600
1.045442
1.042989
1.103271
1.000246
1.032223
0.988235
0.804686
0.984059
1.009268
0.756874
0.989341
0.873373
0.900061
0.754802
1.020030
0.688993
0.920905
0.928621
1.088606
1.127070
0.993153
0.851478
0.791142
0.922780
0.970087
0.759459
0.811461
1.088245
1.019235
0.815514
1.066633
0.978198
0.902055
0.925310
0.922304
0.995926
0.912343
1.019053
0.977941
0.942109
0.916734
0.941160
0.977525
0.897870
0.945335
0.880932
0.958938
0.927618
1.015748
0.833748
1.079488
0.991481
1.036915
0.968337
1.034976
0.959101
0.991090
0.916187
1.070587
0.926477
0.904815
1.106370
0.945000
0.932882
0.913104
0.943778
1.118920
0.900836
0.946170
1.072476
0.934009
0.809548
1.060809
0.949253
0.740842
0.801484
0.853158
1.002542
0.831425
0.739640
1.067791
1.006358
1.040525
0.923449
0.882281
0.939501
0.958172
0.807353
0.913661
1.009153
0.789270
0.993061
1.061709
0.836896
0.943214
0.919703
1.059389
0.897026
0.939010
1.131766
0.939788
0.987520
0.992625
1.019563
0.782899
0.925344
1.102141
0.949198
0.895245
1.030513
0.945241
1.026269
1.081152
1.027242
0.787142
0.976110
0.797294
1.130661
0.731537
1.016349
1.031381
0.758192
1.039540
0.985148
1.005520
1.050508
0.940676
0.754474
0.987024
0.921070
0.783534
0.932539
0.904746
0.866307
1.010858
0.954466
1.010350
0.972013
0.885382
0.979332
0.795594
1.035546
0.824389
1.044808
1.053604
0.942025
0.798858
0.759550
0.817865
0.998970
0.794879
1.060765
1.069403
1.072605
0.903830
0.998342
0.945350
1.060599
0.996238
0.849342
1.114151
0.991610
0.892698
0.917679
0.879781
1.033685
1.000421
1.009099
1.082832
0.919805
0.965155
0.760693
0.989414
0.968622
1.086625
1.064045
1.067775
0.841600
1.070744
0.856886
1.041888
0.977283
1.042022
1.000667
0.937897
1.034307
1.049039
0.850937
1.019549
0.978925
0.976836
0.713204
1.001127
0.934593
0.895958
0.902772
1.057363
0.995424
0.831441
0.852273
0.876124
0.974191
0.903173
1.032292
0.969776
1.039135
0.923733
0.924866
0.970996
1.009054
1.033575
1.111114
0.998620
1.027390
0.803306
0.992734
0.992806
1.006253
0.951940
0.819502
0.981918
1.062875
0.796356
0.950723
0.914758
0.944634
1.032811
1.047440
0.945671
0.985458
0.979668
0.953727
0.888686
0.832216
0.832545
0.907059
0.992444
0.997268
1.091867
0.962969
0.943651
1.056689
1.065393
1.036344
1.000778
0.924313
0.959532
0.819667
1.007967
1.047541
0.791612
0.675108
0.887154
1.002607
1.010671
0.790183
0.699813
0.940929
0.965215
1.032997
1.086046
1.143932
1.019367
0.902348
1.004360
0.984045
1.064838
0.946024
1.026832
0.989379
0.908264
0.968568
0.878292
1.033582
1.039670
0.968459
0.966326
0.970860
1.020248
0.764514
0.918875
1.024393
0.921886
0.928405
0.891902
0.840763
0.852975
0.731938
1.002782
0.733806
0.906005
0.958785
0.977592
1.062283
0.946292
0.619971
0.990953
0.982660
0.974554
0.936194
0.982761
0.994277
0.967726
0.796269
0.966832
0.957394
1.007937
0.821004
0.874922
0.830213
1.045821
1.073851
1.051046
1.053420
0.971464
0.914639
0.964503
0.999957
1.064857
1.008011
0.870522
1.037170
1.089044
0.737308
0.889051
0.900129
0.941423
0.745938
0.766052
0.919505
0.904399
0.840300
0.865679
1.118144
0.979663
0.940398
1.013442
0.783260
0.888135
0.914007
0.992112
0.857372
0.980685
1.008024
0.994953
1.011933
0.774206
0.937671
0.834435
0.915399
0.998165
1.059493
0.980262
0.937122
1.035252
1.084870
1.003753
1.003374
0.964730
1.000047
1.127237
1.051647
0.968323
1.010787
0.886454
1.053184
1.065455
0.970664
0.936663
0.930860
0.770669
0.975371
0.965145
0.825243
0.994619
0.910475
0.963862
0.706134
0.957530
0.836962
1.058754
1.004802
0.890246
0.837151
0.994636
0.844482
0.764298
0.835021
0.913399
0.682061
1.067625
1.083822
0.950957
1.063932
1.007579
0.911722
0.900800
1.002758
0.908687
0.991070
1.045585
1.068514
0.965828
0.861694
1.028902
1.008322
0.693190
1.071260
0.931009
1.106677
0.813575
0.919095
1.034762
0.734997
0.864931
1.000748
1.097759
1.079867
0.944944
0.815931
0.950855
1.016677
1.029343
1.070058
0.894039
1.016864
0.804051
0.838548
0.892156
1.056101
0.934517
0.971898
1.074105
0.982032
0.948803
0.982045
0.985423
1.049439
0.945144
0.742143
1.014390
1.005785
1.012994
1.036186
0.999099
0.820963
0.874700
0.943440
0.978533
0.979699
1.115756
0.860443
1.009465
1.084182
0.707766
0.905563
0.990206
1.062348
0.937996
0.925861
0.907392
0.880463
1.016493
0.873357
0.898347
0.948033
0.880254
0.949084
0.792471
0.853425
1.029577
1.040241
0.861478
0.976215
0.924547
1.103271
0.978796
0.959728
0.812038
1.026935
0.990057
1.032322
1.050911
1.073351
1.081534
1.008253
0.902604
0.961506
1.028439
0.944543
0.900118
0.906576
1.057765
1.034146
1.017680
1.123404
0.909541
0.827551
0.970866
1.043934
0.930148
1.022582
1.096038
0.958296
1.074272
0.983407
0.957458
1.017827
0.817318
0.982557
1.019555
1.005552
0.941031
1.071098
0.997824
0.993202
1.006679
1.018316
1.115421
0.927620
0.809480
0.968651
1.019773
1.009745
0.804830
0.829368
0.796082
0.919270
1.078231
0.843364
0.957114
1.009350
0.958656
1.041060
0.903290
0.989814
1.063426
0.922138
1.055264
1.083021
0.945726
0.993335
0.905380
0.950344
0.919599
0.993616
1.051005
1.023984
1.000019
0.871234
0.925222
1.067128
0.978344
0.957451
1.079877
0.896808
0.985730
0.835563
1.111477
0.999954
0.984871
0.779926
1.096050
1.058913
0.815707
0.988625
1.014039
0.895407
1.032724
0.971587
0.776416
1.036720
1.016547
0.919760
0.890386
0.999207
1.070885
0.996930
0.917288
0.940977
0.908598
1.103808
1.093621
1.075098
1.009316
1.062009
1.041595
0.489220
0.995768
1.016860
1.009999
0.787949
1.088399
0.691731
1.058782
1.054808
0.976525
0.968128
0.943139
0.800791
0.727203
1.068215
0.789464
0.846679
0.865341
1.064841
0.952005
0.945610
0.930357
0.815702
0.772612
0.924194
1.000389
0.983067
0.962106
0.966624
0.998407
0.966324
1.072241
0.985615
0.936073
0.931316
1.055650
0.850472
0.949863
0.890270
0.927518
1.074106
1.065856
0.961555
1.077759
0.878222
0.983999
0.973960
1.092635
1.004629
0.732709
1.008112
1.062545
1.033200
0.902698
1.028570
0.960225
0.837936
0.903032
0.981690
1.061158
1.082531
0.907851
0.981175
0.780248
0.920596
0.950716
1.030725
1.102013
0.868834
1.040936
0.811057
0.899115
1.010619
0.890404
1.075144
0.849070
1.070481
0.955682
1.029525
1.076899
0.739358
1.152591
0.973366
0.878043
1.031728
0.835724
0.943913
0.876407
0.902270
0.958754
1.062569
0.815347
0.908464
0.919068
0.799042
0.816986
0.808245
0.713620
0.996425
0.990782
0.923377
0.981332
1.041349
0.878793
0.984867
0.960471
1.003018
0.858670
1.001153
1.046672
1.006881
1.014787
0.968801
0.935834
0.922330
0.830892
0.889572
1.072929
0.819313
0.919046
1.039068
0.941523
0.832756
0.871301
1.037846
0.724284
0.940670
0.895426
0.982380
0.983144
0.951030
0.776208
1.033057
0.970820
0.697610
1.099539
1.063347
0.961297
0.742817
1.017058
0.954611
0.928350
1.063176
1.059476
0.954283
1.029433
0.926266
1.048165
1.020403
0.947546
0.923906
1.044111
0.912334
0.947000
1.019116
0.905418
1.029934
0.976812
0.968474
0.878621
1.111089
1.043987
1.046568
0.915608
0.948896
0.983542
0.995931
0.944115
0.980581
1.029880
1.123690
0.907011
0.827221
1.045961
0.872706
1.028146
0.900007
0.830078
1.029626
1.070597
0.982121
0.827105
0.910666
0.954895
1.057751
0.870329
1.071763
1.005810
1.037191
0.996122
1.066380
0.955682
0.930015
1.106436
1.014680
0.888611
0.997743
1.098811
0.951039
1.041048
0.988044
0.976081
0.982378
1.002083
0.987399
1.029467
0.888161
1.027368
0.966766
0.955693
0.876873
0.886705
1.138485
0.991522
0.986423
0.816981
0.969922
0.956270
1.010094
0.903115
0.932357
1.022316
0.970804
0.927593
1.086802
0.752904
1.034666
0.995985
1.051090
0.993486
0.921551
0.961785
0.863873
0.929466
1.104345
0.942494
1.018311
0.918244
0.925419
0.949770
1.030138
1.038036
0.967857
1.060042
1.005023
0.670321
0.884355
0.745069
0.974172
0.883178
0.950079
0.974371
1.034606
0.832694
1.089502
