0.979654
0.982268
0.966078
0.998655
0.967762
0.981751
0.914444
1.012525
1.012437
0.968203
0.963293
0.961485
0.989931
0.990228
0.946623
0.979088
0.974433
1.010133
0.993574
0.985836
0.965656
1.016201
0.968002
0.977757
0.995240
0.988817
1.000786
0.997291
0.959768
0.967999
0.988230
1.011822
0.976373
0.989742
0.973427
0.988507
0.987244
0.976765
0.982306
1.015473
0.997672
1.001163
0.969876
1.000774
1.001575
1.031457
0.996256
1.015199
1.008991
0.995779
0.999366
1.005756
0.983271
1.003903
1.010528
0.981408
0.991672
0.980307
0.992365
0.962452
1.008147
0.920129
1.002769
0.995583
1.011854
1.004057
1.008448
0.990992
0.999284
0.923472
0.984591
0.970437
0.999381
0.991069
1.010062
0.972977
0.956265
0.954943
0.997477
1.023293
1.005402
1.006853
0.949014
0.960229
0.975481
1.011345
1.003800
1.006710
0.994471
1.019051
1.008189
0.994001
0.980507
0.969092
1.003810
0.992960
0.989864
0.990928
1.019196
0.992804
0.995276
0.969638
1.015975
0.995148
1.011071
0.917153
0.998547
1.001055
1.001076
0.999277
0.946626
0.974500
1.012989
1.011218
1.000019
0.971146
1.024661
1.014344
0.966666
0.962093
0.999806
1.000582
0.974708
0.989776
1.012048
1.010758
0.867539
1.006185
1.001361
0.999906
0.920244
0.985256
0.984728
1.002231
0.998381
0.996116
1.026025
0.998312
1.008978
0.932551
1.008871
0.995406
1.001260
0.974278
0.939517
1.007906
0.985854
0.984636
0.996564
1.002192
0.980244
0.929572
0.987135
0.989495
1.033795
1.003123
0.991062
1.014774
1.005166
1.018743
1.010447
1.006553
0.984253
0.986277
0.961750
0.989917
1.006717
1.003583
0.958136
0.980412
1.017060
0.978100
1.008809
0.973261
1.010541
1.011326
0.998343
0.982685
0.950961
0.977723
0.971521
1.005807
0.990751
1.014344
1.019185
0.969968
1.006364
1.024410
1.023618
0.993657
0.996031
1.003244
0.982637
0.958887
0.976246
0.978263
1.005492
1.009124
1.009136
1.011508
0.961668
1.022570
1.011373
0.957082
0.988498
0.994141
1.016183
1.013116
0.976380
0.998001
0.998154
1.006539
1.024931
0.988373
0.940916
0.981336
0.988690
1.016179
0.968851
0.983524
1.009172
1.013985
0.991340
0.979177
1.001828
0.995107
0.989307
0.966476
0.983661
1.022692
0.991740
0.963687
0.993789
0.983784
0.996452
0.997921
1.006791
0.990028
0.990302
1.022601
0.991414
1.007601
1.010984
0.994227
1.011013
1.023065
1.003016
0.980063
0.999773
1.023443
0.933595
1.002151
0.979677
0.990096
0.964525
0.956369
0.994857
1.004765
1.008655
0.986197
0.935070
0.989029
0.992762
1.013208
0.987785
0.927602
0.996036
1.003733
0.914354
0.985620
0.995482
1.019676
1.002265
0.986818
1.017697
1.004268
0.985013
1.006041
0.951208
0.985167
1.003987
1.019885
1.011152
0.982370
0.933989
0.923473
0.981072
0.978890
1.014645
1.001227
1.001182
0.904344
0.991510
0.980369
0.999061
1.028015
0.995602
1.004326
0.994150
1.028545
1.002946
1.004930
0.998548
0.991252
0.965066
1.013493
1.031914
1.018142
0.960106
0.962212
0.982965
0.949142
1.006522
1.012362
1.014825
0.997204
0.999664
0.947522
1.013806
0.987819
0.991037
0.993434
0.981282
1.018325
1.008649
1.004964
1.002165
0.981362
0.974185
0.988883
1.017342
1.027040
0.984899
0.976345
0.999560
1.014546
0.962559
1.007925
1.007930
1.003330
1.013906
0.967358
0.978708
1.004921
0.997842
0.980684
0.958068
1.009145
0.975865
0.939643
0.948919
0.989719
0.977245
0.999206
1.012875
0.986728
0.994567
0.990651
1.007916
1.013290
0.951884
1.007534
1.002942
0.992580
1.004235
1.004152
0.999797
0.994598
0.960618
0.981666
0.979207
1.003318
0.963847
1.015045
0.996635
0.987492
0.969839
1.007655
0.977503
0.981628
1.004628
1.010213
0.981366
1.004775
1.019420
0.969280
0.998980
1.006911
0.997657
0.999174
1.023791
0.982138
0.998409
0.995008
0.985393
0.979567
1.002211
1.016782
1.003802
0.997289
1.020129
0.992117
1.010460
1.002885
0.940557
0.973229
0.939257
0.986005
0.996196
1.019047
0.984348
1.024173
0.992291
0.955590
0.944691
0.993198
1.007683
0.983620
1.036612
0.980771
1.015737
0.943238
0.995994
0.971088
1.005799
0.980873
1.011915
0.851831
1.011006
0.985203
1.002918
0.953982
1.004162
1.035233
1.006105
0.865448
0.992651
0.974399
0.988237
0.997121
1.000099
0.978569
1.036718
0.958309
1.016092
1.029715
0.984303
0.979527
0.981779
1.000214
0.987302
0.930221
1.000593
0.980353
1.011821
0.968397
0.989358
0.993060
1.005337
1.008242
0.971679
1.007739
0.979299
0.964949
0.978164
0.980759
0.980939
1.001617
1.000228
0.986185
0.980634
0.970869
0.952379
0.996127
0.974557
0.996938
0.992652
0.994621
0.976968
0.973105
1.002591
0.982891
1.015338
0.987544
0.981564
0.993611
0.964766
0.992742
1.016882
0.978369
0.983234
0.943173
0.990589
0.988889
0.973493
0.964461
0.999366
1.015218
0.969465
0.955282
1.002597
0.962410
0.952551
1.001396
0.970727
0.994419
0.967883
1.011038
0.994381
1.004965
1.014527
1.003324
1.016774
0.971805
0.981765
0.994727
1.001743
0.980745
0.987532
0.987117
0.961205
0.959419
1.003111
1.012900
0.985070
0.980992
1.008936
0.977816
0.987596
0.989789
0.974576
0.981582
0.990896
0.998550
1.010845
0.993796
0.988823
1.016238
0.963127
0.974223
0.996680
0.984077
0.978313
0.960524
1.016416
1.002207
1.007155
0.954857
1.002355
1.022787
0.941619
0.974169
1.005166
0.986425
0.980815
0.985417
0.996775
1.021563
1.003940
0.940726
0.973301
1.019640
1.000390
0.972531
0.955016
0.959651
1.008445
0.966152
1.011734
0.943341
1.012701
1.006197
1.019441
0.965254
0.967680
1.005579
0.974490
1.007443
0.982141
0.975864
1.030908
0.973443
1.017428
0.977386
0.971569
0.999296
1.022517
0.938943
0.979401
1.002273
1.004525
1.003698
0.970711
1.015151
0.994935
1.013933
0.976827
1.030433
0.996893
1.011468
1.016501
0.991920
1.001050
1.008961
0.945986
1.003099
0.992589
1.001872
0.994444
0.996458
1.013736
1.016317
0.994703
1.001783
1.017818
0.962334
0.937096
1.021286
0.954671
0.978004
0.985237
0.979798
0.982201
1.005505
1.019726
0.991749
0.955180
1.002049
1.013667
1.009480
0.982985
0.976123
1.019100
1.000404
0.992358
0.991012
0.997072
1.001563
0.990767
1.002682
1.011602
0.937320
0.974490
1.008762
0.953372
1.006192
0.963124
1.003653
0.992849
1.006254
0.993270
0.966635
0.974743
0.997968
0.972894
0.970561
0.966435
0.970168
0.960068
0.958208
1.001301
0.945897
1.007720
1.004071
0.994018
1.009217
1.026369
0.979979
0.959285
0.991461
1.013631
0.981308
0.993919
1.023921
0.945344
0.992593
0.980193
0.959685
0.998575
1.006932
1.019173
1.019155
1.002910
0.997415
0.941431
1.003760
0.986310
0.932649
0.958043
0.992935
1.003420
1.033611
1.002783
1.010733
0.987587
1.017430
0.971014
1.014551
1.003717
0.982001
0.974698
0.990006
0.989149
0.980988
1.019043
1.023978
1.010521
0.975931
1.010195
1.015958
0.963521
1.014889
0.992993
0.973412
0.988481
1.018026
0.995383
0.956021
0.981484
1.002808
0.987427
0.988164
1.008975
0.959607
0.992025
0.999502
1.008712
0.981818
0.989772
0.987520
1.009449
0.975741
0.973440
0.984762
0.991672
0.981220
1.023393
0.988592
0.994332
0.987866
0.987816
0.985197
0.974378
0.993124
0.992347
0.954264
1.000110
1.015991
0.950870
1.011244
1.007196
0.975755
1.030040
1.007300
0.970555
1.001251
1.012922
0.963571
0.977727
0.991964
0.970055
0.987451
1.013997
0.984043
0.995727
0.980986
1.009367
0.950594
0.974820
0.961011
0.952675
0.924591
1.002974
0.988570
1.022457
0.979246
1.000335
1.006757
1.010051
0.964974
0.975151
1.003302
0.970994
1.006615
1.027847
0.990014
1.017169
1.006789
0.990831
1.000713
0.962451
0.968435
1.004200
1.020000
0.957335
0.982439
0.997378
0.979338
1.015003
0.978769
0.984419
1.009127
0.991866
0.983351
1.021305
0.994869
0.981739
0.966108
1.011791
0.960708
0.942241
0.951796
0.977311
0.989563
1.006687
1.022358
0.991329
1.018684
1.016494
0.990813
0.995899
0.985994
0.949315
1.013217
0.838408
1.006184
1.000344
0.984521
1.004289
0.977244
0.992446
0.999910
0.989546
0.981931
1.018367
0.995979
0.967839
1.006685
1.003862
0.986348
0.981905
0.976784
1.008854
1.006611
0.994988
0.995333
0.998625
0.988515
1.006607
0.997880
1.020983
0.987689
0.938398
0.979639
0.984677
0.992659
1.007128
0.882958
0.986109
1.012830
0.977428
1.006625
0.995672
0.952632
0.982484
0.995237
0.992877
0.988237
1.020328
1.001391
0.966107
1.006287
0.980874
1.016718
1.026002
1.003122
1.010063
1.000758
1.011742
1.008788
1.003861
1.005177
0.992640
0.966292
1.034110
0.953579
1.018309
1.020290
0.979698
0.993770
0.975958
0.974895
0.973248
0.985164
0.894530
0.992668
0.986503
0.965678
1.017646
0.963588
0.959958
0.993711
0.995071
1.001935
0.938075
0.993176
0.993034
0.984022
0.985928
0.968260
0.996692
1.004618
0.935785
0.996276
1.033681
0.986089
0.987043
1.006322
0.981642
1.022350
1.006143
1.008264
1.009355
0.950022
0.977138
1.004812
1.018029
1.004202
1.004493
0.975651
0.982077
1.023621
0.981896
1.004618
1.032831
0.995011
1.007530
0.935465
1.010454
0.989789
0.979397
0.987388
0.974937
0.984808
0.992572
0.966954
0.957748
0.965612
0.988175
0.967188
0.976368
1.013053
0.997616
0.992255
0.977547
1.015448
1.001739
0.992875
0.996956
0.975911
1.011839
0.982718
0.991230
0.998047
0.943558
0.977547
0.939528
0.989725
1.025813
1.023859
0.972026
0.993061
0.975658
0.971947
0.976436
1.004980
1.028574
1.002966
0.998299
1.011548
0.984365
0.995972
0.993366
1.002594
1.012483
1.008024
0.970700
1.000965
0.984844
0.989666
0.972386
0.964070
1.022706
0.988824
0.996650
0.991046
1.021415
0.998698
0.969186
0.998859
0.992842
1.010379
0.992059
1.026081
1.021732
1.005599
1.002266
0.979610
1.002059
1.031532
0.964162
1.012845
0.988552
0.981151
0.985937
0.992752
0.967266
0.997697
1.010592
1.008983
0.953195
1.015656
0.983864
0.945103
1.016675
0.966482
0.985352
0.994739
0.993392
0.988806
1.005618
0.984162
0.980319
1.003644
0.984675
1.011461
1.002451
0.969365
0.960451
0.956407
0.986201
0.998683
0.942819
0.952485
0.982404
1.017573
0.960592
0.989716
0.938791
1.006698
1.007662
1.017497
1.012790
0.995556
0.959758
1.018861
1.004167
1.000865
0.987466
0.992023
1.007494
0.994774
1.009710
0.997784
0.991458
0.942404
1.018312
1.015659
0.964329
0.967624
0.996885
0.994313
1.010539
0.988032
0.986079
1.008327
1.001563
1.002494
1.028114
1.004768
0.956144
0.999838
0.942676
1.013656
1.008581
0.983417
0.978989
1.025308
0.984210
1.004412
1.020939
1.023722
0.925268
0.996786
1.016587
0.986746
0.990465
1.011819
1.015656
0.996904
0.985721
1.023115
1.020632
1.014577
0.997142
0.995470
0.979537
1.002995
0.949629
0.997764
0.996607
1.013193
1.022441
0.937888
0.930979
0.970941
0.984857
1.019855
0.981979
0.972679
1.010069
0.982751
1.012499
0.996962
0.996475
0.992279
1.012005
0.998261
1.017070
0.949097
0.993270
0.976721
0.972142
1.036368
0.959016
0.993979
0.998608
1.014613
1.036720
0.993468
0.968715
0.968942
1.031861
0.977745
1.002280
0.919173
0.969676
1.012171
0.973312
0.969226
0.987336
0.971418
0.980991
0.992640
0.961135
1.019622
0.992975
0.987624
0.999952
0.988135
0.986391
1.012082
0.988210
0.999825
0.972216
1.001346
0.971461
1.007838
1.003473
0.992032
0.991075
1.000932
0.988001
0.964234
1.001882
0.952426
0.968290
0.964131
0.992822
0.950609
1.002078
1.024684
1.001635
1.008010
0.996320
0.977604
1.005250
0.994546
0.984332
0.979348
0.966931
0.969277
0.984299
0.997175
0.953772
0.944662
1.017873
0.981913
1.018301
1.013380
0.980425
1.011237
1.012143
1.001361
1.020217
0.993646
0.951730
0.996576
0.976529
1.006151
1.014574
1.018914
0.976293
1.016351
0.996935
1.013071
1.005074
1.005113
0.976164
0.927716
0.945591
0.991975
1.011626
1.000128
1.008332
1.004376
0.962699
1.001087
0.990968
1.001894
1.000582
1.019470
0.969389
0.986089
0.977538
0.996069
1.012921
0.982360
1.008365
0.980052
1.022386
0.969311
0.974409
0.991597
0.983308
0.949176
1.016513
0.990110
0.986926
1.012343
1.012475
1.004911
0.993035
1.002415
1.007622
0.958691
0.955935
0.975582
0.966345
1.003020
0.991437
1.019825
0.969186
0.987875
0.998675
0.958577
1.009651
1.005023
0.980671
0.976610
0.934402
0.972537
0.960707
0.992250
1.002985
0.984360
0.979791
0.958720
0.999255
1.000309
1.009933
1.003338
1.023030
1.029758
1.014602
1.011232
0.997086
0.985734
0.986117
0.997365
0.980845
0.988344
1.002729
0.988020
0.952534
1.003975
0.960804
0.970728
0.961400
0.984547
1.000528
1.009645
0.983667
0.994158
0.975942
0.996421
0.989488
1.016798
1.007044
1.020449
0.993722
0.989512
0.989844
1.002077
0.950043
0.967227
0.979562
0.995643
1.004617
0.965347
0.957406
1.017884
1.001296
1.010928
0.989917
1.019511
1.005242
1.013794
0.991760
1.010446
0.926113
1.018553
0.995909
0.999960
1.013440
0.979691
0.962096
0.978281
0.967536
1.011030
0.959818
0.977365
0.981478
1.018471
0.980478
1.009442
0.981366
1.001711
0.987242
1.016613
0.962083
0.985900
1.000180
0.994137
0.996828
1.020558
0.980040
0.995092
0.966227
1.011133
0.948961
0.987137
0.993505
1.002095
0.979423
1.008355
0.941544
0.983775
0.980066
0.993097
0.994849
0.978994
0.973059
0.996677
0.997238
0.989282
1.036246
0.910537
0.971169
0.984288
0.989300
0.992527
0.993811
0.938978
0.977649
0.996711
1.031105
0.986441
0.999968
0.988564
0.985735
0.984591
0.986103
0.989119
1.006641
0.977104
0.924383
1.010343
0.989296
1.010554
1.014932
0.979762
1.009662
1.018148
0.992585
0.969235
0.990406
0.962038
0.989281
0.991186
0.984219
0.980366
0.983346
1.003965
1.002061
0.946752
0.950045
0.996096
1.010229
0.974040
0.976991
0.974362
1.003036
1.006399
1.016271
1.001161
1.006032
1.020842
0.972056
1.001073
1.026168
1.004695
1.011268
1.007007
0.983582
0.959075
0.963227
1.007318
0.976873
0.990539
0.987050
0.990722
1.014431
1.013288
0.994641
1.027750
0.963053
0.992959
0.945681
1.005956
1.022026
0.977206
1.001045
0.947930
0.960740
0.987870
0.988107
0.964243
1.014158
0.992680
0.997481
0.985629
0.983233
1.004132
0.998394
1.011538
0.960914
0.953411
0.967975
1.000942
0.994831
0.991786
0.985884
1.008954
1.002357
0.939481
1.005279
1.004894
0.964613
0.981592
0.961049
0.991333
1.016563
1.017806
0.991399
0.997328
0.990025
1.025433
0.955053
0.989223
0.966079
1.010508
1.009246
1.009222
0.970118
1.003260
0.975032
1.008754
0.995645
1.002174
0.977446
0.939750
1.016363
1.011499
0.984096
1.021842
0.922604
0.999274
0.994764
1.015591
0.993796
0.992091
1.006261
0.948869
0.978905
0.991915
0.998700
0.997241
0.979152
0.971221
1.015790
0.981069
1.018401
1.013276
0.957272
0.967407
0.930510
0.974040
0.979183
0.982586
0.993994
0.970563
0.999158
1.014191
1.013289
0.998148
1.001418
0.990789
0.990218
0.997954
0.988076
1.006857
0.955406
0.990372
0.998179
1.005289
1.001429
0.953735
0.960511
1.015644
1.008014
1.006886
1.009341
1.003190
1.004422
1.006321
0.985003
0.975208
0.995808
0.995432
1.013165
1.012825
0.997147
1.010230
0.994353
0.999909
1.005707
1.002157
0.998224
0.969273
0.999811
0.991160
1.000252
0.990015
0.948901
1.005816
1.011099
1.001657
1.006617
0.970399
1.002258
0.984767
0.983592
1.014025
0.999329
0.962469
1.018148
0.992416
0.969321
0.983648
1.006279
1.027137
0.991907
1.012012
1.017139
1.029103
0.974963
0.975367
0.982023
0.987881
0.997970
0.980148
0.956117
0.992522
0.992580
0.997381
0.984996
0.993446
1.004080
1.000872
0.988458
1.000660
0.906605
1.005288
1.014414
1.005086
0.970152
0.953862
0.999530
0.984698
0.981637
0.968623
0.977384
1.007165
0.992533
0.984158
1.027621
0.997607
0.941246
0.991868
0.987487
0.994184
0.999336
1.017671
1.002914
1.009605
1.010818
1.010913
1.001921
0.998001
0.996899
1.001895
1.008241
0.943821
0.985378
0.974636
0.999916
0.950298
1.008593
1.017424
0.974358
0.979783
0.977475
0.953557
1.013628
0.979257
0.995758
1.000165
1.020613
1.003957
0.982263
1.010925
1.004359
0.981859
1.006817
0.950450
0.980423
1.020008
1.016072
1.001307
0.959998
0.963803
0.994246
1.016562
1.013258
0.989519
0.997630
0.998154
0.996554
1.020361
1.005485
1.008096
0.994302
1.005096
1.017658
1.016460
1.006666
1.012116
0.989167
0.988004
1.010513
0.969331
1.024862
0.936588
1.029855
0.992682
0.976751
1.000531
1.006930
1.004954
0.902942
0.995092
0.927452
1.023541
0.984570
1.012563
1.014344
1.010280
0.981239
1.006798
0.996705
0.965187
0.991411
0.991511
0.960809
1.004669
0.992836
0.952276
1.004387
0.966001
0.961270
0.987059
1.001419
1.005876
0.974015
1.019249
1.013428
1.004074
1.022208
1.029889
1.014448
1.022896
0.977898
0.983721
0.981323
0.944370
1.004884
0.969626
0.998268
0.996084
1.004599
0.998045
1.005643
0.932516
0.931115
0.980614
1.016089
0.994254
1.031744
1.003478
0.957133
0.969382
0.987997
1.006477
0.942485
0.981338
1.009434
0.922306
0.938023
0.956783
0.987992
0.979808
1.010783
0.962267
0.957961
0.979285
0.960451
0.974539
0.998297
0.982906
0.992436
0.993092
1.005974
0.999112
1.002856
0.996617
1.009206
0.971577
1.015699
1.007143
0.890521
1.019168
1.023163
0.959940
0.992370
1.006455
0.968776
0.971786
0.968778
0.984566
1.008096
1.009672
0.951227
1.008435
0.989024
0.955850
0.981066
1.022124
0.955774
1.007064
0.999361
0.955336
1.004413
1.015091
0.989760
1.017955
1.004192
0.965339
0.957134
0.901217
0.980915
0.982003
1.006068
1.011950
1.009443
0.968442
1.003508
0.992097
0.943578
0.990484
0.998224
1.002620
1.014979
1.022583
0.933149
0.990195
0.986785
1.007578
0.972726
1.016519
1.019559
0.985669
0.980917
0.982734
0.996393
0.991889
1.025582
0.991490
1.013845
1.031534
0.981005
0.987311
0.938552
1.002446
0.979693
0.936029
0.971905
0.990586
0.975277
0.996925
1.007197
0.961234
1.002055
0.998162
1.007254
0.991306
1.006771
1.004421
0.991474
0.960535
1.020423
0.922400
0.999286
1.017962
0.965682
1.000230
1.000769
1.014971
1.011338
0.998391
1.004492
0.994425
0.959728
1.002505
1.000748
1.017785
1.013376
0.998338
1.008479
0.966511
1.018037
1.022513
0.998203
0.968552
1.002877
0.966398
0.928497
0.999266
0.946069
1.008736
0.996532
0.992267
0.979004
1.021497
1.014776
0.984570
0.947493
1.000064
0.981199
1.013480
0.988836
0.992967
0.984994
0.987489
1.009440
0.955841
0.979920
0.985074
0.994067
0.958272
0.957680
0.963405
0.932958
0.995975
1.002054
0.987859
0.973957
1.013564
0.996446
0.996715
0.987062
1.011421
0.946559
0.967243
0.991832
0.943822
0.976330
0.992624
0.960625
0.987736
0.989743
0.979079
1.003770
1.017074
0.976158
0.946183
0.997969
0.995125
0.966940
0.998790
0.995311
0.960259
0.990756
0.968972
1.007859
1.017460
1.012611
0.984392
1.006958
0.962322
0.963462
0.981388
0.988911
1.005020
1.007504
1.012307
1.001131
0.986979
0.989058
0.961802
0.997953
0.988197
0.998205
0.978264
1.004609
1.021771
0.944876
1.008511
0.992534
1.026801
0.945798
1.015669
0.942840
0.992247
0.905519
0.967431
0.998252
1.004433
0.994890
0.968763
0.939211
0.969456
1.013121
1.004072
0.955488
0.966209
0.999919
1.017718
0.996895
0.956083
0.988315
1.015961
1.004141
0.988423
0.974136
1.005287
1.000974
0.994299
1.010943
0.960531
1.027872
0.976703
0.974471
0.964526
1.002996
0.988654
1.012498
1.003447
0.983661
0.992255
0.960698
1.006541
0.933043
0.995700
0.982838
1.013109
0.979455
0.985656
0.996556
1.007330
0.935143
0.965008
1.007880
0.998156
1.005899
0.989178
0.994597
0.986258
1.018448
1.011375
1.023211
0.978818
1.013008
0.984618
0.960800
0.977306
1.026475
0.988410
0.995486
1.012879
0.976012
0.982624
0.945049
0.996054
0.973868
0.919844
0.963775
1.006950
0.999892
0.980729
1.011939
0.977514
0.986233
1.013420
0.989825
0.985807
0.994427
0.970359
0.979984
0.997434
1.029341
0.966427
0.983785
1.007358
0.914821
0.988952
1.002502
0.980893
1.015688
1.016624
1.008691
0.999116
0.960900
1.022570
0.991299
1.023108
0.971459
0.974138
0.984947
1.010605
1.029197
1.001785
1.006754
0.982512
0.966380
0.986470
0.933555
0.977881
0.997449
1.001212
0.967816
0.969385
0.977863
0.974217
0.963968
0.964490
0.967237
0.940466
1.018957
1.013046
0.991790
1.016366
1.004946
0.988313
0.994423
1.006525
0.979789
0.987494
0.980315
0.999991
1.003430
0.992551
0.998356
0.981059
1.012314
0.997823
0.978008
1.006923
1.024228
1.004485
1.005966
0.985081
0.960653
0.991885
1.008749
1.006541
0.984445
0.998558
1.008163
0.982473
1.002524
0.987065
0.976824
1.000631
0.945440
1.007958
0.978809
0.996903
0.920221
0.973105
0.937349
0.974153
1.006735
1.002656
1.008327
0.962797
0.924484
0.998254
1.031872
0.947948
0.922171
0.964839
0.996296
1.024676
0.972821
0.971607
0.934426
0.988941
1.008326
0.996133
0.992077
0.968027
1.001145
1.018632
0.965557
0.975219
0.973336
1.012890
1.014012
0.976459
1.006898
1.023220
1.015413
0.946140
1.016443
1.030908
0.996199
0.998621
0.982052
1.021945
0.996700
0.996073
1.010941
0.962959
0.999989
0.956532
0.981914
0.982355
0.969065
0.953449
0.988628
1.002964
1.014270
1.002697
1.007416
0.983540
0.980715
0.990015
0.977000
1.013765
0.989266
1.000842
1.011290
0.981348
1.003235
0.948665
1.008992
0.977452
1.005947
0.990260
0.955620
1.013112
0.957673
0.967238
0.991313
0.987186
0.977102
1.014674
0.999401
1.023021
0.978532
1.003367
0.988035
0.922950
0.999546
0.993936
0.968419
1.000461
0.984455
1.012991
0.969882
0.985295
1.018534
0.956360
0.973557
0.981664
1.004978
1.001427
0.971117
1.003416
0.971297
1.009115
1.010451
0.992496
1.022369
1.028780
0.997421
1.017415
0.995004
0.987969
1.005286
0.972309
0.972131
1.001623
0.985203
0.954360
1.012077
0.963669
0.995011
0.997376
0.973804
0.959354
0.986682
0.981096
0.947783
0.958119
1.006699
0.965616
0.882578
0.973212
0.997715
0.988764
0.983183
0.981725
1.001684
0.986441
1.009639
0.881364
0.993394
1.003945
1.009549
0.984334
0.975815
0.986655
0.946661
1.006918
0.980438
0.990421
0.974429
1.001034
1.005669
1.027257
0.973267
0.998461
1.016804
0.991871
0.989562
0.988246
0.986647
0.988890
0.988313
1.017855
1.010328
1.000171
1.015875
1.007959
1.001491
1.015699
0.995747
0.977278
0.990260
1.011422
0.948265
0.957844
0.966983
0.987588
1.004619
1.004733
0.980393
0.990140
0.994721
0.966515
0.980479
0.999169
0.977586
1.009948
0.990601
0.990336
1.023896
1.013884
1.008040
1.004856
0.975878
1.010622
0.925573
0.945076
1.007463
1.001700
0.999824
0.921072
1.008548
0.999830
0.996030
0.973106
0.994679
0.969711
1.011253
0.962786
0.978966
1.018523
0.998887
1.001824
0.976804
1.001322
0.973786
1.013940
0.992653
0.970917
0.980962
0.987934
1.009961
1.002065
0.976040
1.007050
1.000477
1.001264
1.008940
1.002843
1.008929
0.975231
1.018739
1.002903
1.023578
0.973219
1.012643
0.995437
0.941793
1.004985
1.023074
0.970026
0.973865
1.014531
1.013400
1.001838
0.978318
0.991408
0.918217
0.993435
1.005161
0.986260
1.000149
0.966290
0.931817
0.942415
0.953833
1.012850
0.940898
0.994308
0.993665
1.002122
0.975865
0.954459
1.009089
0.995852
0.997173
0.987169
0.948904
1.005226
1.013554
0.982397
1.024302
0.988236
1.024334
0.986591
0.985721
0.995499
1.003841
0.991991
0.985462
0.968855
0.983741
1.013013
1.005274
0.999316
1.015322
0.990509
1.017003
0.993203
0.996333
0.990887
0.977639
0.996904
0.952975
0.975206
0.990400
0.993790
0.951377
0.999705
0.968458
0.972630
1.007791
0.997125
1.018158
0.981909
0.987787
1.003963
1.014772
0.947183
0.941125
0.986722
1.013494
0.967694
0.988126
0.980730
0.989314
1.004341
1.024347
0.969135
1.003110
0.998201
0.919278
0.973358
0.998791
0.983815
0.997926
0.995793
1.011686
1.002818
0.991238
0.966291
1.019771
0.989045
0.995952
1.014629
0.988637
0.958429
1.000207
0.941083
1.022079
1.016551
1.020305
1.000225
0.979547
0.984725
0.964678
0.993602
0.937600
0.978124
0.987102
1.003582
1.010244
0.990387
0.977089
0.974148
0.988983
0.983888
1.003586
0.983394
0.993534
0.987423
0.969158
0.934713
0.992840
0.995377
0.984222
1.006010
0.996995
0.993896
0.991471
0.977369
1.020635
0.998123
0.983711
1.003777
1.005606
1.014389
0.990210
0.946107
0.999187
1.036376
0.956895
0.998548
1.007432
0.981925
1.005619
0.953574
0.991664
1.014830
0.909446
0.956101
0.988483
1.003294
1.023954
0.992896
0.948632
0.970567
0.974171
1.018852
1.015409
1.003394
0.967661
0.990731
0.944926
0.971479
0.982880
1.023747
0.985619
0.929532
1.002976
1.006563
1.018186
1.012048
0.988798
0.973389
0.994602
0.992365
1.006822
0.995771
0.996235
0.996166
1.003114
0.962559
0.999156
1.003331
0.963121
0.992055
0.958709
0.992609
0.964800
0.971103
1.003552
1.005841
0.995693
0.977992
0.992895
0.998490
0.988565
0.963276
0.975382
1.021497
1.036586
0.964983
0.991018
1.005839
1.014777
0.998062
1.009472
1.013899
1.014054
1.009279
1.006393
0.957409
1.017132
1.006866
1.000786
0.971776
0.999602
1.009803
1.000092
1.018324
0.969524
1.000403
0.980179
1.001246
0.978991
1.017060
0.975266
1.003876
0.989514
1.008611
0.983983
1.018704
0.992608
1.002487
0.992535
0.958780
1.005858
0.999146
1.010374
1.012874
0.913414
0.999966
1.004648
0.976736
0.994703
0.993204
0.974967
0.968602
0.996426
1.008332
0.988803
0.994735
1.010880
1.013199
0.985703
0.989035
0.997748
1.012709
0.980626
0.989479
1.007715
0.966708
0.992522
1.021680
0.976553
0.970348
1.006017
0.975429
0.987614
1.001090
0.981413
0.965103
0.977109
0.991903
0.925707
1.026307
1.006723
1.030124
1.010374
0.986433
0.972602
0.994457
0.994791
0.993837
0.986077
1.014391
0.951291
0.949474
1.009042
0.988787
0.999098
0.944468
0.996949
1.045852
0.993975
0.975314
0.990166
1.008941
1.008093
1.012208
0.995028
0.962603
0.971366
1.010753
0.974318
1.024626
0.984007
0.998981
0.993271
0.989400
1.003551
1.024495
0.988416
0.993725
0.977489
1.002482
0.988787
1.015154
0.908495
0.906382
0.981581
0.991620
0.995761
0.998768
0.984456
1.002976
1.018403
1.005126
0.994332
0.990935
0.966177
1.005319
1.008837
0.948981
0.983009
0.983501
0.996224
1.003699
0.972755
1.014033
1.000469
1.000392
1.013079
0.976426
0.949423
0.985987
0.959449
0.982792
1.012962
1.017481
0.978080
1.016886
0.983833
0.993844
0.986638
0.988071
1.014326
0.949173
1.010623
0.996594
1.015969
0.997556
1.004088
0.974198
0.974323
1.004075
1.025273
0.975948
0.992085
1.009452
1.018455
0.894717
1.000597
1.003692
0.994919
0.959578
1.009017
1.020046
0.985951
1.019657
0.959168
0.961105
0.995014
1.019011
1.005046
0.985603
0.992609
0.958873
0.995919
1.027203
0.975007
0.993631
0.964921
1.019899
0.976290
1.013800
0.999780
0.992312
1.011903
1.004107
1.011130
0.981691
1.018784
0.961444
0.974067
1.002215
0.983598
0.982899
0.964979
1.006747
0.990330
0.996806
0.982737
0.965636
1.017411
0.987820
0.980742
0.930037
0.977346
0.988231
0.986138
0.965299
0.976383
0.929734
0.921177
1.012037
1.015634
0.966341
0.978225
1.006026
1.018017
0.984434
0.982368
1.006136
1.004746
0.992180
1.006694
0.997213
0.968020
0.967844
0.909970
0.947892
1.018632
0.996499
1.000544
0.991476
0.958779
0.969932
0.992595
0.992624
0.991763
1.011353
1.011199
1.012007
0.977673
1.000877
1.038984
0.935546
1.007449
0.996652
1.012123
1.000278
0.997978
0.985256
1.020351
1.001699
1.005485
1.014832
0.973719
1.012219
1.000621
1.001310
0.983558
0.977300
0.956235
0.993634
0.986389
0.979664
1.011246
0.916535
0.991179
1.003675
1.013767
0.963597
0.982380
0.957393
0.998668
0.996592
0.997790
0.978009
1.003425
0.980399
1.022717
0.959226
1.012241
0.987454
1.011445
0.978192
0.986047
0.989232
1.020268
1.006342
0.975163
0.996598
0.992796
0.991961
1.018112
0.995506
0.969015
0.951964
0.991263
0.994297
0.967727
1.022728
0.959020
0.934237
0.978761
1.007408
1.002575
1.008668
0.984842
0.941641
0.998164
0.997778
1.005669
0.995128
0.999551
0.976980
0.976743
0.982101
1.006679
0.986169
0.965252
1.014773
0.992927
0.967212
0.952306
0.969189
0.991468
0.961783
0.990783
0.954460
0.998052
0.972522
0.976088
0.996753
0.970841
0.973801
0.996118
1.018531
1.003412
0.998949
1.000853
1.028011
1.006664
1.002092
0.971503
0.985421
0.956348
0.999156
0.985313
0.998126
0.965579
0.977314
1.010297
1.013689
1.008028
0.998626
0.958742
0.990604
0.991211
0.993133
0.963202
0.964379
0.987483
1.005451
1.001085
1.009360
0.989923
0.979372
1.015540
1.014301
0.998259
0.976145
0.998645
0.977145
1.021474
1.002802
0.973861
0.981208
1.011839
1.000721
0.969403
1.016869
1.012339
0.999176
1.000476
0.997492
0.989811
0.998618
0.990930
0.949143
0.974209
0.965773
0.999368
0.959282
0.977769
0.993016
0.982128
1.009986
0.988263
1.009598
1.011212
0.952842
1.016975
1.003883
0.938607
0.985826
0.988313
1.002993
0.977919
0.989676
0.996700
0.993094
1.010914
0.992140
0.989512
0.993840
0.985739
1.014594
0.912057
0.993543
1.007726
1.021862
0.977416
1.007888
0.998370
1.010308
1.009344
1.026123
1.022003
0.976692
0.976776
0.998379
1.002612
0.996570
0.977047
0.910902
1.008667
0.973309
1.019834
0.993981
1.002955
1.002500
0.969389
1.014357
0.973823
0.982750
0.998939
1.013659
0.923880
0.988601
1.001080
1.008495
0.990007
0.986229
0.992127
0.980990
0.991851
0.949705
0.993915
1.030661
0.991791
0.990721
1.019772
0.954051
1.012520
0.991188
0.945717
1.021303
1.010217
1.003709
0.983820
1.027890
0.997493
0.979269
0.998368
0.979987
0.985757
0.974749
0.987177
1.015412
0.986969
0.951368
0.979408
0.969097
0.980531
0.984327
0.986656
0.979751
0.994128
0.970533
0.991417
1.000622
1.004073
0.972645
1.006413
0.983758
0.990711
0.999107
1.017625
0.994722
1.003762
0.960320
0.998189
1.022146
1.007623
1.018030
0.988342
0.960885
0.999871
0.989491
0.986697
0.971103
0.980852
0.999036
0.998516
0.964121
0.981406
1.012033
0.980009
1.017184
0.994015
1.014985
0.977757
1.001458
0.991934
1.005705
0.980488
1.019103
1.001318
1.034286
0.978043
1.007435
1.004951
1.004711
0.996884
1.009536
0.990203
1.010943
0.995794
0.992148
1.014673
0.981420
0.968122
0.995272
1.006896
1.022192
1.004590
0.965196
1.023647
1.006650
0.978532
0.944609
1.003110
0.965238
0.981960
0.986730
0.985386
1.006278
1.012144
0.977443
0.990619
1.009311
0.993152
0.994909
1.025340
1.015167
0.988463
0.994516
0.962553
0.998105
1.004388
0.968937
1.016457
0.988307
0.983903
0.992511
0.998822
0.990420
0.985144
0.982831
1.003793
1.002078
1.022383
0.915975
0.991071
0.995679
0.984716
0.989066
0.992473
1.007446
0.967793
0.986981
1.004205
0.990337
0.995609
0.961516
1.003282
0.997685
0.990356
0.982412
0.992274
0.995766
0.980960
1.000657
1.021920
0.987151
0.969970
0.993023
0.993773
0.983384
0.996182
0.967920
1.010883
0.961121
0.991833
0.996657
0.998712
0.972629
1.011791
0.977521
1.002177
1.005834
1.018468
0.968345
0.986940
0.950628
0.991067
1.017096
0.977373
0.984093
0.997663
0.999403
0.999456
1.006627
0.988663
0.985107
0.977722
0.973590
0.995735
1.016735
0.997457
1.022280
1.003617
0.996215
1.021731
1.002887
0.998924
0.939470
1.020402
0.982751
0.998462
0.979251
0.975053
0.984046
0.962960
0.974336
0.978033
0.999667
0.995153
1.018955
0.986466
1.006323
1.004080
0.982947
1.006390
1.000210
0.974740
0.986121
0.972037
1.001342
1.008805
1.005029
1.011465
1.027450
1.028806
0.989294
0.954802
0.957765
1.007326
0.925515
0.991843
1.007173
0.995955
0.995275
0.958393
0.986696
1.014046
1.010289
1.016339
0.998751
0.999807
0.963369
1.019452
0.986336
1.005649
0.871269
0.998667
0.940802
1.006177
0.999047
1.006877
0.932798
0.993364
0.984364
1.024442
1.004675
0.982271
0.996851
1.011851
0.973889
0.965630
0.989792
1.010658
1.022379
1.020697
0.981795
1.033419
1.008770
1.014040
1.001765
1.004258
1.026131
0.998203
0.986472
0.994599
0.967385
1.020430
1.001366
0.959806
1.018768
0.970460
0.965972
0.979808
0.983971
0.940037
1.020129
0.995096
1.021268
0.989717
1.025073
1.005092
0.988426
0.993388
1.024765
0.992395
1.016507
1.015311
1.015177
1.022523
0.992498
0.968818
0.963615
0.974442
1.018902
0.997541
1.009777
0.977606
0.958549
1.016076
0.978781
1.013229
0.982916
1.017671
0.985292
1.002195
0.985403
1.017725
0.951618
0.980470
0.977236
1.008227
0.998266
1.024620
1.000199
1.008995
1.018303
1.005372
0.965913
0.987791
0.998475
1.022548
1.032910
0.975166
0.979373
1.006188
1.003320
0.995233
1.015358
1.019744
0.958823
0.991241
1.022230
0.971369
0.988403
0.973572
1.007945
0.945158
1.009202
0.980433
0.993605
0.942858
0.968100
0.968865
0.958296
0.989433
0.998599
0.951695
1.003808
1.015957
0.988962
0.989055
0.966729
1.005193
1.012852
0.976447
1.021631
0.990635
0.982649
0.990778
1.009324
0.977602
0.990214
1.036305
0.995263
0.993840
0.942987
1.023966
0.991064
1.007572
1.007867
0.986675
1.001095
0.980473
0.934829
0.989499
0.940772
0.981590
0.960549
0.968130
0.988344
1.009561
0.989445
1.004507
0.990540
1.005824
1.003155
0.993238
0.976965
1.011078
1.019356
1.013561
1.002080
0.939505
1.019951
1.014120
0.993452
0.995511
0.978807
0.954188
1.009376
0.995300
0.985422
0.991226
1.011518
0.957089
0.989502
0.996670
0.993084
0.999919
0.997419
1.008396
0.990356
0.999861
1.018894
1.024100
0.989676
0.960515
0.991516
1.002224
0.996461
0.935344
1.004686
1.001097
0.960517
0.976357
0.968840
0.992983
1.003912
1.020869
1.034551
1.015556
0.978495
1.011325
0.994035
0.998403
1.001729
1.021058
0.967840
1.012005
1.001333
0.997588
0.972434
0.969449
0.954465
0.990805
0.998081
0.954358
0.987843
0.975759
0.967245
0.994826
1.014574
0.986607
0.995139
0.995840
0.986803
0.977327
0.969358
0.989591
0.978696
0.973645
1.020328
0.993510
0.995751
1.007694
0.970762
0.946994
0.992388
1.042031
0.928731
0.972892
0.998352
1.010679
0.964281
1.022835
1.006943
0.943659
1.002905
0.959199
1.018296
0.976881
0.780863
0.994261
0.936729
0.994146
1.007302
1.022967
1.015211
0.994261
0.976328
0.996375
0.990023
0.983325
0.949737
0.986861
0.980498
1.008334
0.999779
0.961565
0.958085
1.004895
1.015095
0.985981
1.000467
1.038565
1.003376
0.977806
0.955272
1.012193
0.959679
0.979355
0.969495
0.962572
0.932910
0.998058
1.004817
0.982025
1.008476
1.004046
1.002256
0.982917
1.005081
0.978367
1.030399
1.006172
0.987396
1.010454
1.011600
0.997366
0.998662
0.993369
1.014039
1.007904
1.011384
1.019841
1.013827
0.969322
0.956999
1.013429
0.954614
0.963829
0.985095
1.021998
0.979756
1.013185
1.025918
1.015171
1.014665
0.996104
0.985971
0.985457
0.981078
0.964865
0.947556
0.943289
0.942066
0.988691
1.013172
0.997888
1.008449
0.945651
0.969207
0.989538
0.977356
0.996470
0.965366
1.002455
0.997187
1.028053
0.988000
0.963251
0.996849
0.999466
1.007200
1.006173
0.996898
0.992495
0.979147
1.012244
1.012774
0.993117
0.991784
0.983437
1.002905
1.023530
1.022283
1.008024
0.979902
0.991129
1.005187
1.019218
1.017066
0.994797
0.971795
1.015382
1.007095
0.965887
0.987393
1.005269
0.966680
