0.535860
1.661489
0.783490
0.401960
1.057701
0.294391
0.833855
1.415371
1.932471
0.396461
0.704575
1.053773
1.000233
0.749908
1.066642
0.192119
1.183042
1.721084
0.526151
0.640362
1.161111
1.025199
0.583551
1.016945
2.153886
1.242027
0.427631
0.411616
0.493745
1.460782
0.451110
0.684812
0.418527
0.067534
1.218437
0.525059
1.065857
0.738451
0.953023
0.729178
0.947429
0.721656
0.703443
1.443342
1.515277
1.437594
1.146454
0.983812
0.974894
1.373378
1.321846
0.815606
0.840344
1.287948
0.563007
0.641474
0.204055
0.595629
1.478067
0.327063
0.583099
1.527087
0.456023
0.380077
0.448327
0.651943
1.397970
2.120106
0.999228
2.034513
1.081037
0.774092
0.585939
1.263245
0.988825
0.790806
1.394369
0.750932
0.519951
1.012957
0.826624
1.170969
0.799208
0.266422
0.296771
0.623922
0.480012
1.304178
0.182118
1.680680
2.342297
0.146530
0.038374
1.986301
0.550416
1.383250
1.393687
1.013779
0.090278
1.310808
1.715622
1.090672
0.772528
1.612488
0.870806
0.617530
2.508321
0.481794
0.572298
0.685500
0.729974
0.871006
1.594641
0.646291
0.950954
0.639886
0.336845
1.507006
1.457758
1.321397
0.694234
0.899326
0.767322
1.855683
1.154706
0.297341
0.407220
0.799383
1.403234
0.640922
1.489147
1.357119
0.325812
0.553205
0.634396
1.129744
1.512843
0.445047
0.546225
0.545423
1.157077
0.712968
0.327972
0.831941
0.749205
0.557301
0.362656
1.061635
0.598078
0.376379
0.198067
0.603962
0.590869
1.416223
0.672467
0.141730
0.601559
0.781040
1.045003
0.798768
0.865461
0.631401
0.680398
0.488121
1.188145
1.210900
0.607982
1.151378
0.855509
0.423475
0.301034
0.380491
0.818709
0.176034
1.097928
0.089125
0.433546
0.365441
0.482382
0.645073
0.999277
1.482355
0.993283
1.196673
0.839178
0.522807
0.133646
0.211766
0.184243
0.246297
1.443823
0.217201
0.624045
0.382091
1.415874
1.392218
0.692721
1.946438
1.588192
0.713986
0.784219
0.509049
0.997755
0.346361
1.301967
1.247708
1.072224
1.701631
0.529759
0.880523
0.195136
1.687290
0.776139
1.211058
1.371670
1.287348
0.877839
1.679833
0.873284
1.301356
0.087589
2.069792
1.268062
0.610732
0.766329
0.407388
0.544640
0.818880
0.126348
1.127632
0.819167
0.725380
0.976764
0.464222
0.650780
1.083341
0.392869
0.149600
1.179461
0.771436
0.305078
0.638094
0.259747
0.430474
0.249003
0.457245
1.229505
0.181717
1.262947
0.688375
1.720734
0.185564
0.347070
0.897629
0.755841
0.406318
0.315009
0.132379
2.027139
0.950495
1.139260
0.521573
0.735749
1.320243
0.054133
1.022213
0.742875
1.277927
1.471164
0.957968
1.018213
0.277038
0.688292
0.744820
0.764262
0.576183
1.000104
1.163974
0.672322
0.970826
1.200012
0.648353
2.066902
0.140746
1.169494
0.352354
0.426925
0.135836
0.368075
0.366164
0.621927
0.419815
2.027548
1.646811
0.158951
0.100017
1.729675
0.474533
0.679162
1.318866
0.762149
0.700700
0.436113
0.864428
1.121224
1.532320
1.310447
0.753266
1.152711
0.747666
0.933115
1.140061
1.204655
0.156516
0.498284
1.410469
1.241263
1.044566
1.131274
0.731387
0.199728
0.639228
1.447952
0.936002
0.406528
1.215494
0.621517
0.340881
1.372707
0.151895
0.906362
0.832814
0.451649
1.107252
1.056928
1.728999
0.125194
1.251110
0.641407
0.130416
1.225657
0.511351
0.452105
0.445917
0.800292
1.365026
0.813690
0.621761
0.253817
0.810933
1.105542
1.455236
0.460547
0.684283
0.321683
0.814050
0.625495
0.546287
0.356836
1.286594
0.670618
0.531610
0.999067
1.874289
1.103625
0.940521
0.250044
0.648197
0.978185
1.308482
1.837384
0.365071
0.355729
0.819958
0.458476
1.592903
1.165664
0.862390
0.939377
0.341319
1.296579
1.083154
0.736247
0.302397
0.401320
0.417987
1.181572
0.211856
0.544969
1.121053
0.011220
0.534105
1.441117
1.698561
0.174186
0.550870
0.691495
1.425523
0.689136
0.413593
0.629706
0.345503
0.389297
0.595555
0.854333
0.985892
0.806084
0.376750
0.240581
0.831786
0.330375
0.955367
0.781069
0.707304
0.675117
0.633896
0.523163
0.540907
0.370273
1.134544
1.262415
0.807429
1.921944
0.693787
1.069089
0.520324
0.810699
0.645879
0.917296
0.649452
0.322131
1.044880
0.100286
0.636102
1.387055
0.486325
0.356670
0.928819
0.550155
1.495528
1.887952
0.309317
0.913749
1.030577
0.604276
0.185275
0.685154
0.819264
0.576268
0.807863
1.492058
0.176772
1.117490
1.129163
1.702606
1.498594
1.334792
1.936491
0.888857
0.759501
0.433659
1.024328
0.856246
1.071922
0.683146
0.349981
0.441752
1.043764
1.497473
1.522553
0.709530
0.321807
0.666720
0.987290
0.818936
1.003992
0.483746
1.058817
1.112645
1.028228
0.475446
0.364333
1.403782
1.346772
1.355127
1.466831
1.318996
0.335558
0.433070
1.237289
0.555740
2.151288
0.753945
0.665608
0.928056
0.809496
1.052558
0.480915
0.555364
0.352120
1.309440
1.463168
1.021903
0.679801
1.095554
0.997932
1.425523
1.450994
2.072373
1.155643
1.980672
1.377001
0.507599
0.649907
0.051658
1.159763
1.224301
0.234245
1.087588
0.232289
1.041330
0.279552
0.688095
0.776315
1.104285
0.172507
0.192966
0.192831
1.519837
1.537780
1.534819
0.948337
1.492017
0.506268
1.059204
0.953946
1.061839
1.565778
0.074402
0.240015
0.464339
1.493733
0.674649
1.746421
0.655879
0.793280
0.759181
1.506093
0.096425
1.229225
0.747185
1.310440
1.061159
1.561472
1.122039
0.503519
0.392192
0.551630
0.934230
1.223572
0.672778
0.810446
0.305827
1.559747
0.749879
0.881464
1.990706
1.400283
0.613212
1.907531
0.830467
1.191808
0.313125
0.680137
1.198672
1.009875
1.155725
1.157052
0.447599
0.403806
0.239371
1.752756
0.212294
2.106657
2.798515
1.486420
1.115581
1.333921
0.732212
0.369951
1.155301
0.318234
0.495126
0.339730
0.420858
0.497467
0.349193
0.602127
1.056088
0.715773
0.370438
2.106967
0.262076
0.297752
1.509820
0.472735
0.585933
0.821964
1.170727
0.333924
1.255357
0.981385
0.643333
0.675903
1.531293
0.766683
1.307148
1.931039
0.552267
0.283445
0.421566
0.556162
2.273695
1.682576
1.155773
1.285179
0.360971
1.133057
1.280660
1.586302
1.209334
0.147255
0.731696
1.161544
1.735099
1.273416
0.251338
1.342860
0.550743
0.774965
0.884960
0.188047
1.072578
0.255953
0.071081
0.735171
2.386661
0.876746
0.372685
1.535903
0.855956
1.180987
0.139033
1.452459
1.402707
0.173674
1.173311
0.455088
0.602027
0.435370
0.023712
0.481021
0.920178
0.992249
0.813539
0.666720
1.267916
0.462935
1.564362
0.509364
1.252913
1.783331
0.508517
0.586557
0.926403
1.827737
0.922801
0.594192
0.721817
1.155933
1.153569
0.620047
1.257726
1.253954
0.366561
0.593561
0.974591
0.537095
1.690338
0.506926
0.538820
1.061335
0.867387
0.472966
0.643074
0.230963
0.494364
0.972293
0.269160
0.827639
0.712298
0.358525
0.929134
0.791797
0.513576
0.187957
0.610494
1.891262
0.497772
1.514635
1.362694
1.075551
0.748610
0.048748
1.248278
0.979400
1.582569
0.865978
0.096663
1.285392
0.785485
0.565952
0.026374
0.587921
0.899454
0.652922
0.899059
1.442393
0.716361
0.801180
1.099361
0.559231
1.895429
0.744750
0.680354
1.045717
0.338832
1.437641
2.031148
0.965301
1.137764
0.675940
0.017625
1.000048
1.017941
0.486277
1.046025
2.095089
0.863802
1.043156
0.904644
0.180879
0.596155
0.687660
0.521633
0.352870
0.586156
0.266003
0.699188
1.253899
0.485921
2.151589
0.419922
1.163556
0.768756
0.146559
0.579224
0.989216
1.560910
0.414893
1.120508
1.567295
0.888084
0.595852
0.750411
0.465072
1.151611
0.845709
2.055911
0.597593
1.078779
0.711748
2.111939
0.342124
0.711297
0.355966
0.304182
0.817624
0.325077
0.663492
0.905202
1.536771
0.657678
0.753433
0.385597
0.479663
1.258074
0.222222
1.074203
0.404585
0.273607
0.408305
1.702490
1.177505
0.802335
0.408527
0.854248
0.694244
1.392708
1.370640
2.053575
0.585623
1.836396
1.165567
0.563064
0.409437
0.781875
0.509982
1.805865
1.400297
1.289161
0.137955
1.231992
1.496269
1.129254
1.119289
0.783714
0.229238
0.641925
1.388443
0.648953
0.874198
1.096955
0.678462
0.163394
2.361407
1.191910
1.033166
0.747942
1.202232
1.063412
0.408279
1.026258
1.491385
0.362015
2.005926
1.621865
0.622403
0.377558
1.442937
0.452833
1.062260
1.292203
0.951720
1.502038
0.605519
1.419246
0.680902
1.286721
0.404369
0.174087
0.426476
0.934174
1.049105
1.077104
1.314051
0.782854
1.456820
0.471520
1.980622
0.266172
0.406945
0.381893
0.372607
0.792402
0.470363
1.038306
0.917972
0.691945
0.777643
0.370377
1.125970
0.306402
1.711507
1.047207
1.049038
0.517731
0.672075
0.296308
0.335354
1.227214
0.772488
0.422346
1.036328
0.287762
0.963920
0.787794
0.120219
0.371793
0.483182
0.741684
0.139222
0.472761
0.507905
1.938445
0.905382
0.480225
0.846101
0.774444
0.771306
0.584320
0.621600
0.659425
0.671930
1.302519
1.620945
0.573232
0.695254
0.736828
0.462525
0.408260
0.884011
1.110900
0.501732
0.621898
0.664501
0.716403
1.935889
0.249691
0.788137
0.291607
0.819746
1.423325
1.457279
0.340712
1.230964
1.471795
1.325874
1.599861
0.539016
1.056407
0.259349
0.492521
0.732727
1.655570
1.883059
1.054810
0.660837
0.440207
1.867146
0.191736
0.872379
0.081604
0.939062
1.043143
0.298916
0.950455
0.736129
0.886823
1.184125
0.288840
0.610892
0.742026
1.123392
0.442922
1.981985
1.075749
1.057238
0.341933
1.212331
0.906831
0.959207
1.232922
1.393009
0.496032
1.165860
0.304067
0.253631
1.345468
1.173578
0.972449
0.850306
0.536737
1.588266
0.154240
2.324423
1.564021
1.782986
1.455059
0.559011
0.188901
0.487000
1.312582
1.556248
0.738700
0.989456
0.537481
1.510397
0.042115
1.444778
0.154181
0.136162
0.779637
0.417837
0.620537
1.412039
0.631434
0.364674
0.748815
1.650043
1.115021
1.377671
0.878035
0.665996
1.568518
0.315545
1.323031
0.982766
0.711714
1.144967
0.367192
0.819812
0.251238
0.085461
0.682978
0.610167
1.674222
1.320565
0.576027
0.985680
1.086320
1.570185
1.104389
0.404747
1.287556
1.208392
1.018254
1.083134
1.272845
0.613891
0.805757
0.664227
0.718313
0.520338
1.205978
1.810127
0.402229
1.661249
0.249910
0.625673
0.262561
0.553206
0.605667
0.481155
1.988018
1.242559
1.421369
0.105608
1.648271
0.782906
1.338514
0.512117
1.323647
1.065148
0.273132
0.756915
1.603807
0.214081
0.635343
1.767336
0.388984
1.222243
0.344620
1.377165
0.414411
1.040220
1.630709
1.874238
0.603668
0.795346
0.547928
1.822625
1.175600
0.657778
2.093624
0.925838
0.362786
0.391429
0.108155
1.105653
0.474158
0.993463
0.687886
0.872485
0.867827
0.807851
0.998129
0.697085
0.577367
0.868169
1.054744
0.774189
0.615425
0.668182
0.691385
1.679791
0.698128
0.991198
0.867793
1.694162
0.058725
0.342965
0.828061
0.793838
0.456013
0.760333
0.666425
0.660919
0.366749
0.843748
0.462721
1.020661
0.502796
0.889681
0.637442
1.398784
0.827665
0.828969
0.652476
2.213211
0.379663
0.329984
0.580243
0.865850
1.232716
0.396333
0.217108
0.817819
0.880701
0.534574
0.604015
0.913214
0.426605
0.609555
1.524616
0.669292
1.256984
0.627669
0.536496
0.633955
0.747965
1.766028
1.356526
0.579509
1.283688
0.829153
0.958336
0.838844
1.180058
0.069432
0.890563
0.592589
2.342902
0.523005
1.121759
2.410207
0.411324
1.045168
1.174883
0.973714
0.652226
1.783489
1.139032
0.882890
0.524776
1.325709
0.791066
0.262280
1.047543
0.782535
1.511619
0.909141
1.102891
1.517027
0.943972
1.304659
0.397121
0.242513
0.621486
1.199664
0.636327
0.830018
1.500922
1.587336
0.391540
0.664400
1.477761
0.431549
0.332877
0.469322
0.596890
1.113843
0.246470
1.133745
0.398635
1.145841
0.746793
1.237182
0.339943
1.191420
1.617103
0.866488
0.626793
1.796012
0.432262
1.737171
1.014086
1.539183
0.578803
0.987597
1.202877
0.719562
1.124072
0.453463
0.232946
1.274385
0.570695
0.571083
1.031983
0.919481
0.669966
0.626712
1.036801
1.284822
0.590839
0.699129
0.592093
1.118950
0.302225
0.479858
0.802310
1.191197
0.597620
1.417587
1.162500
0.550226
1.044748
0.556841
1.268005
1.035823
1.537313
0.698893
1.912715
0.128050
0.592723
0.176371
0.978205
1.417738
0.728883
0.246332
0.476574
1.330957
0.248076
1.056308
0.949513
1.234442
1.078355
0.138421
1.075107
1.251620
0.212028
1.095665
1.005830
1.335781
1.208984
0.485787
0.818293
0.599966
0.449798
1.262964
0.617693
0.425954
1.090223
1.365691
0.148510
0.275585
1.606502
0.288569
1.129506
0.396475
0.478448
0.840162
1.275690
0.751247
0.495305
0.681324
2.119077
0.365769
0.578416
0.171711
0.627703
1.998395
2.016376
0.616209
1.436418
0.764869
0.905736
1.002631
0.552780
1.878400
0.270977
0.966049
0.548691
0.920378
0.869969
1.138743
0.815455
0.573220
1.606973
0.644743
0.584045
1.425478
0.801631
1.326424
0.462804
0.662817
0.847660
0.125712
0.169691
1.638538
0.449699
1.331491
0.734275
1.570712
0.702925
1.778931
0.796100
0.447425
0.152568
1.231171
0.538490
1.833766
0.526317
0.690106
0.261285
0.769835
1.539314
1.216388
1.506454
1.684491
1.224219
1.661659
0.633284
0.754879
0.966765
1.198858
0.828973
1.555103
0.532849
0.460744
1.095843
0.459490
0.114704
1.586752
0.807882
0.809580
0.600956
1.314031
0.859938
1.998670
1.485838
0.718319
1.263797
1.450160
0.518466
0.220304
1.445243
1.159040
0.842915
0.063627
0.393803
0.936504
1.403096
0.599039
0.771746
0.943183
1.019650
0.965090
0.348207
0.276777
1.073743
0.923113
0.586129
0.636908
0.318807
0.281519
1.469150
1.873337
0.459818
0.936372
1.334949
0.756078
1.343623
0.281122
0.267935
0.187881
0.373667
0.961031
0.326650
1.448271
2.966626
0.702436
0.598464
1.077850
0.677723
0.287694
1.347179
0.853727
0.527112
1.042200
0.659337
2.066815
1.632154
1.041209
0.908521
0.316342
0.870134
0.509582
0.517712
0.545881
1.043042
1.081652
0.407552
0.406014
0.336262
1.164182
0.960081
1.252741
1.376235
0.768384
0.621653
1.169265
2.053431
0.539249
0.692650
1.416083
0.544336
0.674120
0.339024
1.023498
0.548771
0.970736
0.630516
0.785038
0.702753
0.722230
1.279851
0.728587
0.794952
1.071825
0.717992
1.766716
0.245313
0.320686
1.267152
0.958752
0.335026
0.698507
0.885375
0.456532
0.417931
0.823769
0.482352
0.598509
1.171201
1.198013
0.782803
1.626603
0.371013
0.531809
0.385477
2.105482
1.210863
0.508843
0.816169
1.072824
0.919094
1.826154
0.553690
0.354252
0.847217
0.143511
0.259930
0.135870
0.215110
0.327768
1.265877
0.148912
1.823171
1.128244
0.879180
0.805277
1.025086
0.968405
1.146522
0.543588
1.185847
0.214266
1.142178
0.236411
0.164901
0.080442
0.293849
1.804429
1.023054
0.268199
0.256326
1.623262
0.883731
0.364932
0.373265
0.869816
0.506413
0.363817
0.925626
1.197748
0.302053
0.548565
0.339265
1.870669
0.627378
0.298577
0.876504
0.725488
1.145634
0.848706
0.119169
0.765117
2.515611
0.820383
0.945528
0.688182
0.450091
1.325547
1.717889
0.540695
1.437086
0.740643
1.168239
1.832059
0.854999
0.872178
0.866136
1.030050
0.609244
1.170282
0.459673
0.181809
0.263403
0.573701
2.355088
0.921973
1.129667
1.316177
1.576584
1.065512
0.673023
1.503481
1.045458
1.026769
0.987737
0.581997
0.725793
1.936127
0.993011
0.247370
1.119330
1.019095
1.561370
1.169727
1.259102
0.554666
1.150310
1.835401
0.851291
0.762645
1.238388
0.414347
0.364242
0.959369
1.344484
0.684772
0.710307
0.404585
0.586642
0.624372
1.076110
0.252409
1.103250
1.136243
0.757911
1.515475
1.350405
0.870836
0.881903
0.736356
1.287693
0.666593
0.063431
0.722759
0.334156
1.204011
0.415688
0.975956
1.425085
1.356640
0.763875
0.898255
0.820902
0.577101
1.976668
1.267592
0.786773
0.208446
2.046956
1.526324
0.353779
0.289238
0.986048
0.258998
1.146274
0.133366
0.759281
0.671306
0.954948
1.361001
1.136036
1.543840
1.390110
0.394603
1.234177
1.713354
1.860746
0.780791
0.506163
1.179313
0.192411
1.012760
1.012680
0.382268
1.445993
0.121913
0.270813
0.884957
0.693678
0.834591
1.043600
0.733968
1.353164
0.629006
0.519575
0.710024
1.244253
0.680654
0.571170
1.272764
0.792563
0.520592
0.683277
0.815502
1.415497
1.734516
0.983673
1.176906
2.298527
1.023665
0.805244
0.555701
1.075558
1.446628
0.291484
0.850408
0.983260
2.020121
1.127132
0.099037
1.510329
1.063150
1.975054
0.902409
1.443550
0.412270
0.077948
1.919996
0.699828
0.111153
1.086765
1.180784
0.999154
0.151519
0.803652
0.816183
0.699755
0.684736
0.435598
1.304509
1.779087
0.991448
0.858277
0.546807
1.558876
0.240922
0.723781
1.611138
1.293615
0.773391
1.940237
1.951475
0.617059
0.933485
0.693539
0.697055
0.243409
0.825710
0.548547
0.812563
0.428406
1.187490
1.740272
0.699469
0.249316
0.679605
0.181595
1.035799
1.287800
0.806114
0.477286
2.034774
0.992283
0.654037
0.670287
0.914862
0.737801
1.198521
0.159987
0.310519
0.451969
0.227155
1.050815
0.783036
0.666088
0.472732
1.556480
0.993735
0.059435
1.775003
0.753975
1.076216
0.760881
1.018291
0.694828
0.672565
1.047243
0.809952
1.165385
0.587895
0.870209
1.256257
0.350247
1.402350
0.332710
1.799948
0.298161
0.689220
0.366943
1.705057
0.822596
0.932993
1.314032
0.794863
0.811036
0.332157
0.397646
0.760147
0.995058
0.852380
0.671062
1.340767
1.078308
0.270722
1.691222
0.389077
0.702815
0.241916
1.530520
1.030306
0.573174
1.024459
0.685776
1.273578
0.847084
0.373752
0.576718
0.494899
2.148361
0.306853
0.790173
0.654993
0.768087
1.108978
0.842038
0.449821
1.165502
0.346833
0.315203
0.207518
0.622332
0.465897
0.987703
0.568780
0.638772
0.736093
1.752089
0.365190
0.567778
1.177062
1.070398
1.202431
0.495689
0.302157
0.591696
1.425740
0.839128
0.727799
0.844019
1.200895
1.014217
0.577732
0.277967
0.468678
1.455608
0.511297
0.260896
0.570665
1.154105
0.198234
1.144066
0.824017
0.633950
0.566994
1.095484
1.043031
1.084110
1.249468
0.223822
1.755151
1.313008
1.547595
1.147768
0.559404
0.904442
0.252863
1.184141
0.199261
1.085295
0.640926
1.372022
1.021058
1.269537
1.130071
0.519375
0.510396
0.512898
1.044298
0.484618
0.328695
0.632414
0.387071
0.250980
0.343885
0.746919
0.855556
0.628488
0.864863
0.335224
0.283413
0.696055
0.523889
2.146927
0.901563
0.452101
0.666728
1.809185
1.608990
0.933711
1.202169
1.167457
1.284527
1.279192
1.405245
0.492469
0.295045
0.882181
0.734694
1.160710
0.207187
1.464835
1.113491
0.808323
0.529837
1.396678
0.632170
0.374047
1.379275
0.712876
0.258098
0.284115
0.491296
0.723806
0.916675
0.517195
0.658813
1.272389
0.832577
0.153572
0.232898
0.878802
0.364576
1.382522
1.547785
0.790342
0.699853
1.389129
0.142388
1.856891
1.224868
0.350687
1.684316
0.505600
1.466415
0.884331
0.607846
0.142194
0.855619
0.141422
0.258856
1.478438
1.677603
0.871873
1.680100
1.054901
0.219664
1.400754
0.275119
0.602072
0.047074
0.841919
0.967208
0.417299
0.601222
1.185347
0.879159
0.736829
1.013009
1.690731
1.629772
1.104371
0.619926
0.589891
0.286443
0.260767
1.198482
0.553347
0.285337
1.192566
0.803854
0.243912
1.278783
1.136597
1.292327
0.294254
0.571616
1.415353
1.285859
0.779524
0.779452
0.920597
1.516371
0.698020
0.079566
0.409876
0.709268
1.730103
0.673293
0.990300
0.436137
0.825609
1.254040
0.377293
1.361084
1.354700
1.927317
0.987861
0.654429
0.581311
1.771305
1.415063
1.401582
0.305912
1.843754
0.423436
0.632332
0.224349
1.559819
0.290683
0.194617
1.511842
1.698693
1.923372
0.224030
0.543495
0.701727
1.027505
0.070539
1.380208
1.271658
0.532055
0.609140
0.608159
0.759117
0.626719
1.055765
0.761126
1.298284
1.120387
1.225520
1.509739
1.746254
0.658244
0.765638
0.538295
0.806974
0.711609
0.450786
0.291385
0.692293
1.073536
1.471602
0.494311
2.484363
0.636346
1.238706
1.578039
0.869094
0.618358
1.383208
1.483722
1.182583
1.308052
0.167400
1.161209
1.385972
0.272957
0.841332
1.144905
1.097720
0.355594
0.704872
1.508465
0.778088
1.279073
0.374649
0.893758
0.903192
1.053712
0.371301
0.304543
0.314102
0.979762
1.377800
1.976005
0.674214
1.168063
0.901868
0.426625
0.635786
0.584085
0.374303
1.190762
1.208707
0.340952
2.238625
0.076947
1.023925
0.999325
0.611778
1.014372
1.607744
0.528014
0.249504
0.630719
1.068529
0.691981
0.376391
1.750231
1.555653
1.159934
0.989928
0.289594
1.280893
0.423732
1.191751
1.340917
0.679481
0.147880
0.960127
0.935815
0.746385
1.373578
0.098129
0.536080
2.385624
1.294073
1.033352
0.552116
0.102271
0.630547
1.172946
0.141856
0.474453
0.612721
0.522726
0.552940
2.108860
0.596036
1.797357
0.290378
1.187818
1.463953
0.455561
1.457341
0.506644
0.747899
1.259206
0.453677
0.393450
2.012997
1.069735
0.770918
0.438301
0.360503
0.995153
0.643166
0.043974
0.393853
0.728954
0.566696
0.813742
0.340073
0.792081
0.017928
1.113859
1.256495
1.266204
0.664773
0.585812
0.533423
0.795083
1.583004
2.189799
0.428365
0.893146
0.452843
1.081149
0.316324
1.367545
1.430290
0.796798
0.768962
1.441008
1.048553
1.101814
0.968282
0.640965
0.745393
0.136444
0.964801
0.281752
2.191770
0.955638
0.674619
0.550176
1.053256
0.277080
0.659315
1.324677
1.462740
0.512126
0.254884
1.515193
0.333282
0.960772
0.699557
0.737741
0.646414
0.512398
0.943338
0.793843
0.899210
1.908435
0.653779
1.080876
1.394627
0.546751
0.701848
0.845540
0.346248
1.280883
1.550982
0.877330
0.926951
0.792111
0.461110
0.459539
0.106635
0.506158
0.699324
0.925311
1.252441
1.601262
1.475365
1.133635
1.083703
0.891873
0.195684
1.220421
0.498322
0.911382
0.817357
1.244557
0.667039
1.214843
0.487136
2.225628
1.512654
0.978142
1.486946
1.708608
1.452190
1.433148
1.727578
0.202204
0.697352
0.279523
0.430189
1.789528
0.671215
1.789706
0.975619
0.601988
0.105475
0.711796
1.213144
0.843982
0.462831
0.423887
0.213564
1.504813
0.701053
1.179944
0.670578
1.400965
0.457176
0.341936
1.061718
0.933087
0.442127
0.466594
1.099937
0.213255
0.335766
0.478091
1.260201
0.799421
0.854563
1.093682
0.672194
0.709507
1.611896
0.575344
1.715748
1.022724
1.148824
1.635878
0.317886
0.716155
0.861597
0.557469
1.253823
1.867239
1.544871
1.249334
0.691625
1.683733
0.761530
1.305820
0.639094
0.192253
1.106494
0.529352
0.624866
0.787469
0.540585
0.172724
0.717095
0.540830
1.611902
1.548919
0.444193
0.808343
1.246554
1.543467
1.087698
0.612292
1.767075
1.015467
0.579350
0.393622
0.420785
0.274329
0.272872
1.313356
1.313342
0.812832
0.688376
1.250970
0.437627
0.516522
0.645227
0.204137
0.818526
1.603996
0.955387
0.637318
0.567516
0.841124
0.323782
0.319451
1.116413
0.286501
0.351358
0.610987
1.830783
1.058455
0.966177
0.616709
0.722231
1.636869
1.132208
0.199917
1.404523
1.253776
1.213171
0.609031
0.972661
0.102860
0.674654
1.177084
0.133300
0.163998
0.705507
0.622334
1.223769
0.834330
0.483136
0.852153
0.887421
0.339006
1.063858
0.520137
1.517880
1.105727
0.809517
1.599897
0.388455
0.694226
0.760356
0.308018
1.429259
0.833107
0.968557
0.686505
0.616518
0.587734
0.699241
0.335556
0.646727
1.220254
1.361703
1.243836
1.512535
0.191510
1.447116
1.023457
0.621838
0.434892
0.488617
0.682320
1.746974
0.225276
1.069946
0.863198
0.649184
0.650497
0.408571
1.394485
0.435169
0.437533
0.815778
1.195016
1.481291
1.831740
0.752460
0.411336
1.724410
0.548979
0.178281
1.035728
1.280957
0.286591
0.155580
1.400133
1.463153
0.961805
1.670860
0.470667
1.145085
1.588977
0.564463
0.439370
1.427374
0.633715
0.094944
1.063081
2.487507
0.293225
1.227313
0.017547
0.658400
0.400172
0.805457
1.631363
1.571505
0.423381
0.883245
0.662843
2.313303
0.738329
2.299653
0.434760
1.066467
0.976005
0.133722
0.859405
0.414829
1.420667
0.319632
0.386154
1.095960
0.508080
1.776732
0.802894
0.392505
1.547033
1.109356
0.551395
0.400763
1.216815
0.892881
0.443765
0.211292
0.666296
0.387697
0.757889
1.955875
0.273877
0.958627
0.345632
0.499544
1.034011
0.832451
0.909052
0.514944
1.225289
0.507833
0.816194
0.645966
0.712712
1.615438
1.520397
0.349500
0.181032
1.053696
0.490680
0.695585
0.766135
0.391959
0.377931
0.342567
0.574076
1.164711
0.732759
1.116477
1.091508
0.816033
1.428765
0.847943
0.701449
0.844533
0.924127
1.640722
0.605528
0.484342
0.689932
0.924436
1.798605
0.170929
0.125944
0.404031
0.569877
1.286821
1.261451
0.769702
0.588297
0.957643
0.400622
1.803537
0.446678
0.965307
2.148136
0.781170
1.679297
1.266244
1.134883
2.491252
0.154273
0.200233
0.360776
1.279134
0.540118
1.194595
0.259575
2.530181
1.925697
1.261378
0.781832
2.106315
0.758339
0.826409
0.877796
1.556947
0.253355
1.574187
1.139275
0.825585
0.682209
1.390933
0.794258
0.424274
2.087409
1.242965
0.334082
1.619314
1.420580
0.551656
0.902839
0.693102
1.721490
0.607655
1.439438
0.488266
0.826477
0.861238
0.965214
0.739276
0.274430
1.450256
0.846727
0.674267
0.590143
0.428977
1.179851
0.541537
0.169428
0.647320
0.687113
1.107022
1.008776
0.912038
0.745104
0.270498
0.519234
1.583125
0.392649
0.295458
0.753977
1.162304
0.094718
1.449578
0.398498
0.891537
0.618085
0.183772
0.297815
0.304031
0.445558
0.393213
0.610305
0.343795
1.413145
2.024031
0.853582
1.453975
0.773672
0.921026
0.678801
0.388338
0.608621
1.319586
1.191244
0.716773
0.567200
0.135027
0.836192
0.603362
1.170309
0.415977
0.975985
0.987094
1.315868
0.867796
1.752196
1.621333
1.230147
0.726144
0.572214
0.791281
1.245042
0.325102
1.079369
0.801293
2.096769
0.465707
1.151339
0.972975
0.078901
0.436084
0.474382
0.716268
0.562007
0.515748
0.837585
0.793792
1.940664
0.219636
1.320769
0.755035
0.288877
1.517499
0.616194
0.657878
0.563956
0.584414
1.141406
0.785659
1.298915
0.583031
1.019253
0.847604
0.895847
0.499698
0.819860
1.645404
0.363143
0.173764
1.740495
1.212810
0.830672
1.282635
1.124140
0.340676
0.218599
1.202077
0.557686
0.719718
1.179486
0.883121
0.664054
0.554507
0.101206
0.677782
0.343877
0.732735
0.574385
1.577067
0.279848
1.076379
1.252199
0.539542
1.156859
0.399108
1.041761
0.288727
0.463478
0.378041
0.712023
0.641769
0.605586
0.817922
1.111245
0.763286
1.281565
1.446143
0.803150
0.612694
1.323041
1.090323
0.436998
0.500932
0.505910
1.025405
1.088215
0.501240
0.969188
0.620538
1.212965
0.481458
1.260884
0.785070
0.423462
1.215731
0.098011
2.307586
1.064521
0.419694
0.620322
0.781679
0.588470
0.447642
0.309817
0.855408
0.513913
0.811846
0.585543
0.464114
0.747872
0.021399
1.077593
0.183543
0.813548
1.362453
0.938097
0.800521
0.762858
0.691666
0.306044
0.415913
1.689263
0.473744
0.420570
1.734044
0.712387
0.308442
0.333791
0.391022
0.414406
1.274114
1.502650
2.096505
0.619294
0.634588
0.761811
0.458464
0.856302
1.144886
1.432859
1.869417
1.778762
0.476181
0.781063
1.226655
1.485403
1.318750
0.632947
0.399510
1.004694
0.292104
1.427008
1.209088
0.481831
0.856445
0.594978
0.226196
1.570996
1.091765
0.914465
0.156886
0.798260
0.929953
1.109957
1.592269
0.341479
1.395470
1.506739
0.221119
0.925926
0.587940
0.580101
1.586928
0.857254
0.881269
1.285495
1.537782
0.393045
0.722955
0.600507
1.249675
1.003342
0.478158
1.063108
0.296051
1.261202
0.665376
1.245444
0.131014
0.465543
0.764740
0.486141
0.731686
0.187945
1.009647
0.400596
0.840493
1.661662
0.913691
1.139276
0.284114
0.515462
0.257120
0.385844
1.104907
0.794412
0.337668
0.834963
0.552574
1.229341
0.531408
0.429426
1.166892
0.698647
0.352422
1.279779
0.694251
0.795468
0.482146
0.878918
1.162437
0.092611
0.198059
0.492297
0.811005
1.080739
0.920651
0.228928
1.229834
0.977845
0.437086
0.762216
2.229024
1.031895
0.831977
1.625124
1.287291
0.198468
1.065106
1.093264
0.245694
0.879442
0.915785
0.999770
0.986764
0.109250
0.838414
0.406066
0.976720
0.676059
1.088725
0.978590
1.170480
0.772580
0.921090
1.039955
1.231960
0.897166
0.578092
0.599439
1.580096
1.533433
0.479765
1.233360
0.810912
1.348597
1.716648
1.479760
0.642402
0.925392
1.074576
0.949559
0.548206
0.782395
1.007037
0.464671
0.207304
0.502351
0.653420
0.075234
0.891952
1.089828
0.632214
0.713002
0.965882
0.572532
0.661395
0.415919
1.669217
0.920312
0.385770
0.553899
1.742290
1.571157
0.499048
0.944833
1.227175
0.334718
1.008184
0.448849
1.590729
0.604104
1.553391
1.107282
1.067593
1.078798
0.753835
1.011525
0.614194
0.265694
0.961879
1.178595
0.771527
0.431251
1.097319
1.735719
1.442642
1.492552
0.801816
0.565488
2.371891
0.714718
1.343517
1.035718
1.401103
0.912870
1.182766
0.899767
0.486887
0.693769
0.575011
1.147516
0.454487
0.822161
0.613480
1.725715
1.101691
1.052500
1.227820
1.361150
0.550211
0.706380
0.373793
0.500118
1.000988
0.611930
0.583303
1.840978
0.512169
1.283753
1.623490
1.273035
1.065070
0.552806
1.159759
0.979708
1.255446
0.546592
1.092565
0.970325
0.947756
0.765487
0.409763
1.038909
0.597783
1.280364
0.728101
0.987884
0.298262
0.912934
0.870370
1.406362
1.580829
0.996246
1.560889
0.074924
0.390285
0.706088
0.449000
1.369477
0.238281
0.777471
1.159082
0.981296
1.274145
1.567402
1.763870
1.575500
1.385223
0.833016
1.302448
1.513923
1.048502
0.300329
1.158450
0.982459
0.437831
0.731021
0.680241
0.098144
0.766261
1.242668
0.984265
1.313741
2.011634
2.012850
1.081338
0.893434
0.151446
0.661939
1.298941
0.643648
0.748880
0.460521
0.809436
1.835250
0.710888
0.217936
0.739778
0.546835
1.023131
1.210138
0.262344
1.037924
1.080724
1.007617
0.393725
1.453495
1.590283
0.386099
0.877351
0.735789
1.023084
1.211303
0.979019
0.503022
0.723517
2.297351
0.799484
1.817221
1.430424
0.351057
0.990515
0.940084
0.466372
0.942858
0.359500
0.638371
0.165464
0.283348
0.617288
0.553541
1.177557
0.963601
0.752340
0.324695
0.227936
1.284737
0.304611
0.506381
0.714777
0.736236
0.246570
0.555908
1.051382
1.619642
0.541215
0.828349
0.870759
0.713664
0.273087
1.835802
0.915311
0.415162
0.207556
0.366856
0.885461
1.363813
1.135012
0.267811
0.963292
0.851761
0.658862
0.949405
0.312890
0.676468
1.130919
0.492599
0.446634
1.658615
0.769349
1.715637
0.253191
1.892954
1.300601
0.634625
1.115927
1.175228
0.580355
0.696375
0.097291
0.081533
0.632458
0.403330
0.501682
0.222568
0.988875
0.942131
1.664856
0.280170
0.590890
0.561313
1.141799
1.486236
0.735167
1.273503
1.221155
0.625978
0.190169
0.543488
0.735166
0.541678
0.660144
0.985621
0.423664
1.977407
1.274333
0.810108
0.466999
1.450503
1.117173
0.046665
2.321880
0.423317
0.207070
0.123079
0.341123
0.554966
0.658824
0.233868
1.301446
0.214430
1.144653
0.528795
0.734122
0.629864
0.030835
0.721987
0.670828
0.887117
0.141273
1.197996
1.175711
1.285206
1.244713
0.962704
0.630739
0.386983
1.706191
1.298457
0.796979
1.293306
1.254316
0.571460
0.620027
0.371004
1.570292
0.472758
1.394885
0.693745
0.946203
0.944399
0.554254
1.277891
1.025062
0.793267
0.460658
0.781683
1.138169
0.328131
1.449308
1.455542
0.393978
0.655268
0.840248
1.122059
0.428856
0.901639
0.444001
2.511504
0.312291
1.138791
0.863126
0.599979
1.217184
1.098850
0.313939
0.773097
0.406552
0.717327
0.451865
1.206092
1.040107
0.996782
1.388907
0.015491
0.897713
1.118735
0.814254
0.537836
0.833081
1.632442
0.794314
1.866293
0.989168
1.415056
1.444727
0.643506
0.276909
0.936002
0.817934
1.393114
1.160237
1.024664
0.550547
1.827767
0.377244
2.180694
0.549439
0.392609
1.090061
1.170272
1.708359
0.677392
1.435805
0.563200
0.707563
1.574699
0.711328
0.583910
0.860604
0.662168
0.263742
0.768441
0.774137
0.352207
0.168470
0.640872
0.830371
1.114556
1.005901
1.820551
1.111365
2.123035
0.202187
1.182802
0.874592
0.919634
0.342239
0.979759
0.895710
0.850658
1.025049
0.950338
0.292369
0.510007
1.532486
1.463854
1.828929
0.901492
1.450287
0.746116
0.655581
1.718157
0.466826
1.536003
0.437122
2.385542
0.633551
0.249093
0.677874
1.113449
1.055455
1.656218
1.322496
0.569160
0.707286
1.228247
0.673744
2.088556
0.933115
1.054661
1.436951
0.541765
0.819458
0.600607
0.651522
1.155184
0.045965
1.189621
0.307808
2.335367
1.739543
1.717382
0.963507
0.285168
1.975933
0.906507
1.314801
0.660314
0.244312
0.995056
1.712372
1.164054
0.849603
0.848600
0.929151
0.671464
0.511210
0.997562
0.380882
0.511088
0.724873
1.430524
1.400225
1.219973
0.354789
0.316176
0.545237
0.749580
1.506040
0.725954
0.222463
0.469726
2.293652
1.373162
0.577604
0.418590
0.832514
0.436470
0.716662
0.223912
1.893677
0.889110
1.143468
1.893448
1.046628
0.942852
1.213453
1.045505
0.885727
1.865166
0.606699
0.597895
0.654065
0.588555
0.768395
0.895154
0.258772
0.779754
0.849940
1.449815
0.343455
0.216278
0.647109
0.324756
1.472259
0.441081
0.855419
0.508712
1.125121
0.563932
0.494828
1.059476
2.003002
0.591989
0.936326
0.275792
0.193295
2.020940
0.936875
1.071196
0.473840
1.446531
1.722642
1.137299
1.144972
0.422513
0.541143
0.400508
0.968742
1.198630
1.200352
1.046924
0.898577
1.441350
1.883228
1.003493
0.929889
1.200883
0.285410
0.736942
0.296964
2.050026
0.677144
0.863813
1.315912
0.622387
1.132379
0.472797
0.891914
0.450514
0.633514
1.111863
1.561321
1.041650
1.586065
1.013950
1.400235
0.565055
0.320233
0.783075
2.030562
0.251527
0.894599
1.586953
0.665082
2.110402
1.248069
0.792080
1.993225
1.064499
0.360748
2.081790
0.598678
0.517200
1.166179
0.620360
0.407416
1.366978
0.872436
0.331303
0.513730
2.040683
0.394559
0.578315
0.138490
0.713664
0.759409
0.089588
2.013774
0.870192
0.654004
0.570438
1.515967
0.906188
1.434109
1.593214
0.571216
1.217854
1.010741
0.236193
1.178774
0.772702
1.297114
1.037614
0.743722
1.083482
0.590580
1.554806
1.410575
1.445227
0.783652
0.417470
1.086090
0.734071
1.462678
1.160388
0.508298
0.494074
0.624426
0.597678
0.566860
1.529645
1.198089
0.383905
0.332389
0.567787
1.534389
1.271063
1.858796
0.123597
1.762527
1.078769
1.299711
0.895596
0.386532
0.511965
0.791318
0.345926
0.869451
1.101991
0.893940
1.259019
1.676064
2.154049
0.933161
1.888341
0.707769
0.869988
0.169542
0.707927
1.667299
0.371891
1.229967
0.399365
0.529274
0.829272
1.289758
0.828650
0.583771
0.050639
0.610461
0.581361
2.033156
0.317758
0.932771
1.178287
1.249368
0.275795
1.190176
1.309186
1.166449
1.105979
0.360215
0.922978
0.510625
1.332992
0.637251
0.230384
0.921721
0.830777
0.989716
0.710996
0.824670
0.945646
1.157769
1.072714
0.421116
2.056863
1.264597
1.115417
0.393449
0.642900
0.738409
1.702435
1.541450
2.091772
0.722765
0.368847
1.226520
1.286563
0.513039
0.482242
0.642605
0.846922
0.403507
0.109333
0.603798
0.759050
0.142012
0.919697
1.584729
1.574603
0.629022
0.688734
0.887596
0.836414
1.260744
1.399330
0.341181
0.836872
0.714767
1.122192
0.789069
0.485282
0.343306
0.809278
2.128138
0.600751
1.225658
0.827777
2.141892
0.300994
0.588459
0.099449
0.588737
2.042751
0.720092
1.187397
0.501750
0.907424
0.435559
0.904049
0.739657
0.502663
