0.887575
0.969470
0.870012
1.119282
1.063561
0.728200
1.090807
0.859468
0.701149
1.026701
1.023625
0.848253
1.099541
0.979192
1.040772
0.885286
1.018103
0.921233
0.897938
1.008333
1.039956
0.797913
1.045073
0.971497
0.943397
1.044384
0.966759
0.948657
1.103985
1.134587
0.936709
1.078140
0.803464
1.107314
0.648983
0.908332
0.856356
0.997332
1.013156
0.917642
0.907492
0.870086
0.912801
0.798225
0.940568
1.013100
0.897049
0.964843
1.063603
0.864801
1.002419
0.556905
0.958656
1.032897
0.829219
1.134197
1.017621
0.900851
0.800677
0.779631
1.012934
0.890770
1.003827
0.987571
0.692851
0.661885
1.029468
1.002443
0.977170
0.918966
1.097003
1.066622
1.086330
0.767623
1.005287
1.017462
1.025978
1.080764
1.043561
1.069764
1.080573
1.158532
0.913640
0.872255
0.794918
1.030190
1.032116
1.064587
0.856808
1.043534
0.795737
0.831788
0.860427
0.807182
0.906952
1.005965
0.621227
0.876799
0.920099
0.994732
1.092857
1.106379
0.908085
0.934828
0.931388
0.813895
1.000148
0.945670
0.930127
0.697996
1.026304
1.006478
1.021554
0.854727
1.131864
0.904722
0.996738
0.867704
0.932569
0.913555
1.086706
1.013792
0.941792
0.947561
1.110108
1.125322
0.858122
0.945291
0.900804
0.940716
1.075390
0.927770
0.982027
1.114171
0.780258
0.946700
0.918074
1.015372
1.064598
0.869630
1.027390
1.008911
0.962751
0.879368
1.058660
1.032442
0.828760
0.959628
1.094479
0.657494
1.032084
1.018391
0.903572
1.118654
0.849414
0.873789
0.989585
1.046382
0.924215
0.965235
0.941086
0.964432
1.018958
1.033138
0.901512
0.679234
0.711253
0.891372
1.157872
0.917353
0.816713
0.993346
0.909191
0.916105
1.085039
1.033347
1.110675
0.884099
0.949253
0.694905
0.806060
1.047838
0.900994
0.929634
0.903963
1.046363
0.817778
0.940518
0.907145
0.828670
0.863806
0.836237
0.974127
0.948323
1.068021
0.942208
1.067649
0.939268
1.070945
0.819227
0.925032
0.815044
1.061474
0.878566
0.991494
1.010417
1.009706
0.879029
1.078245
0.959352
0.889407
1.112632
1.000299
0.894876
0.929751
1.119066
0.937531
0.720137
0.998467
0.927773
0.853746
0.932635
0.763041
0.815775
1.015292
0.815409
0.866278
0.970907
1.033069
0.860628
1.042185
0.604896
1.026444
0.983102
0.971100
0.986738
0.704213
0.908821
1.034523
1.025844
0.790959
0.921807
1.029262
1.034624
0.944538
1.001707
0.946615
0.921836
1.012207
0.799296
1.096726
1.044197
1.041864
0.930329
0.806729
1.103026
0.820837
0.865929
0.981345
1.102462
1.001713
1.061390
0.821179
1.024079
0.908414
0.883648
0.993611
0.945279
1.004692
0.896101
0.934163
1.131263
0.957489
1.102078
0.798484
1.019347
0.798275
0.730122
1.088835
0.650731
1.000175
1.017960
0.952020
0.670907
0.975307
0.988616
0.800757
1.064149
0.912010
1.014230
0.989581
0.795120
0.865989
1.033727
0.937866
0.938777
1.000512
1.013359
1.097323
0.713636
0.878684
0.897896
1.025464
0.895946
0.929203
1.081716
0.941298
0.970442
1.023722
1.103958
1.005593
0.967706
0.841166
1.063955
1.033148
0.768697
1.032350
0.926656
0.805618
0.999886
0.955128
0.675821
0.970070
1.101347
0.781814
1.022425
0.967397
0.932060
1.039837
0.821777
1.090085
1.058719
0.660478
0.913723
0.914570
1.099313
0.885772
1.179692
0.968486
0.971731
0.850319
0.971583
0.993590
0.703177
1.026139
1.082009
0.991783
0.856474
1.033224
1.005551
1.063548
1.196404
1.102304
0.927604
0.828215
0.869332
0.957815
0.894918
0.841051
0.873650
1.006997
0.863161
0.868150
1.003980
1.087114
0.971221
0.986210
1.056045
1.029324
1.057386
0.931904
0.993535
1.120482
0.954542
1.142188
1.033697
1.073789
0.801188
0.802575
0.955119
0.872711
1.122461
1.078933
1.058395
1.025437
0.932480
1.020259
0.601693
0.952977
0.969173
0.929015
1.018614
1.092521
1.122635
1.026863
1.166522
0.993359
0.914800
1.032480
0.761463
0.911824
1.038043
0.740605
0.950743
1.022635
1.163467
0.932220
1.055695
1.129393
0.973098
0.991524
1.034121
0.950546
0.869394
1.023905
0.914006
0.837046
0.781146
1.016345
0.952221
0.908655
0.969978
0.806395
0.803533
1.001273
0.990916
0.777770
0.846060
1.062421
1.041457
0.819907
0.917528
0.918690
0.820984
1.101933
1.103640
0.965994
0.850318
0.691268
1.019074
0.933035
0.899952
0.955005
0.981120
0.788338
0.918826
1.053799
1.036882
0.989879
1.050075
1.058131
1.065912
0.863030
0.853591
0.993992
1.067939
1.030491
1.038688
0.779671
0.848164
0.966278
0.973842
1.021541
1.035741
0.803986
1.220645
0.955733
0.946864
0.965995
0.885483
1.099369
0.814874
0.905169
1.056817
0.757983
0.977256
0.940080
0.962889
0.945667
0.784127
0.900534
0.988089
1.103229
1.042454
0.903780
0.691664
1.066638
0.804473
0.677559
0.900743
1.020342
1.052836
1.077481
0.776573
0.861680
0.991362
0.613447
0.906695
1.033354
0.903392
1.075088
1.033907
0.889998
1.113901
0.815179
1.007557
1.016538
0.943601
0.892301
1.051313
0.968772
0.856245
1.022407
0.791795
0.862398
0.977606
1.047613
0.960216
0.857049
1.019946
1.058854
1.109468
1.088318
1.028574
0.961037
1.000749
0.879220
0.816556
0.971481
0.926695
0.890369
0.962505
0.948002
0.888046
1.082056
0.992952
0.967429
1.019361
1.063723
1.036787
0.976806
0.973223
0.916852
1.169768
1.005067
0.968521
0.952057
0.911631
0.903782
0.954187
1.036099
0.864425
1.104424
0.928491
0.982680
0.878808
1.049870
0.944881
0.937227
1.032308
0.892792
1.025626
1.026888
1.020470
0.799319
1.032237
1.042300
1.095640
0.916970
1.005925
0.952976
1.107385
0.971657
1.015350
1.017065
1.110187
0.920429
0.972254
0.991104
0.938408
0.813664
0.957024
0.984132
1.027542
0.908670
1.020594
0.965247
1.070846
0.973035
1.068675
1.009746
1.115876
0.993401
0.996903
0.961024
1.059039
0.775715
1.062832
1.025090
1.016118
0.948792
1.147884
1.055084
1.099442
1.103947
1.183157
0.728250
0.827236
0.821113
1.043091
0.977968
1.169676
1.205484
0.913773
0.921653
0.681208
0.862977
1.119775
0.730101
0.899078
0.915212
0.679216
0.911217
0.946162
0.959853
0.801878
1.086879
0.755093
1.182802
0.888833
1.024978
1.087898
1.094637
1.146919
0.638567
0.968986
0.943287
0.801472
1.058794
1.063936
0.980282
0.818823
1.035282
1.044362
1.139736
1.112904
0.858173
0.670028
1.004311
0.966690
1.061081
1.069331
1.008861
1.162970
1.031784
1.041636
1.049055
0.993401
0.909322
1.036538
1.081093
0.739382
0.967676
0.988855
0.978102
1.008285
0.846703
0.995445
0.725168
0.827901
1.053021
1.181978
1.034873
1.089730
0.897012
0.977723
1.128232
1.031149
0.918461
0.907512
0.974819
1.040668
1.026965
1.051252
1.063283
1.017288
0.844116
1.025901
0.872670
1.143259
1.128111
0.929399
0.878973
0.839447
1.064636
0.905491
0.823067
1.008891
0.994541
1.014241
0.796557
1.064858
0.969373
0.937462
0.917166
0.901943
0.941042
1.042219
0.961922
0.936344
1.022318
0.725895
0.865148
0.981256
0.978063
0.832432
1.047286
0.941243
1.098368
0.973088
1.047966
0.763971
1.055710
0.966568
0.962978
0.952480
1.088374
1.088709
1.051720
0.836331
0.790087
1.048743
1.079944
0.982552
0.983600
0.853238
0.997876
0.961853
0.980411
0.973060
1.128525
0.889276
1.040914
1.002995
0.789205
0.714623
1.059346
1.088769
1.033042
0.872525
0.766224
0.966594
0.935997
0.678124
1.016005
1.038883
1.039208
0.851754
1.052282
0.932568
1.085513
0.794095
1.030232
0.943007
0.960452
1.039219
0.984584
0.928998
0.867735
1.075200
1.114967
1.027872
1.199293
1.002463
1.056065
1.117263
1.086971
0.797277
1.084442
0.779081
1.022801
0.958097
1.011807
0.990088
1.095509
0.911088
1.127395
0.754171
1.108573
1.013253
0.910416
1.068071
0.954113
0.944356
1.012264
0.985995
0.896085
0.823446
0.889002
0.886184
1.010141
0.999918
0.767691
1.000242
0.685463
0.943132
1.200341
0.919881
0.964451
0.868057
1.019026
0.939627
1.030305
1.049785
1.043066
0.981902
1.076086
1.124968
0.980103
1.033281
0.931405
0.934461
0.924466
1.127331
0.908729
0.940128
1.062032
0.746696
1.016567
1.032376
0.978942
0.922086
0.702662
0.980319
1.051547
0.901693
0.644278
1.062429
0.812572
1.037655
0.943324
0.853391
1.098899
0.949374
0.948326
0.961678
0.875530
0.806024
1.059552
1.103070
0.920623
1.150537
1.122030
0.895985
0.796363
1.000644
0.921623
0.895365
0.765568
0.844192
0.810048
0.891921
1.156173
1.019119
1.083596
1.035246
0.593184
0.994436
1.027590
0.758056
0.729534
0.994288
0.983540
0.845007
0.868221
1.024831
0.922503
0.948489
1.020854
0.814333
0.868847
0.952244
0.873396
1.135905
1.040006
1.027597
0.945914
0.617858
0.975639
0.763336
0.936658
0.953364
0.851134
1.131291
0.997750
0.943021
0.851273
1.054607
0.941945
0.734368
0.929408
0.995684
0.961806
0.921037
1.074759
0.853426
1.001898
0.960735
0.994844
1.013064
1.012860
0.928459
0.959390
0.744187
0.910697
1.054066
1.067118
0.851366
0.876871
0.908894
1.059955
0.893547
0.897044
0.985216
1.095175
0.878616
0.882674
1.143309
0.771135
0.959515
1.179767
1.020111
0.909616
1.050723
1.065125
0.864301
0.964390
0.813966
0.964321
1.080100
1.047513
1.002389
0.912225
0.918300
0.927388
1.104716
1.133625
0.777739
1.011374
0.967067
0.943503
1.014237
0.798803
0.727079
0.809915
1.045742
0.840420
0.910747
1.020087
0.998833
1.122594
0.647638
0.708556
0.962100
0.817760
1.005016
1.034068
1.006242
1.053386
0.860412
0.991245
1.089481
1.106949
0.723155
0.891972
0.708015
1.019159
1.080410
0.790612
1.045070
0.918283
0.944510
0.886420
0.906706
1.135386
1.043639
0.922519
1.035198
0.804429
0.904087
1.056525
0.814946
0.838548
0.831931
0.915380
1.003022
0.958180
0.984036
0.965906
0.951065
0.720202
0.928650
1.014210
0.984876
0.820520
0.946969
0.836439
1.022856
0.786028
0.753071
0.944163
0.939339
0.903513
0.923548
0.955279
0.918303
1.049269
0.982548
0.998100
0.983341
0.868343
0.857637
0.971428
0.902818
1.016956
0.976265
1.025868
1.090945
0.980119
0.922673
0.995621
1.117624
0.883327
0.777248
0.750242
1.094306
0.918029
0.823622
0.878105
0.792107
0.993815
0.920354
0.965561
0.689921
1.043034
0.928715
0.786116
0.860065
0.906996
1.029559
0.878449
0.922556
0.862342
1.022000
0.964023
0.887922
1.005545
1.052149
0.967570
0.777924
1.036899
0.946648
0.932405
0.850026
1.110721
0.923069
1.069071
1.026450
1.059472
1.003037
0.924418
1.037635
0.970629
1.046073
0.958652
0.834583
1.053762
0.994965
1.108099
1.095795
0.865960
0.918910
0.865933
1.040352
0.925523
0.973765
0.875709
0.945979
0.943582
0.885997
0.929507
0.764073
1.010997
0.742684
0.940744
0.795542
1.051542
0.985830
1.051010
1.089012
0.898127
0.981888
1.001216
1.121876
0.819118
1.118217
0.883398
0.842671
0.878484
1.097887
1.101350
1.111162
0.987033
0.790529
0.987722
0.927496
1.003737
1.081209
1.026141
1.052166
0.690359
0.999787
1.077661
0.984736
0.877041
1.029062
1.083150
0.780119
0.995316
1.038947
0.832127
0.979301
1.031347
0.867505
1.034313
0.803713
0.991451
1.031486
1.120254
1.007683
1.074080
0.952970
0.971892
1.026369
1.031399
1.115791
0.821299
0.932509
1.062453
0.962902
0.938349
1.076096
0.909551
1.034375
0.946955
1.086646
1.128976
1.002599
0.838118
0.588900
1.077940
0.858066
0.993143
0.924976
0.792253
1.175563
1.029287
0.893136
1.036952
0.789931
0.933218
0.987818
1.017139
0.996371
0.956897
1.037105
0.922663
0.901487
0.877475
0.971109
1.111590
0.970407
1.022756
1.110709
0.978270
1.012660
1.029810
1.095179
1.077977
0.812317
0.960325
0.882741
0.958218
0.896820
0.994244
1.093660
0.979793
0.976862
0.968448
1.130872
0.883217
1.129624
0.702374
0.868481
1.047064
1.099578
0.958963
0.852188
0.980663
0.856592
1.002188
0.972448
0.910463
0.956351
0.958879
0.981954
0.921101
1.026159
1.122418
0.989404
1.107328
0.831822
0.998906
0.897875
1.034452
1.007014
0.734319
0.932258
1.074220
1.001458
1.022686
1.149440
0.913702
1.020075
1.020386
0.852424
1.084627
1.005015
0.833978
0.969143
0.997386
1.062248
0.891925
0.944192
1.006105
1.044711
1.174127
0.808640
1.111983
1.140830
1.080863
1.042781
0.870720
1.078931
0.763551
1.080012
1.084999
0.975005
0.910190
0.932182
0.625528
0.986508
0.861519
0.908791
0.758504
0.813208
0.946883
1.014039
0.779822
1.060664
0.875470
0.978731
1.058617
0.999021
0.903261
0.951787
0.932469
1.057958
0.986365
0.916013
1.039795
0.930854
0.946243
0.888409
0.948730
0.911308
0.692721
0.874299
0.898510
0.659109
0.810005
0.982753
0.902862
1.011741
0.837628
1.003520
0.949495
0.839264
0.861310
0.942225
1.121653
1.050499
1.057109
0.898529
1.033735
0.974777
0.789729
1.018960
0.944118
0.745816
1.008008
0.931577
1.045054
0.800952
1.064658
0.952682
0.900849
1.141996
1.099265
1.008829
1.071117
0.978781
1.114515
0.999650
0.768249
0.806014
0.996882
0.872625
0.923943
0.940450
0.920297
0.865590
0.973297
0.878176
1.129272
1.083449
0.933149
0.803430
0.916180
0.987128
0.884906
0.777927
0.980170
0.864551
0.728701
0.977113
0.966352
0.960815
1.091255
0.857479
0.916146
0.883432
0.935126
0.904199
1.029580
1.053088
0.776768
1.019890
1.078282
0.979185
0.847666
1.009718
1.043095
1.102910
1.001639
0.978265
1.097502
0.924400
0.878289
0.822349
0.934900
1.032002
1.029526
0.858202
0.992600
0.885735
0.997880
0.840750
1.027730
0.600704
0.996906
0.970131
1.090687
0.994164
0.985900
1.200416
0.910600
1.060755
1.186784
0.956335
1.136277
1.135699
1.096980
1.074736
1.022723
0.927025
0.922095
1.015719
0.926569
1.123437
0.903404
0.981624
0.933173
0.943530
0.988180
0.988577
1.061959
0.948090
0.931343
0.849731
1.021671
1.055094
0.856930
1.074656
1.059050
1.012584
0.875232
1.089094
1.001686
1.083059
0.730163
0.950913
0.850694
0.692219
1.159404
1.105549
0.979900
0.920808
1.063512
0.983681
0.813457
0.832876
0.884361
1.101372
0.962480
1.096126
0.845845
1.126874
0.870778
1.076065
0.692086
1.060198
0.761339
0.973858
0.802662
0.782917
1.012627
1.086359
1.036273
1.082616
1.016936
0.902998
0.829062
0.983921
0.844922
0.566649
0.968376
0.974531
0.975916
1.006023
1.054071
0.988548
0.726106
0.910200
0.984453
0.863984
0.799037
1.131630
0.875749
0.848902
0.746683
0.922050
0.839648
0.927334
1.070021
0.649105
0.962426
1.062513
1.045610
1.164210
0.972768
0.886003
1.109065
1.052636
0.949763
1.004342
0.913681
1.079574
0.805066
1.009890
0.948074
0.905238
1.065236
0.905346
1.027117
0.796862
1.125381
0.931445
1.027114
0.987844
0.917917
1.066751
1.092185
0.926267
1.039909
0.950184
0.986570
1.063682
0.886326
0.880777
1.015147
1.079351
1.069480
1.044736
1.042850
0.792357
0.992167
0.874498
0.878231
0.760673
0.940052
0.714169
1.037033
1.063692
1.031716
0.903369
0.867740
0.756951
0.714610
0.817584
0.970585
0.969120
0.994165
0.786673
1.105852
0.934886
0.874421
1.044407
0.853647
0.877276
0.979029
1.065832
0.829965
0.864163
0.660555
0.975861
0.932366
1.032405
0.957770
0.986001
0.931453
0.740253
0.919886
0.899829
1.077838
0.944359
0.956288
0.998804
0.819857
0.836112
1.055064
1.042508
0.948666
0.987374
0.968170
0.925402
0.703598
1.142167
0.988784
1.101636
0.767258
0.887767
0.804605
0.931559
0.893005
1.018498
0.936513
1.000648
0.876045
0.907406
1.022561
0.930077
1.005314
1.083231
1.025846
0.996199
1.031849
1.087960
1.102951
0.717036
0.914924
0.986810
1.018859
0.898485
1.012990
0.899421
0.916685
0.992346
0.984526
0.763268
0.841726
1.002802
0.865564
0.834736
1.047609
1.062940
0.697181
0.850211
0.964073
0.877359
0.963334
0.883399
1.072468
1.084127
0.943968
1.024228
1.149117
1.102865
1.065767
0.913076
0.836862
0.740080
0.770072
0.838705
0.927404
0.759571
0.850767
0.995274
0.971960
0.969277
0.933710
1.090934
0.932989
1.045915
1.051075
1.016809
1.015374
1.168184
1.090728
1.030842
0.917031
1.146453
1.012597
0.822888
0.906589
0.900925
0.963599
1.089627
0.715510
1.073228
0.777927
0.797805
0.964994
1.069883
1.093226
1.080763
0.894941
1.087721
1.109486
0.574150
0.814881
0.963865
1.021915
1.025185
0.967783
1.041343
1.085409
0.926717
0.659575
0.834747
0.756649
1.147449
1.071421
0.853648
0.947172
1.035274
0.979260
0.713032
1.146135
1.029182
0.932663
0.957223
1.092102
0.793783
0.849600
0.897861
1.032184
1.066989
0.664322
0.901120
0.901679
0.962366
0.893045
0.891705
0.964365
0.931699
1.065615
0.800808
1.039212
0.853322
0.958510
0.899618
1.080560
0.892031
1.114091
1.002193
0.904722
0.918071
0.891635
0.934642
1.118819
0.924923
0.892776
0.888931
0.835507
1.040445
1.034823
1.061107
1.101226
1.013471
0.977896
0.740033
0.982062
0.932369
0.924540
0.881917
1.005371
0.612364
0.882837
1.084442
0.762879
1.103934
0.824423
0.802755
1.159181
0.786432
0.980634
0.705220
0.923029
1.075442
1.051437
0.990403
0.872950
0.987117
0.976702
0.993277
1.007981
1.026185
0.923839
1.036250
0.893765
0.843036
0.985351
0.877552
0.968930
0.999552
1.004966
0.996250
0.896363
0.897054
0.788443
0.920166
1.101783
0.910083
0.856280
0.991439
0.885332
0.859907
0.877709
1.130204
0.933520
1.083931
0.965800
1.113643
1.057646
0.929109
0.913736
1.100372
0.934427
1.024468
1.160054
1.015568
1.019777
0.992660
0.698425
0.960891
1.021022
1.087210
0.901145
0.738088
1.038754
0.896954
0.883925
0.912018
0.741406
0.935504
0.883401
0.953857
0.909813
0.918319
0.770584
0.750959
0.932486
1.037873
0.883866
0.966177
0.992518
1.062338
0.783063
0.959752
0.849881
0.974413
1.048383
0.962015
1.130882
1.065029
1.073100
1.114996
1.099168
0.913722
0.979724
0.870285
1.017827
0.764125
0.999482
1.052140
0.954425
0.723992
0.842581
1.070575
0.978421
0.754874
1.050236
0.992616
0.749229
0.950489
1.050041
0.705147
1.007401
0.968591
0.726324
1.014037
0.929497
0.812109
1.028115
0.721953
0.888229
0.949770
1.076255
1.017627
1.067248
0.960735
0.972172
1.086407
0.871057
1.075035
0.979286
0.951348
1.097992
1.009216
0.999695
1.106807
0.992413
1.024110
0.777579
1.083223
1.039682
0.944248
1.041314
1.056797
1.023973
1.026390
0.996968
0.756188
1.099624
0.945883
0.920719
1.020744
0.984505
1.023077
1.108995
0.983761
0.841935
0.972566
0.888695
0.936976
0.951532
0.790988
1.078193
1.017667
0.948023
0.896220
0.767415
1.039077
0.900287
1.041862
0.881968
1.053503
0.935026
0.939458
0.761010
1.078085
1.138759
0.948838
0.929694
0.683344
0.828259
0.913234
1.020068
0.686302
0.952240
1.085713
1.021289
0.926249
0.684946
0.990979
0.670023
1.033506
0.926133
1.098734
0.944944
1.062299
0.952115
1.091836
1.097292
1.106135
0.799075
0.831851
1.072775
0.774318
1.072487
0.846153
1.119923
1.034987
0.769624
1.076322
0.904388
0.917524
0.936628
0.820827
1.028432
0.882998
0.915507
1.053345
1.024523
1.142147
0.964674
1.092549
1.014524
0.936244
0.940685
1.067562
0.916268
0.979917
1.166624
0.946033
1.049293
1.135018
1.037433
1.032085
0.888804
1.094115
1.040491
0.949224
0.917487
0.998955
1.039699
0.928515
0.960635
1.116190
0.996890
0.930349
0.931991
0.854099
1.084625
0.873034
1.004464
1.050384
0.993302
1.038439
0.962292
0.985497
0.866816
0.998189
0.993994
0.911649
0.949265
0.869745
0.954985
1.038491
1.090261
1.025841
1.053781
0.871998
0.781994
1.163188
0.953912
0.802907
0.914322
1.087553
0.763714
1.018589
0.886712
1.007303
0.978114
0.837257
0.916077
1.056275
0.914070
0.998669
1.152734
0.890472
0.980434
0.906044
0.866140
1.091908
0.968338
0.963589
0.948294
0.923226
0.896685
1.005750
0.954761
0.921133
0.957300
0.928107
0.987783
1.131707
0.934289
0.934904
0.953743
1.058823
0.718536
1.073415
1.007406
1.065230
1.066754
0.895523
1.018548
1.065556
1.041272
0.817347
0.911220
1.172277
0.960693
0.842325
0.914191
0.983879
0.884595
1.066316
0.921990
1.047419
0.833522
0.758435
0.988102
0.920025
1.052150
0.936832
0.483977
0.881715
0.939286
0.996613
0.931289
1.071918
0.886160
0.890490
0.897428
0.732621
1.041325
0.995501
0.965076
0.818082
0.937061
0.920161
0.896170
0.883593
1.077912
0.847666
0.874435
0.984075
0.978681
0.984219
0.956712
0.871619
0.956359
1.003611
0.747680
0.893245
0.958545
1.034674
0.779785
1.051127
0.861255
1.042198
0.986461
1.086283
0.858725
0.766995
1.020549
0.995099
0.894109
0.743034
1.012339
0.912882
0.979630
0.840307
0.810150
1.017947
0.949205
0.823135
0.938257
0.999140
0.975933
0.870060
0.876803
1.144886
0.747983
0.988766
0.932357
1.080814
1.059393
0.827347
0.797863
0.862911
0.985405
0.804013
1.000504
0.888405
0.943466
0.711432
0.821114
0.917600
1.089678
0.692533
1.115663
1.088553
0.775620
1.164955
0.997286
1.026627
1.127910
0.949130
0.965340
0.959279
0.808617
1.104093
1.087697
0.943538
1.000065
0.932987
0.872005
1.031287
1.034323
0.987632
0.979584
0.839337
0.897095
1.016317
1.002231
0.849182
0.994431
1.008994
1.035928
0.994365
0.917173
0.670184
1.013909
1.038993
1.007634
1.029194
1.157228
1.151331
1.151304
1.022763
1.059494
0.982284
0.762423
0.768478
1.013432
1.035202
0.878900
1.008838
1.060823
0.979887
0.800808
1.028548
1.162215
0.762520
1.017859
1.117014
1.053937
0.932169
0.804197
0.969636
1.052419
1.017193
1.029329
0.945632
0.766788
0.857665
1.025860
1.115564
1.007922
0.956328
1.028309
0.992734
0.942073
1.049499
1.067177
0.925053
1.009336
0.926838
0.901157
0.960724
0.962393
0.822921
1.103051
0.895507
0.719390
0.848151
0.991431
1.035771
0.986761
0.819082
1.049346
1.046183
1.017077
1.075176
1.066773
1.102932
1.054989
0.875835
0.974496
0.955491
0.888421
0.795484
1.073748
0.858185
0.995378
0.946190
0.846335
0.962929
0.929885
0.458461
0.895154
0.943728
0.933068
0.910934
0.914798
0.920391
0.960890
1.122986
0.999210
0.987479
0.981995
0.688923
0.998403
0.963595
0.876314
0.943289
1.042224
0.959036
1.047770
0.910907
0.839805
0.947597
0.917241
1.078523
1.064949
0.899225
0.841628
1.073164
1.030100
0.785476
0.822257
0.916523
0.927289
1.200616
0.671356
0.761914
1.047790
0.899494
0.878898
0.733930
0.974082
0.839824
0.947066
0.997605
0.838021
0.989372
0.907708
0.877649
0.886733
0.951561
0.845560
1.081606
1.031181
1.125933
0.972543
0.918871
0.786623
0.947985
0.994620
1.011995
1.022063
1.058009
1.154640
0.994495
0.875671
0.965498
1.085222
0.664310
0.905858
0.696327
1.021299
0.971610
1.198981
1.026795
0.959621
1.046446
0.892917
0.927648
0.981603
1.060592
0.674049
0.947990
1.034603
1.002409
0.910902
0.988704
1.002622
0.815472
1.003864
1.095836
0.955030
0.803820
0.981818
0.937224
0.699714
1.038917
0.795556
0.646663
0.968280
0.905947
0.709124
1.081528
0.948761
0.978708
1.120241
0.980265
0.858413
0.901262
0.858870
0.905115
1.038106
1.012904
1.042429
0.999301
0.931561
1.096478
1.111441
0.861284
0.851646
0.871984
1.011073
0.875949
1.047593
1.026616
1.020222
0.852889
1.026469
0.989065
1.005120
0.928503
1.084898
1.097443
0.894387
1.119140
1.077790
0.967116
0.936733
1.112423
0.781187
1.057682
0.812755
0.966749
1.058228
0.991121
0.850042
0.851071
0.937817
1.029572
0.960087
1.070242
1.069418
0.801849
0.900537
0.934767
0.885949
0.877954
0.728522
0.847699
1.028327
0.869955
1.070462
0.943066
0.871853
1.004664
1.106693
0.905325
0.798060
0.972401
0.944322
1.050867
1.069868
0.908736
0.982073
1.022552
0.910740
1.039058
1.001173
1.019389
0.956057
0.837966
1.007083
0.894884
0.972176
0.798765
0.848911
1.116107
1.021100
0.880103
1.061122
1.073216
0.947705
0.816340
1.055793
0.978847
1.113822
0.846998
0.991974
0.852834
1.043007
1.060499
0.839243
0.884722
0.872320
0.771071
0.958842
0.871208
1.140291
0.897357
1.013246
1.002006
1.053815
1.011152
0.939666
1.074036
0.839586
0.849111
1.075210
0.912946
0.970771
0.996023
0.905754
0.683287
1.026946
1.037900
0.979348
0.808977
0.909294
1.066232
1.183200
0.853187
1.064708
0.999576
0.881736
0.850982
0.846991
0.744145
0.866066
0.832369
0.946778
0.956922
0.989724
1.108955
0.744782
0.831645
1.030308
1.039886
0.932224
1.058234
1.066609
0.860308
0.976194
0.831019
0.947206
1.196192
1.105145
0.867059
1.036473
1.032394
1.042555
1.078902
0.732610
0.911743
0.897694
0.682866
0.757255
0.669730
0.948569
0.766396
1.064642
0.939702
0.958395
1.009739
0.852746
1.151371
0.933038
0.802557
0.952951
0.925326
0.778634
1.018012
0.952731
0.962849
0.919123
0.868929
0.871674
1.066492
0.885885
0.950924
0.925784
0.978344
1.042908
0.896466
0.901947
0.916814
0.895572
1.026678
1.051831
0.888850
0.816766
0.989157
0.973878
0.952549
1.058199
1.051852
0.732282
0.976973
1.021632
0.861931
1.011111
0.988405
0.733093
0.945599
0.870006
1.028157
0.904596
1.004404
1.055341
0.838178
1.067441
0.888587
0.918833
0.993700
1.099664
1.029650
1.070884
0.966822
0.963634
1.068993
0.999356
1.155108
1.037565
0.880735
0.928611
0.958799
1.117187
0.883609
0.930320
1.029993
0.905121
0.900264
1.007848
0.949981
0.983051
0.827486
1.004765
0.705397
1.068607
0.802358
0.959144
0.918445
0.969238
0.830561
0.773799
0.814570
0.900223
0.864296
0.848150
1.101970
0.852409
0.977683
1.038634
1.000779
1.077444
1.020326
0.930827
0.945025
0.734260
0.889933
0.848828
1.044294
0.984336
1.024108
0.814977
0.805707
0.861992
1.089793
0.921658
1.014419
0.877780
1.103259
0.881811
1.021175
1.039355
0.873397
0.967692
0.923957
1.081822
0.800017
0.894243
1.037939
0.732296
0.857373
0.947965
1.048672
0.693514
0.788616
1.029156
0.982124
1.051088
0.966385
0.901987
1.144275
0.865974
0.940660
0.958559
0.935490
0.934038
0.982090
0.849565
0.733579
1.076498
0.995906
1.052997
0.935101
0.885746
1.027431
0.694274
0.936659
1.064889
1.047670
0.874005
0.963067
0.889805
1.011550
0.991043
0.970890
0.990792
0.849107
1.005888
0.992777
1.067149
1.089638
0.919705
1.066542
0.975643
0.840344
0.511881
0.931738
0.742131
0.942349
1.027827
0.934736
1.086259
0.902960
0.780338
0.988543
0.870499
1.009171
0.963060
1.137722
0.897969
0.991004
0.721695
0.759122
0.665433
1.006337
0.992771
1.085392
0.805018
0.884212
1.002386
1.098141
0.757161
0.944359
1.131434
1.065345
0.816167
0.978535
1.072993
0.897786
0.866447
0.985775
0.993811
1.098230
0.853863
0.948360
0.970832
0.878248
1.036644
0.956158
1.104852
0.877831
0.755211
0.824695
1.089324
1.005292
1.049553
1.014733
0.904268
1.099893
1.052541
1.005732
0.808111
1.030807
0.919164
0.865731
0.808259
0.962379
0.962304
0.989807
0.909050
1.037973
1.065632
0.920759
0.890801
0.950163
0.947503
0.964993
0.921018
0.852611
0.724890
1.006261
1.089420
1.157281
0.959943
0.996887
1.041620
0.822617
0.909464
0.983332
1.018555
0.900490
0.871106
0.925944
1.066132
1.087921
0.954110
0.847516
0.886944
0.898984
0.905847
1.058455
0.856085
0.908968
1.057135
1.033508
0.930193
1.076762
0.926285
1.032156
1.062630
0.933102
0.889683
0.739271
0.848207
0.889725
1.018959
0.997404
0.959976
0.925513
0.993301
1.049903
1.165288
0.976809
0.706254
0.883645
0.916998
0.930396
1.095605
0.817948
1.026109
1.081334
1.157629
1.016972
1.025723
1.006484
0.869246
1.037458
0.912825
1.019851
1.026492
0.946079
0.872241
0.782207
1.053314
1.016975
1.077379
0.817098
0.963658
1.081806
0.897273
0.955043
0.926456
0.927019
0.758417
0.907110
0.780205
0.873462
0.738014
0.967141
1.102641
0.904780
0.997740
0.929456
0.740948
0.907813
0.999559
1.054455
1.129227
1.050532
0.533356
1.006869
1.019015
1.137818
0.854957
0.925150
1.074904
1.017986
1.070020
1.136765
1.051931
0.734145
0.778775
0.815308
0.923999
1.042117
1.047000
0.830570
0.751012
0.884737
0.930397
0.840258
0.898453
0.974702
0.900519
1.016380
1.086392
0.698085
0.863826
1.035585
0.843068
0.909124
1.166006
0.955088
0.723816
0.969719
1.104911
0.939347
1.057818
0.819534
0.686047
0.892248
0.906469
1.062057
0.877632
0.891227
0.851567
1.071418
1.103331
0.996916
1.026629
0.948402
0.959634
0.946979
0.803762
1.082288
0.909855
0.832244
1.087361
0.976722
0.934371
1.055871
1.126225
0.990104
1.019914
1.013116
1.103097
0.924418
1.078386
0.981307
0.807581
0.909634
0.831836
0.777796
0.945749
0.682546
0.950112
1.133603
0.998221
0.991357
1.118175
0.793546
1.027538
1.180983
1.083375
0.949004
1.042631
1.174427
1.030290
1.008228
1.059027
0.856795
1.077360
1.008027
1.076333
0.812477
1.011665
0.923271
1.144228
0.856861
0.842907
0.886433
1.119578
0.628014
0.763642
0.949147
0.967376
0.893302
0.933017
0.459920
0.889925
0.954418
0.945306
1.026088
1.011170
0.785783
0.736126
1.058346
1.037176
0.845936
0.923123
1.039823
0.934282
0.968540
1.086120
0.979571
0.883669
1.091497
0.936090
1.188780
1.018670
0.995135
1.011057
1.096456
1.014509
1.014477
1.055035
0.995176
0.825153
0.956791
0.891563
0.842460
1.045865
1.036695
0.906261
1.079235
0.941143
1.038282
0.856329
1.016248
0.943647
1.100593
1.043235
1.035864
1.160449
0.729446
0.973086
1.065279
0.970182
0.926782
1.131280
0.833001
1.142437
0.873573
0.998664
1.025764
0.788913
0.971419
0.890517
0.893750
0.973610
0.847823
0.680394
1.098216
1.006349
1.038840
0.994701
0.928012
0.974809
0.973407
0.790632
0.909671
0.594410
1.105350
0.924588
1.090229
1.042633
0.707278
0.788068
0.781740
0.772171
1.018287
0.890178
0.896888
0.932198
0.656570
1.031395
1.038722
1.006152
1.000286
1.051321
0.902615
1.069773
0.956130
1.061792
1.023685
1.014389
0.940792
0.802639
1.014257
0.985940
1.061432
1.155257
0.938320
0.974490
1.173837
1.029923
0.893411
0.866894
1.084359
1.101018
1.175700
0.910911
1.056581
0.933955
1.006435
0.855637
0.871647
0.974126
1.073061
0.718009
0.639979
0.698573
0.688038
1.092459
0.876520
0.918472
0.955348
1.138588
1.032760
0.747620
1.062006
0.936291
0.822935
0.858018
0.974008
0.953591
1.114579
0.844422
0.718106
1.074190
0.966735
0.884506
0.873778
0.994369
0.895588
1.003845
1.082208
0.850427
1.005154
0.885877
1.111826
0.888319
1.014929
0.915966
0.929067
0.988161
0.970922
1.092445
0.587262
0.818181
1.049969
0.990332
0.837882
1.022206
1.010887
1.029143
1.052172
0.823307
0.968117
0.867522
0.992344
1.166119
0.952799
1.062364
0.874518
1.011865
0.917273
0.997323
0.871194
0.851448
0.944386
1.012826
0.765215
1.041156
1.003830
1.040202
1.077694
1.034690
0.888257
0.957702
0.902700
0.873316
1.097495
0.970517
1.069386
0.829675
0.891396
0.925448
1.006742
0.905265
0.871906
0.867363
0.872628
1.002572
0.798349
1.060426
1.022227
1.045865
0.971531
1.093041
0.876711
0.854626
0.995815
0.896710
1.020954
0.932550
1.056638
1.032612
0.937727
0.943552
1.154454
0.923796
0.903471
0.838771
1.113870
0.789875
0.913634
0.849323
0.977914
1.010248
0.964068
0.954324
0.929305
1.076540
0.905445
0.966434
0.968474
0.912941
1.011148
0.902481
0.828488
1.015106
0.845833
1.021599
1.017172
0.780686
0.949142
1.072654
1.052123
0.922292
0.797020
0.728568
0.828794
1.034467
0.954649
0.922526
0.697063
0.760224
0.982082
0.894458
1.004657
0.943083
0.979516
0.685097
1.089645
0.815788
0.879950
1.000245
0.772051
1.102950
1.095633
1.039335
0.856488
1.015569
1.016669
0.839770
1.073641
0.843650
1.036265
1.061305
0.929844
0.843606
1.084702
1.026165
1.080994
0.965877
1.071870
1.115424
0.959184
0.672417
0.873354
1.025538
0.941973
0.831776
1.045092
0.997634
1.088988
1.038651
0.623609
0.742014
0.845242
1.133929
0.985253
1.139990
1.126689
1.062627
1.051719
0.984771
1.086211
0.842055
1.049098
1.056002
0.915541
1.050528
0.870561
0.859216
0.962761
0.888914
0.741898
1.022979
0.868530
0.838492
1.011546
0.995327
0.983944
1.094413
0.924455
0.888494
1.141869
0.993170
1.026726
0.949095
1.081679
1.100623
0.938258
1.095026
0.906175
0.939261
0.997338
0.970487
1.014186
0.986329
1.040767
0.713987
1.109323
1.028409
1.057703
0.962376
0.675627
0.715424
0.841155
1.030049
0.975370
1.005823
1.024497
0.922296
0.745509
0.945292
0.857924
1.004533
1.063494
0.867457
1.020103
0.778757
0.672474
0.861738
1.004899
0.735315
0.987273
0.955714
0.893581
0.852624
0.919965
1.045606
1.035865
0.903384
1.092226
1.045043
0.974511
0.870129
0.942309
0.898450
0.731672
0.954500
0.944287
0.815450
0.972252
0.928373
1.031526
0.996659
0.646646
0.991200
1.241257
0.876170
0.835428
0.974509
1.052262
0.711746
0.988103
1.017764
0.789288
1.072353
0.846924
0.751927
0.797416
0.802448
0.933854
1.014656
0.921860
1.013050
1.019257
0.792427
0.865120
0.667933
0.962800
0.959764
1.010524
0.775921
1.012098
0.967972
0.796163
0.797965
0.999417
0.968001
1.086072
0.934480
0.848816
1.013041
0.734622
1.088389
0.912485
1.036096
0.812393
0.996130
1.096719
0.740085
1.019201
1.013516
0.886304
0.934008
1.060809
0.710353
0.911928
0.927621
0.988836
1.043423
0.983856
1.047634
1.066476
0.973716
0.972659
0.974666
1.053532
0.995773
1.030755
1.008855
0.998425
1.131266
1.123485
0.976019
1.022546
0.754822
1.095459
1.036044
0.709560
0.972743
0.948993
0.857346
0.934794
0.897189
0.850567
0.910658
0.937835
0.834258
0.915048
0.977611
0.846165
1.063281
0.885843
0.986790
0.954631
0.908636
1.035193
0.589075
0.822770
0.695959
1.130817
0.909030
1.037533
1.167260
0.932906
1.080580
0.921738
1.046017
1.038784
0.815909
0.849438
0.945467
0.786004
0.905476
0.730656
0.911892
0.961093
0.989571
0.847670
0.975632
0.848620
1.013952
1.067207
1.097925
0.998215
1.084268
0.990324
1.121785
0.748387
0.918513
1.101625
1.031449
0.969291
0.938782
0.757077
0.752543
1.069676
0.859941
1.161511
0.989331
1.054577
1.132342
0.931401
1.081018
0.939895
1.113070
1.031679
0.915771
0.875057
0.869275
1.085507
1.106749
1.064573
0.924782
1.071814
0.989053
0.977689
0.719599
0.910378
1.011486
0.988037
0.577982
0.917235
0.875369
0.856574
0.841242
0.670113
0.860422
0.960881
1.022392
0.737682
1.019852
0.986917
0.860223
0.831887
1.084796
0.995883
1.002269
0.956447
0.978429
0.938164
0.951533
0.858603
0.931655
0.860728
0.868505
0.981070
0.929905
1.151695
0.729598
1.040273
0.880613
0.828985
0.900257
0.981823
1.192576
0.793396
0.981179
0.988263
0.925640
0.834939
0.927692
1.042409
0.904610
0.842542
1.059052
1.007538
0.754844
0.795359
1.105610
0.882891
0.890491
1.020537
0.916606
1.067537
1.023083
0.814294
1.048655
0.983907
1.043305
0.782209
1.060487
1.040527
0.883194
0.989687
1.072689
0.710261
0.781036
1.042237
1.072966
0.976331
1.108605
0.713035
1.051483
0.931867
0.933834
1.164995
0.614009
1.002682
1.124386
0.788933
0.559164
0.935942
0.939636
0.989050
1.121997
1.016460
1.052011
0.971587
0.950720
0.996148
0.874869
0.924519
0.982134
1.006861
1.060991
0.834521
1.032307
0.842048
0.902208
1.059745
0.959985
0.764432
1.099427
0.970308
1.050367
1.094722
0.922248
0.958852
0.870260
1.027768
0.805075
1.042131
0.976287
0.829796
0.945862
1.111569
0.923391
0.758067
0.855310
1.042520
0.899460
0.891954
1.022298
0.839110
1.106156
1.090822
0.811321
1.069972
0.730360
1.052090
1.090361
1.103750
0.953053
1.043176
0.917003
1.015020
0.861241
0.961101
1.004392
0.891993
1.097290
1.041734
0.980551
1.020449
0.902995
0.853980
0.703359
1.077268
0.756492
0.998548
