0.933860
0.976736
1.101136
1.047888
0.909116
1.022095
1.115439
0.843549
1.017048
0.904459
1.031368
0.926578
0.983460
0.908928
0.986155
0.983826
0.928383
1.002013
1.064983
1.015637
0.960707
0.920825
0.856423
0.592315
0.963086
0.769703
1.008855
0.995693
0.920511
0.829370
0.877262
0.972437
0.930940
1.096912
0.935871
0.981615
0.852767
1.035595
0.925821
1.022245
0.867413
1.027936
0.995093
0.962419
0.999104
0.983564
0.977599
0.882224
0.967305
0.888561
1.140938
0.631412
1.000609
0.991327
0.913542
0.977904
1.052920
1.074766
0.996996
0.922847
1.115666
0.910420
0.875457
0.917869
1.075692
1.023307
1.040170
0.984568
1.032124
0.991169
0.872173
0.856562
1.019162
1.024937
1.075825
0.838290
1.007877
1.024922
1.100716
1.030433
0.900352
1.029997
1.163133
0.954491
1.042982
0.947522
0.960899
1.081645
1.041818
0.972782
0.652702
1.045956
1.050759
1.004306
1.016035
0.748935
0.998144
0.796796
1.057650
0.952753
0.916175
0.990395
0.980663
1.085159
1.105716
1.018561
0.886623
0.894399
0.969103
0.880340
0.974740
0.926015
1.070119
0.973467
0.924453
1.052768
1.026836
0.772522
1.109141
0.990231
1.088307
0.878696
0.949510
1.124957
1.068857
1.007320
0.860441
1.001958
1.079435
0.943763
0.926363
0.998061
0.917833
0.862306
0.765239
0.807609
0.986477
1.095611
0.860310
1.076274
0.951594
0.896487
0.978403
1.038740
0.810741
0.995215
1.071973
1.008545
1.034200
0.954802
1.021515
0.971582
0.880502
0.987486
1.016935
0.849029
0.945924
0.979136
0.850332
0.847425
1.084160
0.862956
1.074309
1.021350
1.020653
0.788052
0.804866
0.925654
0.997886
0.871029
1.027857
1.115914
0.804487
1.104910
0.856466
0.964541
1.099223
1.041714
1.051378
1.035171
1.084518
0.844703
1.000906
0.916265
1.055898
0.989172
0.822781
0.976550
0.767445
1.016575
0.898047
0.925462
1.044152
0.975119
1.000203
0.980124
0.808546
0.978370
0.895546
1.019911
1.006769
1.087298
1.078304
1.044440
0.859192
0.930699
0.746416
0.759216
1.024516
1.109882
0.874046
0.823430
1.029618
0.907149
1.062249
0.998096
0.975266
1.028115
0.956231
0.919797
1.000124
1.024637
0.957716
0.868095
0.860451
0.811628
1.046723
0.885059
0.839754
1.080534
1.048323
0.905967
1.116699
0.996982
1.100201
0.849699
0.985995
0.843395
1.059573
1.083530
0.945891
0.841160
0.856261
0.929449
1.032845
1.142197
0.976919
1.034615
1.038001
0.848372
0.841642
0.772319
0.990569
0.809538
0.885720
0.977497
1.075058
1.043859
0.971861
0.855001
0.824339
0.982646
0.763832
0.887467
1.182623
1.042054
0.973660
0.689267
1.114601
1.151329
0.981170
0.970610
0.833664
0.957839
0.875769
1.074392
1.029610
0.910915
0.939182
0.915944
1.048089
1.065369
0.985265
0.972228
1.149019
0.854432
1.017244
1.045969
0.992765
0.912099
0.852545
1.026767
1.071488
0.922125
0.983786
1.003435
1.119001
0.932326
0.869310
0.972318
1.033051
0.912620
1.015234
0.870215
0.961362
1.015426
1.041650
0.942772
1.007661
1.098829
0.955534
0.886128
1.048892
0.718807
1.032716
0.931256
0.886657
1.048543
0.988786
0.954140
1.003750
0.923858
1.031547
1.046864
0.769593
1.026778
0.833345
1.088852
0.759945
0.786649
0.980653
0.828337
0.929798
1.056233
0.891568
1.089653
1.039995
1.015926
0.989123
0.828667
0.919469
0.909992
0.904038
0.832723
1.017137
0.954527
1.045142
1.001075
1.013255
1.052635
0.928130
1.068593
0.928691
0.993212
0.941141
1.015554
0.862893
0.792191
0.920091
1.082581
0.960066
0.755522
0.910671
0.998741
1.076823
0.992181
0.942043
1.055383
1.053422
1.029409
0.788302
1.030995
1.020639
0.826409
1.001242
1.047224
1.021578
0.907913
0.949688
0.886943
0.876819
0.946696
0.972557
0.954658
0.984245
0.986324
0.789469
0.985311
0.995403
0.923311
0.908876
0.941256
1.094339
0.999863
0.898896
0.902101
0.905432
0.852971
0.992557
0.928986
0.942777
0.771463
0.944467
0.884604
0.858505
0.954135
1.022199
1.055902
1.011860
0.985150
0.997336
0.947385
0.709928
0.916448
1.049980
1.106632
1.028243
1.054143
0.981234
0.759256
1.019430
1.037463
0.824826
0.967529
1.015896
1.012256
0.854092
1.136887
0.940217
1.123928
0.831533
1.012050
0.987736
0.990058
0.990995
0.741392
0.722123
1.039741
1.036482
1.072678
0.975276
0.922275
1.056767
1.112220
1.012189
0.967077
1.064110
0.935666
0.900771
1.026438
0.949083
0.965440
0.902228
0.953217
0.989511
0.714204
1.004100
0.848737
1.009707
1.072220
0.691123
1.056645
1.034673
1.022325
0.748996
0.901466
0.918853
0.972719
0.922455
1.035585
0.915836
0.665215
1.037164
0.782633
1.021673
0.816171
0.942663
0.965921
0.867234
0.736148
1.024211
0.988582
1.024758
0.979151
1.063251
0.998467
1.045496
0.805846
0.918232
0.966675
0.993001
1.008339
1.046018
0.979661
1.134051
1.010339
0.988970
1.015768
1.057031
1.039935
1.090356
1.050453
0.675240
0.906345
1.002448
0.833062
1.091954
0.988085
1.017040
1.017638
1.004707
1.032572
0.780917
0.920033
0.886047
1.018037
1.013183
0.992135
0.920591
1.121906
0.974488
0.989483
0.994013
0.901456
0.988267
0.612356
1.085132
0.642550
0.916426
1.022932
0.752727
1.072195
0.995659
1.030571
0.816794
0.934186
1.048793
1.035618
1.030747
0.809924
0.856794
0.820622
0.920304
1.000871
0.830396
1.074177
1.020088
1.006626
0.983659
0.973501
1.072960
0.664816
0.845881
0.993365
0.904128
0.735302
0.686746
0.988391
0.914610
0.974513
1.026845
0.879299
0.890016
1.025356
1.049403
0.725148
0.986298
1.105007
0.838972
0.809267
0.970052
1.000331
1.003249
0.964210
0.758658
0.928018
1.024818
0.873599
0.981619
0.886504
1.000564
1.021190
1.108336
1.120330
0.932837
1.174906
1.056451
0.775862
0.896450
1.006407
0.962354
1.084650
0.901763
0.869621
1.014409
0.969863
1.106196
0.725022
1.018310
0.952281
0.824303
1.028555
0.894391
0.977974
0.955406
1.067428
1.098844
0.928868
1.015014
0.875718
1.057409
0.859625
1.037295
0.934613
0.763258
0.898682
0.967572
0.963162
0.965711
1.034339
1.022775
0.823080
1.049557
1.033273
0.883381
1.032640
1.054019
0.926807
0.952807
1.045263
0.896660
0.993335
0.945933
0.918027
0.756714
0.657378
1.054353
0.868719
1.001624
0.981772
0.856159
0.947079
0.810535
1.099246
0.981295
0.941082
0.908664
1.061734
0.812495
0.943439
0.930290
0.993197
0.983426
1.090518
1.070842
0.974599
0.872505
1.070722
1.049846
0.940391
1.069411
1.121109
0.892708
0.863346
0.968657
1.068299
0.822483
0.874447
1.028165
0.909601
1.049029
1.059824
1.076571
1.025556
1.039885
1.048060
1.033677
0.866925
0.838789
0.998507
0.922910
1.105829
1.093688
1.010973
0.827216
0.946105
1.092457
1.072890
0.930639
1.046934
0.920670
0.892787
0.951121
1.087828
1.082891
0.725580
1.050834
0.878707
0.996068
0.668469
1.037532
0.829679
0.955379
0.883082
0.939774
1.072779
1.112835
0.794160
0.973963
0.931663
1.072079
0.962205
1.073988
0.788620
0.886059
0.995341
1.096741
1.059126
0.855082
0.958183
0.994367
0.969409
1.023533
0.781183
0.847000
1.052396
0.754620
0.890581
0.936031
1.100251
0.773984
1.007907
0.898206
1.007940
0.846901
0.737881
1.007158
0.989714
0.911572
0.986658
0.918840
1.053761
0.819519
0.840379
0.980932
0.938086
1.065399
0.983300
0.988215
1.101079
0.726637
0.978864
0.774089
0.892471
1.157625
1.082768
0.782572
0.843076
1.044879
1.049682
0.912441
0.991540
1.102452
0.893045
0.990758
0.823790
1.076876
1.041751
1.019671
0.856373
0.938951
0.890058
0.962961
0.971375
0.958413
0.809864
0.880309
0.893309
0.942623
0.772290
0.687324
0.924562
0.957265
0.682818
1.029773
0.994289
0.856973
0.952235
0.892052
0.907345
0.785206
0.935746
0.955858
1.028213
0.895388
0.940347
0.903547
1.131895
1.095038
1.066155
0.977946
0.907664
1.005374
1.115629
1.092411
0.931977
0.983430
1.122918
0.956030
1.082425
0.838690
0.801433
1.031099
0.980713
0.915199
0.949576
0.849423
0.862334
0.988563
0.987813
1.016183
0.996885
0.939230
0.868322
1.027634
0.943583
1.010527
1.001497
1.013577
1.016650
0.926000
0.860715
0.903662
1.032382
1.030322
1.081427
1.057528
0.955949
0.797758
1.068787
0.936076
1.052133
0.845700
0.985961
0.724588
1.159868
0.944707
0.921064
0.989003
0.801827
0.936421
0.843302
0.796731
1.042334
1.039198
1.086466
0.998243
0.840428
1.013727
0.989704
0.856412
1.075775
1.005943
0.987240
0.846094
0.901493
1.002269
0.971214
1.094546
0.962877
0.943754
0.816819
0.971203
0.975619
1.038293
0.772452
0.872651
0.786120
1.001265
1.053425
0.886639
0.830818
0.826545
0.932420
0.785555
0.793859
0.939960
1.071716
0.868870
1.042084
1.032016
1.124819
1.060195
0.951949
0.945517
1.071556
1.030263
1.004689
0.988053
0.966322
1.018164
1.024090
0.766839
1.013658
0.986456
0.969210
1.078871
1.037476
0.843688
1.009026
0.953510
0.895789
0.958317
0.844946
0.893778
1.016464
1.000626
0.900485
1.028576
0.710204
1.015191
0.994542
1.022569
1.062117
0.994052
1.005751
0.965470
0.836308
0.967799
0.934792
0.961030
0.972335
1.072691
0.916487
0.871799
0.971375
0.980238
0.877356
0.935414
0.820184
0.879830
0.973653
0.950703
0.765851
0.933804
0.920543
0.956254
0.935062
0.906047
0.919097
0.976275
1.033668
0.949423
1.095888
0.890520
0.897586
0.862141
0.941163
1.074373
0.930084
1.096933
0.991994
1.098628
0.929691
0.977763
0.673797
1.046688
0.967238
1.000799
0.913528
0.817451
0.848666
0.884793
0.740205
1.058523
1.010565
1.039036
1.102359
0.954572
1.076509
0.998138
0.980480
0.959553
0.715400
0.987804
1.012725
0.870391
1.043586
0.952397
1.067694
0.729507
1.015712
1.013128
0.848108
1.047836
0.999366
1.070869
1.036007
0.952424
1.027262
0.770026
0.975377
0.808774
0.774881
0.990579
0.940789
1.083786
0.864646
0.936324
1.021368
0.994985
1.043954
1.044318
1.039215
1.013036
1.058851
1.041971
0.914977
0.983428
0.932593
0.977089
0.596438
1.093061
0.910717
0.998700
0.925020
1.027386
1.021179
0.854836
0.916021
0.605768
1.050761
1.063156
0.888013
0.868046
1.007976
0.981136
0.890847
0.986040
1.007772
0.765642
1.110581
1.065685
0.800005
0.861111
0.901046
0.870679
1.012802
1.037647
0.888099
0.819890
0.904162
1.043829
1.135855
1.132548
0.881095
1.055666
1.116559
0.885768
0.935264
0.947088
0.875647
0.865475
1.011955
0.968835
0.948154
1.007575
1.014262
1.043922
1.054527
0.996694
1.053696
0.682780
0.961589
1.028458
0.946890
1.030760
1.036402
0.925914
0.941239
0.967225
0.888607
0.954938
0.999612
1.084543
0.964507
0.934468
0.944463
1.007119
0.942327
0.950008
0.998453
0.838249
1.024345
0.966462
0.931486
1.053609
0.855600
1.110190
0.909095
0.936454
0.818726
1.067517
1.008553
0.878146
1.084562
1.021974
0.969416
1.044640
1.029263
1.077500
0.798962
1.077656
1.006804
0.999749
1.077113
0.926056
0.909846
0.861229
0.974846
1.079171
0.893856
0.932318
0.912040
0.955782
0.979926
0.960809
1.107153
0.805596
1.114068
1.009294
0.998441
0.848871
1.017219
0.846318
1.001197
1.055124
0.991687
0.697138
0.934800
0.878679
0.984757
0.781878
0.830429
0.998623
0.963554
0.943938
1.050280
0.727813
0.943215
0.939890
0.615929
0.982340
0.925696
1.075543
1.028518
0.952915
1.017608
1.056911
1.060852
0.784034
1.001685
0.955939
0.904355
0.999576
0.896139
1.068902
0.893499
0.950948
1.062417
1.019533
1.130342
0.867356
1.067777
0.837406
1.090795
0.899756
0.973137
0.865975
0.986240
0.836521
0.910166
0.932439
1.054976
0.951942
0.866234
1.062782
0.980308
0.938683
0.984915
0.872315
0.938730
0.938108
0.831315
0.906362
1.056029
0.961420
1.029336
1.013424
0.755185
1.135102
0.913453
0.865960
0.906975
0.975754
0.955445
1.022426
1.061224
1.089363
1.018790
1.064998
1.042848
0.995208
0.947706
0.783901
0.530603
1.050145
0.777301
1.044705
0.728244
0.975535
0.954483
0.917885
1.062951
0.878709
1.027805
1.019635
0.964593
0.910702
0.909083
0.971291
0.975898
0.892881
0.873086
0.897219
1.082937
0.901011
1.124788
1.062723
0.986671
1.032690
1.022054
1.077833
1.086998
1.037485
0.927099
0.985945
0.958935
0.943681
1.049601
0.798167
1.057729
1.063070
1.101679
0.960258
1.072040
0.989985
0.931493
1.106774
0.884771
1.003392
0.703532
0.974302
0.818404
1.103280
1.003517
1.026505
0.885355
0.989253
0.751663
0.849582
0.971256
0.801666
0.806195
0.947620
0.939982
0.886630
0.778188
1.003332
1.027247
0.960323
0.910218
1.052233
0.980245
0.697894
1.031193
0.930210
1.080783
1.019734
0.966108
0.917217
1.138153
0.961824
0.990570
0.989854
0.896773
0.887061
0.943396
0.987899
0.926982
1.088614
1.005272
0.985086
0.850975
0.911547
0.825252
0.983535
0.977618
1.070463
0.824201
1.023302
0.792166
0.740983
1.077140
1.032098
1.059249
0.963541
1.110685
0.959231
1.106685
0.948832
1.044731
0.970930
0.940990
0.978886
1.124519
0.913474
0.787302
1.011863
0.984274
1.020605
0.779745
0.807992
1.079658
0.827395
0.992292
1.004452
1.087160
0.912907
1.025105
1.024005
1.042315
1.076360
0.997369
0.822222
1.114742
0.842648
0.857700
1.063667
1.102891
0.865688
0.959814
0.925552
0.954251
1.006492
1.011697
0.847593
1.005544
0.989254
0.940328
1.022277
0.987243
0.739605
1.051939
1.011223
1.031339
0.934086
1.095547
0.953722
0.855123
0.959892
0.993275
1.014897
0.873006
0.982663
0.876812
0.967612
0.906436
0.974283
1.000953
0.828847
0.949345
1.008638
0.879735
0.907843
1.114756
0.707949
1.019219
1.016281
1.075005
0.983756
1.027057
0.917527
0.804213
0.882477
0.904190
1.082512
1.004870
0.932205
1.126310
1.005947
1.119407
1.062573
0.948017
0.863354
1.010012
0.907633
0.852729
1.063860
1.015889
0.934143
0.960169
0.921096
0.918704
0.858891
1.009506
0.866146
0.971317
0.900528
1.070366
0.915304
0.972219
0.950267
1.009850
0.937916
0.975918
0.833098
0.914916
1.022890
1.146156
0.874333
0.943805
1.036864
1.002422
0.954461
0.743819
0.774046
0.927869
0.808643
1.034625
0.845142
1.028747
0.937297
0.939406
0.964896
0.891160
1.022178
1.009759
1.055639
0.783232
1.010918
1.020842
0.970384
0.938281
0.886862
0.958310
1.030721
0.931929
0.885578
1.043574
0.965473
1.031012
0.961654
0.873510
1.073236
1.149759
0.957556
1.001873
0.819723
0.864001
0.844711
1.061839
1.045186
0.889095
0.857256
1.093022
1.013264
0.974369
1.017586
1.003114
0.984633
0.912776
0.983087
1.028813
1.027107
1.045083
1.146055
0.997753
0.941080
1.035420
1.013120
1.090793
0.982842
1.028988
0.621886
0.897343
1.028931
0.959437
0.942331
0.703074
1.051831
0.979293
0.990147
1.095686
0.968527
1.043384
1.033949
0.930477
0.981047
1.117587
0.975296
1.048553
0.977416
0.985819
0.964955
1.087944
1.033066
1.075988
1.019899
1.010459
1.099490
0.921018
0.718065
1.025410
1.041243
1.036660
0.863626
0.876353
0.987205
0.992705
0.989173
0.777631
0.962351
0.997829
0.973695
0.797763
0.969392
1.120134
0.921620
0.935639
0.598335
1.050067
1.080549
0.899913
0.972781
1.014625
1.021074
0.990971
1.025203
1.027957
1.055866
1.037983
0.934480
1.010676
0.710073
0.907179
0.800144
0.787300
0.899800
1.049081
0.782236
1.132564
1.019819
0.785344
0.949722
1.007801
0.720820
1.026469
0.934963
1.031697
0.815741
0.800046
0.863903
0.966880
0.955852
0.871277
0.981359
1.084501
1.074285
1.010925
0.962428
1.040361
0.954197
0.890934
1.056646
1.047103
0.996679
0.855294
0.954543
0.888899
0.830301
0.845149
1.048797
0.895583
0.853256
0.979753
1.063774
0.941506
1.036557
0.796135
0.998926
0.986870
1.053297
0.768077
1.006905
0.883653
1.136999
1.017353
0.921723
0.931426
0.891419
0.839586
0.985950
0.899624
0.951598
1.110669
0.776750
1.037731
0.989970
1.004489
0.751252
0.924609
0.829021
0.937756
0.944169
0.843020
0.918395
0.931877
1.071021
0.857105
1.012603
0.968855
0.925104
1.025354
0.760039
1.026902
0.969202
1.015456
0.737995
0.998720
1.024167
1.153451
0.865955
1.036952
0.957415
1.011870
0.845979
1.003789
1.098657
0.959896
1.098002
0.864642
0.859478
0.939817
0.868922
1.039891
1.042820
0.969746
0.913699
0.959536
0.980870
0.952051
0.762682
0.839713
0.970484
0.621497
0.900681
1.060787
0.941763
1.004581
1.028460
0.966966
0.926784
0.865184
0.682663
0.828112
0.997720
1.090080
0.987593
0.970522
1.021847
1.055983
0.878869
0.972784
1.082522
1.039001
1.069475
0.855577
1.002099
0.916169
0.947441
1.002780
1.092862
0.842367
0.952942
0.850528
1.158235
1.107734
0.840735
0.767010
0.982682
1.005268
0.901102
0.723213
0.701258
0.921496
0.942279
1.040593
1.073707
0.937119
0.892943
0.950156
1.043447
1.073038
0.939982
0.850573
0.896730
0.996392
1.085420
0.937451
0.887956
0.675295
1.113824
1.025995
1.101758
1.040098
1.005393
0.834149
0.988365
1.072095
1.038767
0.997162
0.850662
0.942401
0.935076
1.043264
0.957744
1.017639
0.940062
0.927970
1.044190
1.018509
1.030842
0.933149
0.969484
1.012376
0.817106
1.048351
0.612958
1.032452
1.023418
0.954189
0.879732
1.018948
0.931185
0.904307
1.101973
0.965254
0.937357
0.886198
0.917571
1.039840
1.015926
1.024678
1.062166
1.005688
1.073840
0.930810
0.974368
0.860268
1.072438
1.001061
0.850852
1.096891
0.974102
1.018698
1.027867
1.021702
0.869637
1.042145
1.004947
1.025644
1.043222
0.914558
0.905839
1.030461
0.959938
1.001787
0.874366
0.743752
1.121594
0.830484
1.076791
1.045413
0.950775
0.926654
1.028327
0.779767
0.995006
1.070695
0.977290
1.014261
0.755619
0.842777
0.960836
0.946919
0.920660
1.043554
0.885692
0.807560
0.947013
0.994271
0.946758
0.692885
1.122996
0.981424
1.007105
1.010443
0.958707
1.014745
0.935432
0.969739
1.011780
0.991298
0.998867
0.825350
0.936156
0.970325
0.971790
0.987119
0.905406
0.796811
1.031368
0.982756
1.017999
0.799390
1.038707
0.960485
0.850624
0.846412
0.867608
1.053501
0.927896
0.913086
0.889412
0.740484
1.006959
1.085365
0.884295
1.054118
1.082349
0.982335
1.029227
0.988974
1.051842
0.875574
1.083332
1.012435
0.857293
0.993789
1.034155
0.937136
1.008514
0.979252
0.936295
0.955026
1.092857
1.026689
1.022137
1.104535
0.703824
0.807688
1.003865
0.934724
1.014720
0.961845
0.979936
0.802151
0.724451
1.036845
0.617315
0.956109
1.000268
0.945161
1.003897
0.972293
1.055728
0.971984
0.909231
0.863186
1.030347
0.944738
1.031230
0.993333
0.981539
1.004425
1.041746
0.957467
1.046260
1.020512
1.086557
0.854020
1.069777
1.049674
1.017363
0.999979
0.916973
1.084711
1.028004
0.962577
1.035690
0.886165
0.996459
1.007398
0.866626
0.965883
0.935243
0.928516
0.983111
1.073148
1.013520
0.828362
1.074567
1.012971
1.110394
0.994204
0.955969
0.926909
0.881572
1.058437
0.687659
0.958243
0.987735
1.033580
1.091795
0.901206
1.023141
0.947814
1.043959
0.913722
0.947655
1.060530
1.033150
0.713090
0.904975
1.051917
0.977309
0.964472
0.919174
1.104127
1.032542
0.969693
0.827831
0.854374
1.070143
0.931506
0.948124
1.031567
0.974040
0.911389
1.058857
0.976638
0.972859
0.972274
0.925534
1.120465
0.984042
0.865030
0.978581
0.982738
1.017580
0.939161
0.896475
1.005796
1.054914
0.990436
0.875417
1.015767
1.075345
0.928261
1.015223
0.919903
1.147842
0.785187
0.932975
0.951030
1.054775
0.940272
0.976361
0.964539
0.836263
0.621888
0.948789
0.921459
1.113301
1.025705
1.001346
0.878596
0.807646
1.048042
0.881633
0.881313
0.824884
1.009731
1.018302
0.957397
1.094426
1.049190
0.989770
0.932927
1.039494
1.046508
0.937779
0.935218
0.783641
1.008133
0.991077
1.032536
1.032944
1.040815
1.040012
1.047386
0.988196
1.086031
1.094341
0.863731
0.922542
1.013727
0.987735
0.767437
0.801857
1.050933
0.897657
0.958256
1.027249
0.894959
0.900702
0.945342
1.045741
1.055440
0.873796
1.009176
1.020196
0.915801
0.949199
1.050951
0.975228
0.888701
1.021002
1.031810
1.006420
0.955678
1.107351
0.801677
0.862446
0.995687
0.998165
0.890602
0.940896
0.964782
0.893351
1.076320
0.904322
1.052864
0.939710
0.792141
1.018029
0.996111
0.971291
0.928271
0.990787
1.027769
1.130068
0.923544
0.993990
1.042659
0.914778
1.043245
1.055003
1.036514
0.869080
0.881579
0.831178
0.961112
1.046346
1.036988
0.749267
0.689889
1.077330
0.979592
1.062136
0.922417
1.006834
0.953714
1.122422
1.043952
0.752495
0.773215
0.989570
0.944238
0.887202
1.076599
0.996948
0.925463
1.049882
1.079355
0.925666
0.674028
1.062738
0.916143
0.916347
0.989238
1.076683
1.034072
0.957199
0.953200
0.803897
1.104008
1.098330
1.049278
1.030270
0.974491
1.049296
0.989868
1.061146
0.834093
0.940634
0.771101
1.043563
0.918155
1.029112
0.763648
0.819238
1.061197
0.982143
0.975170
1.094908
0.970296
0.936179
0.957050
0.966665
0.637158
0.917659
1.025628
0.847236
0.981998
0.952704
0.922079
0.879015
0.721732
1.004537
1.107147
0.834731
0.985605
0.967623
0.898851
0.891106
0.825211
0.913174
1.029883
0.888888
0.716191
1.041950
1.104259
0.939249
1.037505
0.781765
1.133996
0.970655
0.884757
0.824609
0.902020
0.968282
0.854306
1.123340
0.808512
0.983644
0.905262
0.941154
1.033654
0.976980
1.071672
1.082583
0.974364
1.042069
0.880082
0.911517
0.929537
0.989379
1.115598
1.071411
1.019101
0.605637
0.932045
0.835513
1.146907
1.011530
0.917894
0.843869
0.958338
0.963596
0.998648
1.054082
1.030096
0.982912
0.919277
1.043158
0.825355
0.907968
1.001147
1.094155
0.956585
0.980258
1.077031
1.088539
0.918166
1.056193
1.093560
0.859928
0.953727
0.771035
0.926555
1.046975
0.892367
0.920604
0.727823
1.100408
0.970143
1.023253
0.969700
1.101528
0.950927
1.023043
0.996332
1.055844
0.862183
1.031673
1.013722
0.915200
0.819377
0.913097
0.736044
1.003358
1.093213
1.130668
0.797740
0.892093
0.924369
0.960541
0.679434
1.035449
1.026106
0.907214
1.058188
0.857855
1.093097
0.901667
0.882926
0.982568
1.101770
0.952849
0.967528
1.028844
0.888336
1.038349
0.844566
0.910083
1.080650
0.790367
1.006396
0.957914
0.987706
1.136961
0.999874
1.063241
0.882784
1.097205
1.042385
1.034605
1.068386
0.914779
1.043553
0.880120
0.987414
1.007700
0.920308
1.039102
0.863506
1.072813
0.851610
0.866550
0.886043
0.978366
0.897472
1.064273
1.003052
0.943948
0.876985
0.468873
1.073063
0.872521
1.015064
0.854133
0.998385
1.001003
1.046079
1.137863
1.004416
0.990596
0.977561
0.885960
1.053416
0.878094
1.061445
0.828290
0.981139
0.942537
1.056808
1.005687
0.839638
1.074749
0.928261
0.980652
1.132454
0.881636
0.891860
1.007635
0.995777
1.025192
1.004911
0.930683
0.996529
1.017373
0.704770
1.047651
1.102764
0.991247
1.000117
1.005437
0.941099
0.920447
1.003419
0.777413
1.001066
0.986011
1.026548
0.977068
0.937768
0.937838
0.973316
1.007763
0.805633
0.820432
0.938438
1.086633
1.056531
1.133559
0.856344
0.982022
1.065633
0.994873
0.999711
1.051927
0.692952
0.694671
0.740543
0.947606
0.817632
0.684884
1.007869
0.875284
1.042136
0.960005
0.567261
0.863209
1.060263
0.993591
0.777647
0.992965
0.928300
0.743882
0.893629
0.878141
0.922150
1.008537
0.925304
1.092205
0.771083
1.050046
0.915391
1.057714
0.982386
0.860903
0.864910
0.969469
1.021788
1.008925
0.972354
1.118977
0.820551
1.040448
1.046574
0.944511
0.991526
1.073408
1.080550
1.146002
0.733380
0.820752
0.995326
0.754947
1.056849
0.679971
0.918369
0.927606
0.948532
1.002690
1.026091
0.917392
1.012971
0.943723
1.030904
0.920690
1.048185
0.827300
1.041245
0.943182
1.018400
0.983489
1.082821
1.018590
0.880067
1.042574
1.099174
0.934224
0.957748
0.963715
1.074202
0.786524
0.886099
0.926848
1.020103
0.989086
0.769775
1.001794
1.060776
1.064645
0.993199
0.999023
0.839904
0.994412
1.086243
1.063048
1.052615
1.046435
1.007477
1.000702
0.909034
0.798579
0.963458
1.044584
1.064073
0.951803
1.054308
0.938208
1.031237
0.980676
1.076778
0.945439
1.017368
1.014767
1.083439
0.983512
0.871532
1.040603
0.877389
0.884711
0.946776
0.819504
0.965808
0.877608
0.853236
0.873267
0.951494
0.936311
0.925547
0.996260
1.005339
0.831821
0.879513
0.880261
0.806069
1.025254
0.930997
0.984504
0.545213
1.112329
0.958115
0.984546
1.009683
0.966941
1.042837
0.865086
1.054205
1.092911
1.024244
0.880798
1.103358
0.987830
0.834259
0.980553
0.886787
0.764251
0.930436
0.929537
0.935616
0.921948
0.965384
1.028482
0.979256
1.032158
0.716285
1.068020
0.906632
1.018026
0.986215
0.974307
1.084416
0.917728
1.024023
0.888774
0.925156
1.048707
1.046899
1.060296
0.823220
0.881285
1.112230
1.009592
0.841541
0.943332
0.960839
0.970453
0.957318
0.857920
1.037180
0.951515
1.124754
1.023432
0.875189
0.889944
0.829206
0.949164
0.968336
1.152607
0.958454
0.989858
0.984505
1.018876
0.789773
1.006113
0.919804
0.876986
0.967910
1.085275
0.915426
0.918148
0.975862
0.818511
0.984043
1.017656
0.871813
0.989498
0.815755
1.013856
1.127971
0.934103
1.031428
1.009753
0.980918
0.882016
0.980693
1.020417
1.019400
0.906787
1.076190
1.011389
0.828063
1.102380
1.141647
0.897353
1.005124
0.850096
0.888173
0.999862
0.893260
0.985712
1.042120
0.883320
1.018384
0.803841
0.866445
0.868277
0.856024
0.896444
1.013316
0.912522
0.926809
0.972754
1.025382
0.941990
1.013419
0.898974
1.049288
0.961065
1.083860
0.923694
1.059530
1.012509
1.020826
0.928557
0.831184
0.921568
1.009536
0.947545
1.103090
0.964462
0.922796
1.106088
1.055223
1.128228
1.098610
0.934845
0.952649
0.964344
0.871863
0.991488
0.916592
0.972433
0.748856
1.005210
1.112605
0.930502
0.844092
1.109122
1.003617
0.965087
0.894007
0.925310
0.735899
0.878653
0.924727
0.976302
1.075216
0.712921
0.875643
0.966627
0.839740
0.916640
0.887952
1.014653
0.972225
1.068654
1.049436
0.852964
1.051722
1.044666
0.930575
0.953376
0.832695
1.010127
0.909027
0.903144
0.852750
0.947206
1.029188
1.024765
1.059390
0.990642
0.798251
1.075446
1.034672
0.936564
1.094482
0.759814
0.927910
0.959887
1.040684
1.055165
1.073570
0.984904
0.834898
0.930773
1.067613
1.111567
0.786173
0.951568
1.072375
0.910969
1.006082
1.064494
0.954969
1.011458
0.960492
0.765275
0.884369
0.906582
0.942562
0.874600
0.882810
0.819141
1.097138
1.106691
0.815705
0.770323
0.943470
0.810124
1.068859
1.056936
0.972134
0.987139
1.018641
0.921547
0.983884
0.988009
0.931050
1.067788
1.059584
1.044829
1.039427
0.898038
0.879009
1.027071
0.961653
1.041452
0.945877
1.080122
0.991676
1.086294
0.901907
1.106879
0.875299
1.037581
0.948128
0.912275
0.980897
1.012334
0.933715
0.983595
0.964494
0.733292
0.856784
0.858159
1.005862
1.114865
1.107965
0.893293
0.993572
0.966964
1.032759
0.911344
1.063037
0.974880
0.709927
0.985028
0.987951
1.018031
0.795746
1.043052
0.916065
0.897466
0.905366
0.998605
1.094409
0.925752
0.950755
0.920567
0.880772
0.927062
0.895964
0.998109
0.945581
0.948004
0.888315
0.801642
1.031184
0.888689
1.090684
0.733459
1.013390
0.996686
1.014943
0.892099
0.889409
0.918274
1.016085
1.033365
0.976368
0.942193
1.051155
0.886408
1.095565
0.985630
0.948848
0.899009
0.838027
0.916348
1.056498
0.948186
0.957002
1.032240
0.934297
1.101603
0.994092
0.973806
0.943136
0.918906
1.073708
0.932762
0.916502
0.887211
1.081263
1.041995
0.914500
0.978172
1.070045
1.120492
0.912186
0.902478
1.086933
1.024505
0.996399
0.945798
0.968021
1.031398
1.017770
1.015934
0.991276
1.017807
0.608997
0.979732
0.944722
0.953019
1.091490
1.057301
1.001858
1.067175
1.079936
0.896955
0.938602
0.935507
0.944553
0.846052
0.977564
0.999222
0.933235
0.936762
1.031878
0.915468
1.020847
0.773638
0.506915
0.936532
0.979512
0.956522
0.937459
1.048172
1.009597
0.934078
0.924255
0.897436
1.042792
0.912876
0.951427
1.020280
0.883285
0.905944
0.877259
1.043403
0.969057
0.994773
0.988592
0.993440
1.025885
1.009520
1.026246
0.949196
0.784086
0.946057
1.014171
1.029777
0.824967
0.916219
1.036772
1.074284
1.038716
0.810569
0.877197
0.921312
1.021086
0.925751
0.877006
0.994138
1.000786
1.068386
0.852974
0.949417
0.978552
0.780799
0.907271
0.985870
0.914060
0.929889
0.927698
0.934362
0.929505
0.962984
0.929537
0.902167
1.018671
0.971050
0.979104
1.074754
0.918688
1.056532
0.944053
0.942077
1.041890
1.098380
0.927905
0.978946
1.007009
1.113145
0.984163
0.921078
0.997764
0.738724
0.817547
0.726922
1.083067
0.964019
0.988256
0.867056
1.070441
0.886011
0.955975
1.036479
0.982961
0.881925
1.074558
0.918923
0.764196
0.954449
0.973217
1.117045
0.732087
0.926630
0.822106
0.893593
1.148876
0.987767
1.066662
0.987597
1.015738
0.718035
0.985331
1.056236
1.013827
0.962110
0.918521
1.027759
0.764748
0.891955
0.985794
0.947392
1.059327
0.876324
0.998981
0.870742
1.043326
0.929132
0.776965
0.964996
1.125588
1.074568
0.906827
1.069407
1.026232
0.890014
1.026332
0.830730
0.925319
0.941942
0.935600
0.719809
1.098812
1.038156
0.869925
0.951762
0.814611
0.690922
1.096488
0.876177
0.932874
0.961952
0.950017
0.852446
0.965749
0.953616
0.978732
1.023841
0.922054
0.912068
1.172969
1.061177
1.008299
1.012032
1.026074
0.976472
0.794455
0.865293
0.919652
1.103990
0.905437
0.867192
0.804952
1.055700
0.870045
0.968633
1.015719
0.835096
0.910344
0.966930
0.931137
1.090544
1.060656
0.970244
1.010696
0.858708
0.989132
1.018072
1.010736
0.978613
1.055337
1.072327
1.055104
1.075816
1.082525
0.884410
1.060614
1.018651
1.041768
0.771899
0.999422
0.990053
0.941619
1.035345
0.803273
0.784378
1.009329
1.106477
0.893454
1.048629
1.066632
1.092999
0.978423
0.978889
1.072333
0.796308
1.037336
0.968947
1.022918
1.037499
0.981517
0.858670
0.830367
0.868784
0.787485
0.831563
0.855596
0.983245
0.905486
0.998945
0.828951
0.919899
0.913398
0.873634
0.913585
0.812147
1.014826
1.023482
1.053289
0.890681
0.872719
0.956262
0.962649
0.924855
0.950386
1.081654
0.942695
0.937905
0.885857
0.861703
1.014216
0.899372
0.772338
1.012703
1.082036
1.012535
1.019075
1.025729
1.045314
1.113305
1.084187
0.921252
0.870278
1.022684
1.054250
0.944084
0.979980
0.829206
0.955349
1.051450
0.818421
1.117482
1.147508
1.000778
1.053033
0.723112
0.941257
0.812744
1.040809
0.909484
0.888798
1.049706
0.946428
1.151495
1.004135
1.068626
0.964548
0.946820
0.906733
0.881355
0.926503
0.915033
0.957504
0.934758
1.012667
0.850183
0.893072
1.004059
1.034077
0.803367
1.046934
1.015398
0.888894
0.963574
0.949154
1.038780
0.811536
0.782246
1.120741
1.024022
1.092085
0.993501
1.024685
0.990429
0.988214
0.972193
0.914112
0.969427
1.035447
0.816002
1.071154
0.872923
0.769056
1.001874
1.170331
0.799794
1.109488
1.008153
1.018963
0.818462
1.005487
1.075619
0.882518
0.980062
1.078938
1.021468
0.891233
1.087961
0.835459
0.749844
1.082409
0.964212
0.947089
0.902186
1.008285
0.964253
0.985729
0.559093
0.986465
1.098402
0.986328
0.743013
0.937125
0.962590
1.043178
0.998554
0.850523
1.138638
1.132817
0.912210
0.983950
0.949074
1.053778
1.009447
0.950025
0.982551
1.009219
0.938590
1.073001
0.838358
0.980561
1.019867
1.069184
0.903150
0.871351
1.123496
0.812982
1.035839
1.029360
0.938841
0.949063
1.057162
1.078836
1.001454
0.941854
0.953689
1.020663
0.638831
1.054654
1.051358
0.856492
0.931901
1.059282
1.097716
0.888206
0.887041
0.956080
0.960589
0.787967
1.055874
1.149819
0.942144
1.060128
0.939030
1.058305
0.976370
0.936129
0.725499
0.925393
0.995872
0.930550
1.118517
1.044461
0.979995
0.870771
0.985325
0.757347
0.960458
0.833159
0.804435
0.984167
0.999249
0.840295
0.864227
1.020659
0.994194
0.841713
0.900143
0.892281
1.008291
0.938621
1.010563
0.834457
0.848412
0.868473
1.075554
1.035044
1.062784
0.856581
1.071659
0.698781
1.022893
0.826686
1.002505
0.801506
0.961996
1.021550
0.732871
0.861854
1.013839
0.901819
0.914018
0.778074
1.062098
0.957072
0.923849
1.010912
0.925627
0.944620
0.981035
1.015719
0.992996
0.934037
0.927881
0.942110
0.755661
1.010992
0.961890
1.030086
0.985654
0.948005
1.019092
0.894664
0.911665
0.851950
0.904756
1.157814
0.891791
0.946330
0.871464
0.902135
1.005265
1.087707
1.015955
0.907009
1.008936
1.036556
0.959245
0.844910
0.921190
0.934802
0.948739
0.938706
0.986789
1.088197
1.032017
1.076140
0.999328
0.861064
1.005288
0.885574
0.892398
0.931726
1.007520
0.902805
0.978900
0.948698
1.064398
1.080137
1.006001
0.780990
0.893785
1.058676
1.016566
1.033647
0.888070
1.076786
1.056514
0.888303
0.955100
1.030937
1.051094
0.956856
0.932530
0.830198
0.975283
1.106462
0.888479
0.948587
1.088414
0.749319
0.821738
1.100626
0.917584
0.891956
0.935970
1.012094
1.130202
0.862467
1.003501
0.594772
0.958640
1.119795
0.996185
0.962470
0.876918
0.996117
0.836090
1.079204
1.145349
1.042298
1.035250
1.069780
0.974740
1.047041
0.988000
0.983461
1.004056
1.082875
0.795168
0.943126
0.859376
1.036388
0.946155
0.972041
1.076282
0.977260
0.769051
1.057858
0.932890
1.082577
0.806353
0.950223
1.045461
0.810957
1.162801
1.047769
1.185318
0.957331
1.025950
1.023082
1.105995
0.789068
0.775686
1.034601
0.902798
0.934873
1.090107
1.056592
1.094512
1.137174
1.084484
0.995185
0.888436
0.986843
0.983790
0.938119
0.934074
1.008858
0.901686
0.923129
0.960620
0.938226
0.796083
0.856622
1.053762
0.912168
0.947133
0.973552
0.851130
0.938002
0.929798
0.845503
0.847828
1.003941
0.937582
0.808514
1.071206
0.850201
0.956093
0.914821
0.949083
0.938839
1.048918
1.106963
0.781159
0.973212
0.872922
1.011838
0.892460
1.109792
0.850826
1.068692
0.931830
0.988212
1.069796
0.862596
1.010573
0.955505
0.985504
1.042032
1.075285
0.972479
0.962038
0.951233
0.937098
1.019100
0.938474
0.903390
0.916307
0.899890
0.947740
1.071418
1.018323
1.052903
0.931612
0.959507
1.083985
1.022471
0.874893
0.806185
0.970470
1.029090
1.001044
1.004614
1.062327
0.984926
0.921915
0.828631
0.873107
0.955864
0.953195
1.042362
0.904630
1.004822
1.008581
0.902693
1.068566
0.839573
1.023546
0.827774
1.096481
0.970204
1.006273
0.928474
1.093423
0.881475
1.040855
1.034200
1.050916
1.035957
0.912443
1.011475
1.031200
0.993505
0.773590
0.698072
1.069899
0.862983
1.088993
1.041444
0.938866
0.993908
0.892160
0.957178
1.034744
1.000710
0.922821
0.793531
0.857973
0.973776
0.905481
0.894615
0.970196
1.035052
0.996420
0.888964
1.012709
1.098539
1.087282
1.086285
0.854467
1.018133
0.986032
0.905586
0.910249
1.060229
0.886534
0.883667
1.020927
1.040438
0.983417
0.920118
0.643412
1.024377
0.973145
1.038808
0.816820
0.843280
0.913787
0.986173
0.898040
0.986531
1.076191
0.899211
0.894188
1.050296
0.891094
0.810164
0.947155
0.900535
0.858299
1.143624
1.092400
1.006160
1.027618
0.959331
0.927989
1.000563
1.026418
0.959286
0.947531
0.921857
0.907056
0.856845
0.767867
0.929562
1.032969
1.070665
0.644547
1.060353
1.026441
0.978389
0.726291
0.963371
0.868528
1.050137
0.815702
0.936308
0.965622
1.096208
0.968395
0.831998
1.044681
1.072132
0.888807
0.838250
0.873721
1.061134
0.892187
0.963669
1.060646
1.078885
0.871204
0.880939
0.842119
1.045929
1.044273
1.026430
