1.011479
0.987564
0.985627
0.979407
1.002344
1.017870
1.026414
0.982026
0.891410
1.019154
1.020382
0.997609
0.995476
1.032625
1.013666
0.996733
1.012734
1.001682
1.030569
1.008736
0.994201
1.027011
0.984265
0.940552
1.000511
0.936883
0.984014
1.005835
1.023419
0.989468
0.955133
1.018176
0.962395
1.006579
0.988619
0.999997
0.971193
1.014924
1.001683
1.009795
0.987766
0.956745
1.015651
1.020067
0.998452
1.018021
0.939693
0.898127
1.005507
0.989600
0.940532
1.007863
1.004791
1.006176
0.946742
1.031518
1.022012
0.916640
0.983678
0.998785
0.952595
1.017993
0.972556
1.005023
0.949564
0.969401
0.983376
0.975852
0.855598
1.021412
0.955249
0.962763
0.997744
1.021790
0.996839
0.953966
0.989409
0.969694
0.992371
1.010512
0.962203
0.961994
1.002337
0.979818
0.967102
0.967275
0.993105
0.955855
0.938616
0.948782
1.031254
1.019434
1.006959
0.994817
1.001454
0.989530
0.983709
0.966749
1.020054
1.006020
1.029302
0.979471
0.956218
0.989620
0.984053
1.030750
0.997976
1.022429
0.976481
1.016044
0.977196
0.945880
0.939131
0.961514
0.987589
0.970160
0.989544
0.998823
1.017702
0.997811
0.998276
0.972119
0.981192
0.975004
1.005898
0.970826
0.948213
0.982926
1.008645
1.003155
0.933962
1.017534
0.879708
1.007688
1.028617
0.999174
0.964190
1.006861
0.991796
0.951458
0.982496
1.009783
0.950668
0.975076
1.002836
1.014603
0.954689
0.899894
1.020602
1.003966
1.000238
1.024838
0.948417
0.972131
0.928839
0.976903
0.951894
0.934328
0.885350
1.028919
1.003608
0.942227
0.967248
0.990633
0.905195
0.943299
0.949647
0.972618
1.007416
0.976234
0.975737
0.989789
1.003868
0.990754
1.001597
1.024364
1.024426
1.006562
0.957557
1.032540
0.959147
0.983756
0.985442
1.011467
1.027634
0.913526
0.987268
1.016157
1.005182
1.010186
0.953551
0.971758
0.964200
0.999578
0.923466
0.917967
0.986908
0.987297
1.005918
0.998103
0.933285
0.941303
0.967284
0.999951
0.984066
0.977871
0.948900
1.003281
1.011505
0.975672
0.983667
0.969227
0.986410
0.970269
0.881153
1.005454
1.017468
0.956814
1.005710
0.990904
0.958510
1.021863
0.895731
1.028007
1.003075
0.941749
0.959293
0.999857
1.023701
0.977933
0.977012
0.992011
0.982807
0.979119
1.004116
0.999146
0.997091
0.918943
0.993213
1.007235
0.948588
1.005572
0.980752
1.004529
1.001350
0.960956
0.996654
0.946892
1.011337
0.990005
1.003351
1.020811
0.984035
0.968036
0.981159
0.929083
0.998916
0.995060
0.995575
0.990383
0.940665
0.949088
1.011848
1.020030
1.002147
0.972316
1.039202
0.947238
0.972972
1.033793
0.976874
1.033987
1.004711
1.007730
1.009208
1.038193
0.956389
0.910649
0.915303
0.977685
0.997783
0.947434
0.953610
1.014471
0.936296
1.014993
1.018782
1.015821
1.013309
0.981491
1.025754
1.019350
0.958597
0.940846
1.021140
0.971947
1.002178
1.014401
0.951287
1.010375
0.988000
0.974614
1.003131
0.971183
0.967618
1.002139
0.967026
0.966116
1.027394
0.973480
0.969709
0.989886
0.988916
1.000817
0.991729
0.953920
1.001441
0.922712
1.020972
0.992067
0.965806
0.987439
1.017240
0.979558
0.995620
0.990440
1.039611
0.985927
1.018737
0.995315
0.983758
0.919998
0.989032
0.988576
0.981671
0.966257
0.992858
1.021108
0.987821
0.961080
0.917843
0.989418
0.986766
0.979107
1.000312
1.000828
0.927731
0.971955
0.944799
0.964583
0.974521
1.022057
0.980488
1.016895
1.007712
1.008672
0.975226
0.935760
0.972240
1.017706
1.007367
0.960299
0.976928
1.009392
1.025603
1.015040
0.953114
1.002071
0.937626
1.008296
1.021454
1.004492
1.006489
1.007615
0.972600
0.977918
1.000216
0.953844
0.854338
0.982669
1.000272
0.894688
0.993701
0.986374
0.917705
0.996158
1.011642
1.025318
0.964954
0.976378
0.973313
0.999343
0.967351
1.007771
1.010547
1.002868
0.949269
0.981005
0.984187
0.986814
0.998687
0.978078
0.991803
1.004857
0.967567
0.990505
1.015590
0.976962
1.014632
0.975437
0.977842
1.000765
1.011190
0.974555
0.988647
0.988376
0.962775
1.038539
0.950535
0.979219
1.019129
1.009333
0.982304
1.036986
0.998583
1.025319
0.966682
1.001236
0.987226
1.033057
0.985816
0.982114
0.989199
1.002471
0.977366
0.972947
1.019721
1.010336
1.001008
0.982875
1.002873
1.003073
1.010846
0.941115
1.012307
0.999499
0.981583
0.928615
1.011361
1.006461
0.995093
0.988044
1.011159
1.020505
1.013450
0.980193
0.934067
0.953713
0.997119
1.024455
1.004851
1.006811
0.951937
1.008074
1.009344
0.980776
1.004723
1.006009
0.999151
0.984208
0.984036
0.963458
0.994673
1.007354
1.021273
0.999313
1.013167
1.006908
1.021890
1.001772
0.983283
1.016314
0.999886
1.014886
0.974172
0.992076
0.990629
1.007684
1.012329
0.976427
1.005423
1.009321
1.000865
0.959440
1.002793
1.022277
0.973153
0.981683
1.007140
1.005353
0.975822
0.963341
1.016028
0.964882
0.997732
0.988670
0.983705
1.042616
0.940869
0.968487
0.981603
0.976936
0.951833
0.915357
0.990713
1.022570
0.963721
1.000280
0.962536
0.971043
0.995927
0.916084
0.930445
1.002439
1.002511
1.017134
1.020149
0.950748
0.995056
0.992875
1.003352
0.957569
0.963252
1.009750
0.981264
0.986495
0.860824
1.004789
1.024975
1.010518
1.009922
1.004768
0.961837
0.934960
1.037982
0.919166
0.968317
0.982593
1.022720
1.013322
0.961101
1.004549
1.003301
0.997283
0.984042
1.024528
1.010464
0.947351
0.945479
0.987643
0.966824
1.011408
0.970651
0.964883
0.969755
0.977456
0.979128
0.998434
1.007772
0.995455
1.024378
0.981502
0.931925
0.994000
1.014424
0.993697
0.942809
0.999761
1.007296
0.991755
1.013311
0.970691
0.994457
1.001502
0.933008
0.990357
0.995378
1.023549
1.014897
0.994219
0.984218
0.949425
1.004722
0.981179
0.993262
0.987609
0.968504
1.012873
0.980879
0.924772
0.968346
0.970469
0.981122
0.959944
0.974707
0.937418
0.963734
1.006578
0.964912
1.020594
0.956321
0.979025
1.007789
0.975394
0.972831
1.013617
0.964399
0.902298
0.971490
1.040741
1.013634
0.981784
1.033443
0.998780
0.978021
0.927547
0.989857
1.015140
1.018687
1.017446
0.879898
1.017737
0.973925
1.004321
0.981711
0.929040
0.978181
0.980702
0.989907
0.980646
0.971467
0.946568
1.019125
0.986045
0.979177
0.898595
0.990783
0.983937
1.001839
0.995601
1.003526
1.001828
1.009214
1.009516
0.944597
1.006201
1.038986
1.006084
1.006767
0.988663
1.009342
1.008746
1.000309
0.918727
0.980772
1.032835
1.017790
0.981223
0.971845
0.933622
0.998974
0.840947
0.979880
1.024152
0.938868
1.003044
0.952280
0.954996
0.975863
1.038204
0.990123
0.999343
0.954515
0.976809
0.997592
0.984598
1.031953
1.021987
0.900840
0.965160
0.972031
0.984321
0.924210
0.995746
1.029908
0.992831
1.017582
0.974484
0.984987
1.002966
0.995107
0.996453
1.028194
0.965094
1.006221
0.985698
0.972571
0.890527
0.935153
0.996476
0.988225
1.016723
1.010793
0.988088
1.009491
0.957653
1.012739
0.971999
0.916776
0.985989
0.982302
0.989643
1.019563
0.993989
1.008653
0.964567
0.934819
0.909560
0.969621
0.973571
0.961825
0.983107
0.972041
0.971606
0.977177
0.957009
0.979495
1.001910
0.944408
0.988733
0.992210
1.028611
0.916243
0.981205
0.954775
1.032568
0.961749
0.952170
0.966739
0.975428
0.995123
0.981861
0.986067
1.008059
0.999274
0.991892
0.945429
0.986357
0.990821
1.004224
0.989663
0.987179
1.005901
0.993679
0.998345
1.022162
0.974912
0.981126
0.994471
1.013513
1.005878
1.018216
1.006463
1.011371
1.009801
0.970777
0.994100
0.992869
0.986927
1.017983
0.930139
0.997538
0.983768
0.969258
0.968925
0.983948
1.049629
0.998981
0.988991
0.984158
0.999734
1.021805
0.991624
0.993693
1.010226
0.961773
0.963723
0.995987
0.982253
0.966528
0.963166
0.933581
1.009973
0.994367
0.974764
1.013098
0.954125
0.994009
0.952372
0.968831
1.023009
0.923931
0.921521
0.957322
0.926421
1.020675
0.999282
0.994917
0.978867
0.974143
0.944026
1.004484
0.968546
0.857818
1.014404
1.020650
1.023025
0.922551
0.956085
0.981364
1.009886
0.997250
1.004120
0.986904
0.996764
1.001010
0.994168
1.031445
0.916464
1.003040
0.961217
1.004948
0.964673
1.000380
1.002490
0.993034
1.002368
1.020613
0.962845
0.989985
1.001079
0.970147
0.992105
0.990685
0.926261
0.990975
0.992252
0.977037
1.033221
0.992906
1.010068
0.964846
1.010114
0.988448
1.014268
1.012281
1.025813
0.911682
1.027364
0.970904
0.979596
0.969886
0.995323
0.984151
1.014774
0.994265
1.004738
1.028304
0.991219
0.949654
1.024147
1.002613
1.025118
0.971425
0.991959
0.926203
0.942074
1.021510
0.967188
0.972317
0.957916
1.004074
0.989219
0.971963
1.016154
0.950245
1.001207
0.966081
0.964092
1.016800
0.971976
1.020463
0.959389
0.993940
1.019919
0.980929
0.984118
0.970947
0.997860
0.985750
1.023876
0.964260
0.967261
0.972202
0.990181
1.022844
0.933347
0.992926
1.000269
1.034747
0.987355
0.938333
0.981755
1.003206
1.009687
0.984245
1.019918
0.921212
0.948896
0.973666
0.986361
1.000895
1.013831
0.953774
0.940521
1.001400
0.996850
0.995294
0.922847
0.964142
0.906569
1.008803
1.020465
0.963890
0.948419
0.986393
1.029400
0.978034
0.997585
0.994319
0.999721
0.990555
0.960068
1.012334
1.013480
0.999481
0.981180
0.965088
1.009711
1.007068
0.971130
1.019174
1.002879
1.018614
1.021765
0.985540
0.965343
0.967004
0.968024
1.022045
0.969879
1.010258
0.995483
1.005339
1.000749
0.989391
0.937830
0.975310
0.996739
1.008578
0.967785
0.960374
0.993947
0.983009
0.988029
1.023942
0.959060
0.959052
0.999349
1.005596
0.914883
1.007641
0.996800
0.999143
0.997133
1.012847
0.990970
1.026367
0.994993
0.959806
1.015157
0.979139
1.019786
0.970392
1.004207
0.991446
0.994097
0.960250
1.014407
0.990016
0.966591
0.969946
0.955249
0.995858
1.053064
0.946761
0.941109
0.935820
0.992186
0.969033
0.963015
0.982004
0.993610
0.960878
0.972594
0.964879
0.998962
0.960010
0.945211
1.031686
0.871444
0.989604
0.991720
1.018642
0.979232
0.964214
1.001571
1.001229
0.984332
0.994977
0.991789
1.020147
0.965607
0.993638
0.975424
0.989340
0.986456
0.938886
0.976655
0.985702
1.003797
0.994456
1.022445
0.989615
0.981885
1.006382
1.017688
0.968145
1.025426
0.878512
0.987205
0.942454
1.024035
0.988728
0.980809
1.025829
0.960844
0.977504
1.012926
0.941464
1.009308
0.972562
0.999879
0.980228
0.948004
0.964324
0.993160
0.961034
0.975903
0.957271
0.999586
1.003349
0.991751
0.983556
1.008222
0.970537
0.933396
0.966563
1.004409
1.014421
0.987808
1.032016
0.998351
0.999366
0.942987
1.012634
0.968570
0.946611
1.012414
0.939797
0.987239
0.989871
0.992578
0.972341
0.998337
0.984154
0.963197
1.014176
0.987994
0.965211
0.984645
0.958852
0.939188
0.951368
0.960327
0.926354
0.989513
0.969161
1.000012
0.964335
1.005469
0.988339
0.963723
0.992763
0.961445
1.005548
0.988662
0.979972
0.965215
0.977797
0.972847
0.938410
1.002619
0.994536
0.971726
0.979820
0.999134
1.014368
0.962059
0.985496
1.006102
0.911171
0.998973
0.999943
0.947643
1.040020
0.969667
1.034780
0.939013
1.010488
0.955733
0.977158
1.021485
0.944023
0.963050
0.931522
1.010176
1.016714
0.980478
0.942483
0.971558
0.985454
1.034673
0.959451
1.021220
0.971486
0.953178
1.007626
1.046600
0.974810
0.994780
0.988367
1.016883
0.853160
1.007051
0.998903
0.954978
0.979528
0.994850
1.001238
0.998097
0.951859
0.988781
0.996410
0.992092
0.974255
0.991140
0.987329
0.952294
1.023065
0.961657
0.997353
1.032351
1.004358
0.985642
1.000382
0.977391
0.976428
0.948445
0.996110
0.977293
1.013106
0.920877
0.977381
0.899902
0.948871
1.013114
0.966822
1.009999
0.962242
0.995769
0.945920
0.916185
0.997465
0.955273
1.007157
0.993973
1.012583
0.954096
1.021055
1.041469
1.022544
0.988403
0.968513
1.017339
0.991949
0.954423
0.989442
1.027702
1.010111
0.950437
1.011496
0.917571
1.006703
0.958287
0.969572
0.991039
0.983979
1.010759
0.983050
0.980284
1.018812
0.963334
0.962234
1.018865
0.951936
0.878960
1.007493
1.021153
1.015195
0.893875
0.973300
1.027787
0.948831
1.001427
0.953216
0.978714
0.964823
0.952175
0.973165
0.983017
0.943405
1.014084
0.993530
1.015677
0.975034
0.917605
0.945950
1.005409
0.992359
0.933839
0.995765
1.017703
0.982318
0.997504
0.951838
0.975799
0.966666
0.994499
1.024941
1.018781
0.961055
0.949014
1.032242
1.025505
0.997104
0.987262
1.012231
1.018056
1.000341
0.978392
0.921598
0.981099
1.007243
0.979770
0.979902
1.015746
1.012266
1.014840
1.032604
0.984043
1.026555
1.002022
0.997790
1.009706
0.949745
0.978130
0.967114
0.981302
0.940713
1.006049
0.977192
0.949233
1.010124
0.995481
1.020599
1.021986
0.959898
1.016761
1.028062
0.990071
1.023348
1.005198
1.011628
1.017811
1.002483
1.016051
1.003494
0.993492
1.013231
0.955584
1.014243
1.007182
0.926927
0.947105
1.019777
1.030661
0.954311
0.939638
0.979582
0.954747
0.984002
0.863136
0.951096
0.993868
0.986677
1.002329
0.987363
0.942373
0.999330
0.983457
0.982770
0.972386
1.012703
0.998250
0.990422
0.995346
1.011857
1.015302
0.992945
1.009105
1.009541
1.008707
1.006569
1.014746
1.001458
1.026210
0.982912
0.969851
1.009110
0.988093
1.012948
1.028996
1.023232
0.981680
1.035520
0.971930
0.999635
0.996099
0.995392
0.982042
1.004408
0.971599
0.990428
0.989084
0.961613
1.005764
0.995250
1.037809
1.009597
1.004027
0.999683
0.969875
0.972947
0.999428
0.961943
0.997756
1.011199
0.970558
0.993862
0.979968
0.974691
0.985743
0.998855
0.995861
0.968940
1.018202
0.982667
0.980744
1.034158
0.995540
0.951326
0.987450
0.980484
1.041319
1.007948
1.009760
0.983491
1.021403
1.008923
1.008898
0.903003
1.027124
1.000032
0.943081
0.986285
0.871591
1.022626
0.962591
0.987700
1.032843
0.971577
0.968340
0.997306
1.006623
1.033890
0.992229
0.975248
0.991831
0.979055
0.973531
1.030617
1.025619
0.986366
0.975407
1.008138
0.871339
0.928494
1.027706
1.009617
1.010026
0.966925
0.993240
0.997442
1.010129
0.961408
0.993062
0.999499
0.969711
0.993673
0.984785
0.977242
0.998114
1.003641
1.013762
1.007590
0.984863
1.021118
1.003753
1.023076
0.969722
0.964059
0.942019
0.979132
0.945459
1.032396
1.016752
0.995294
0.958397
0.910041
0.978907
1.026819
1.005766
1.026247
0.989450
1.015954
1.019861
0.973859
1.002682
1.008579
0.959225
0.997792
0.986911
0.991283
0.982486
0.990854
0.996085
1.005304
0.995991
0.941131
0.950225
0.985988
0.987686
0.971298
0.969518
0.982904
0.981191
0.992743
0.982263
1.001243
0.943591
1.006796
0.988555
0.940341
0.982736
1.001718
0.996596
0.966419
0.985147
0.984662
0.994351
0.970862
0.974937
1.018876
1.019410
0.907993
1.004408
0.999045
0.983364
0.947349
0.968368
0.974471
0.975566
1.014010
0.856095
0.975155
0.985702
0.993329
1.016274
0.981286
0.950984
0.998847
1.023042
0.979890
0.944092
0.962424
0.971192
1.021759
0.975500
0.987313
1.019640
0.941614
1.008661
0.984430
0.949778
0.984365
0.995508
1.015633
1.004300
0.991107
0.987534
0.970596
1.010965
0.952126
1.017682
0.969954
0.967638
0.955722
1.010059
1.048185
1.028485
0.966632
0.935107
1.008162
0.975540
0.976331
0.998191
0.981991
0.966785
1.007265
0.980544
0.992000
0.975064
0.961745
1.005097
1.016259
0.995821
0.988510
0.997580
0.946147
0.961919
1.005564
1.007553
0.924447
1.006023
0.926577
0.961682
0.984923
0.985265
0.965670
0.967127
1.009131
1.014931
1.023425
0.988801
0.984006
1.019834
1.022636
0.963658
0.964399
0.970980
1.016130
1.020405
0.987581
0.975211
1.010078
0.981397
0.967568
1.045442
0.931235
0.992246
1.003903
0.999318
1.028975
1.012780
1.022476
1.014198
0.954071
0.999930
1.017029
1.001808
1.025486
1.021702
0.965866
0.994650
1.036024
0.995086
0.967395
0.998023
0.962892
1.001697
0.992436
1.039234
0.939515
0.967131
0.834493
0.971770
0.914436
1.033671
0.962334
1.020111
0.995472
1.023634
0.987708
0.913895
1.020351
1.002392
1.025761
0.972776
1.018301
1.002672
1.018921
0.987138
0.974891
1.019723
0.896494
1.021646
0.926413
1.037808
1.030329
0.987848
1.016009
0.976792
0.989585
1.004271
0.988686
1.005420
1.007168
1.016541
1.005564
0.999511
0.997737
0.967989
1.013642
0.997278
0.981422
1.039897
0.989624
0.921058
0.909615
1.022739
0.997096
1.023715
1.024080
0.963146
0.992525
0.939897
0.995627
1.008925
1.015360
0.932531
0.938554
1.039791
0.993548
0.942275
0.992361
0.953936
1.000453
0.981143
0.973933
1.023955
0.964844
0.919986
0.996648
0.969407
0.983580
0.931846
0.996910
0.956053
0.939858
1.003168
0.960457
0.994197
0.998396
0.969280
1.024200
0.975085
1.018334
1.012727
0.988385
0.993051
1.005259
0.976274
1.027806
0.992329
0.962870
0.971165
0.979322
0.996533
1.002027
0.939515
0.918988
0.995829
1.006039
0.965174
1.027330
1.017756
0.954936
0.991746
0.991924
1.007018
1.020095
1.015083
0.967284
0.989012
0.942538
0.968663
1.018019
1.032451
1.013910
1.015337
1.013957
0.993361
0.994020
1.017160
0.986685
0.994596
0.985288
0.992826
0.976507
0.981571
1.009227
0.997019
1.004106
0.974087
0.977081
0.941507
1.017986
0.988459
1.012957
1.021022
0.964791
1.005808
0.979101
0.978191
0.994343
0.996276
0.991805
1.013311
0.980177
0.988348
0.950439
0.999095
0.997382
0.961948
1.031256
1.008558
1.030538
0.965550
1.015837
1.009562
0.995196
0.999493
1.007699
0.986136
0.985882
0.993513
1.008882
1.022339
0.964251
1.001825
1.028593
1.000087
1.004584
1.005470
1.029034
0.913868
1.022590
0.938006
0.989199
1.015758
0.966872
1.019411
0.993620
0.952745
0.969715
0.986943
1.008677
0.971289
1.018446
0.978231
1.023573
0.950952
0.989120
0.992400
1.004728
1.022469
1.010009
0.968673
0.931355
0.984346
0.994898
0.984515
0.964018
1.008993
0.973030
1.020585
0.981271
1.014383
0.978466
0.983410
1.005870
0.985495
1.000253
1.027350
1.002700
1.012961
0.962224
1.011398
0.997005
0.858410
0.982687
1.003798
1.018840
0.948573
0.983310
0.945500
0.885072
0.997612
1.021403
1.004154
0.981827
0.995076
0.976243
1.025563
0.976264
0.926435
1.005806
1.027090
0.990728
0.982329
1.022725
0.985015
1.016579
0.993605
1.003289
0.982111
1.009123
0.990620
1.003259
0.923355
0.997801
1.007514
0.964567
1.008511
0.935610
0.955338
1.016483
0.998709
0.896543
1.008698
0.948594
0.982219
0.940348
0.967973
0.964491
0.958067
0.961586
0.992367
1.011895
0.912940
0.955983
1.031724
0.951862
0.984743
0.958714
0.978962
1.012552
1.006803
1.015568
0.991667
1.024350
0.987267
0.995009
0.960539
0.974105
0.987294
0.978989
0.941044
0.974482
0.977210
0.897361
0.936220
1.011411
0.967513
0.966080
0.995540
1.010516
0.985521
1.016928
1.007842
0.940446
0.898936
1.014370
0.984632
1.025781
1.035075
1.020791
1.002545
1.014904
0.981768
1.027976
0.985343
0.975674
1.016579
0.980642
0.940187
0.960845
1.013125
0.991157
1.010622
1.002700
0.952650
1.010341
0.975058
0.911541
0.926414
0.913562
0.975503
0.958999
1.030125
1.004132
0.993521
0.961271
1.006554
0.988163
1.003865
0.999281
0.991359
0.975360
0.958521
1.016060
0.983665
0.988588
0.961917
0.983681
1.010064
0.993582
0.979655
0.979357
0.975725
0.917361
0.985342
1.022751
0.916138
0.918119
0.948002
1.002560
1.017030
0.985527
0.954854
1.000589
0.954331
0.953748
1.003750
0.982167
0.955935
1.037105
0.963808
0.986787
0.954438
0.932056
1.002867
0.959880
0.987105
0.988211
1.001512
0.982264
0.990596
0.967400
0.943924
0.977684
0.992740
0.980506
0.983863
1.009968
0.871927
1.002219
0.973957
1.007276
1.006380
0.988848
0.920474
1.029309
1.031443
0.919201
0.947475
0.964511
1.021159
0.904440
1.006432
1.024479
0.991418
0.973125
1.032480
1.003996
0.983527
0.965070
0.991200
0.984798
0.988038
0.970281
0.985275
0.992784
0.979064
1.013738
1.006573
1.000953
1.002147
0.977657
0.917202
0.968691
0.989621
0.994279
0.929079
1.023267
1.016915
1.028171
0.956963
0.956755
1.004735
0.987958
0.976821
0.960304
1.026229
1.013675
1.008374
1.005114
1.006599
0.986620
0.947404
0.951880
0.991437
0.964689
0.927843
1.019710
0.972891
1.010913
1.013183
0.986322
1.012335
0.989269
1.010905
1.016539
1.014504
0.968838
1.007635
0.916888
0.932036
0.987913
0.984032
1.005130
1.013624
1.005155
1.015432
0.985124
0.918718
0.914649
0.993980
0.927811
0.987227
1.010766
0.976590
0.973239
1.014683
0.940279
1.019832
0.969099
0.994366
0.960101
0.981259
0.919070
1.012698
0.949551
1.002666
0.953252
0.996106
1.025868
0.971215
0.965736
1.005460
0.995985
1.002125
0.988911
1.017043
0.982627
1.004324
0.911166
1.003560
1.010530
0.993868
0.938290
0.971100
0.957920
0.987134
0.975234
0.976382
0.987250
0.977809
0.977493
0.984862
0.977304
0.987671
0.980606
0.929364
0.992933
1.039926
1.006955
1.003703
0.948947
0.975256
0.987926
0.981575
1.020988
1.002614
1.015030
0.947092
0.982798
1.039143
0.940108
0.979956
1.013758
0.984408
0.983325
1.004759
0.998134
1.019022
0.989417
0.992479
0.984679
0.987372
0.975097
0.934008
0.989658
0.988341
1.001639
0.946227
0.958114
0.990221
0.875351
0.985668
1.027281
1.032221
1.000000
0.973065
1.007622
1.002972
1.021596
1.010179
1.013029
1.007940
0.998142
0.953497
1.030813
0.985983
1.005107
0.945294
1.019735
0.991771
1.020931
0.915418
1.008053
1.007439
0.986955
0.991175
0.891114
1.029956
0.940664
0.977109
0.960687
0.997199
0.983065
0.973832
0.993756
1.017166
1.013511
1.006041
0.948597
1.007052
0.959234
1.011924
0.988164
1.011956
0.998635
0.908544
0.941326
0.994243
0.990034
0.969942
0.955116
0.996666
0.996568
1.019021
1.022716
1.020965
1.037831
0.978982
1.004543
0.987711
1.006422
0.991699
1.009326
1.000612
0.873648
0.980174
0.990275
1.003978
0.996972
1.001195
0.964445
0.958353
0.970743
1.017667
1.011340
0.998236
0.988002
0.996411
0.997811
0.992273
0.821786
0.961191
1.030676
0.970750
0.968313
0.980729
0.994096
0.937353
0.997865
0.977046
0.927021
0.959942
1.003211
0.987124
0.958882
0.984587
0.982848
0.986798
0.951041
0.979614
1.003156
0.995417
0.955627
1.039021
0.995920
0.949232
1.005811
1.017085
1.021876
1.023556
1.000874
0.974245
0.954681
0.989955
0.959722
0.983058
1.006535
1.006180
1.005523
0.990090
0.992386
0.983460
1.015267
1.021676
1.011731
0.999153
0.992693
0.950269
0.968704
0.992689
0.933447
0.934845
0.995956
0.973033
0.992694
0.951207
0.971764
1.002689
0.999911
1.000993
1.011573
0.992446
0.988644
0.996111
0.986336
1.018008
0.962842
0.966294
0.977591
0.992934
0.885323
1.046053
0.983933
1.020678
1.005900
0.970005
1.030337
1.002930
0.981930
0.954833
1.026709
0.977056
1.010016
0.941831
0.950906
1.021280
1.003101
1.004900
0.961750
1.018114
0.951890
1.002027
0.923386
0.949777
0.994448
1.027965
1.036724
1.004767
0.976916
1.004754
0.983314
1.025209
0.953772
0.995753
0.996389
0.977440
0.971356
1.001963
0.967286
1.000181
0.974501
0.977885
1.004206
1.015352
0.983245
0.979448
0.971302
0.961125
1.007566
0.952408
1.034889
1.009820
1.029892
0.920880
1.008576
1.003939
0.976107
0.945633
1.013015
1.012700
1.017305
1.001850
0.925267
1.015155
0.997842
0.963353
1.018367
0.981522
0.950846
0.999060
0.945964
0.954165
0.999217
0.974977
1.001614
0.980624
1.027420
0.983134
0.998525
0.984804
0.999999
0.998194
0.979617
0.970518
0.978665
0.989076
0.964417
0.938231
0.935464
1.004110
1.005541
0.963340
0.977389
1.002413
1.039858
0.997254
0.956808
0.992467
1.016173
0.973886
0.959494
0.977840
0.994544
0.944790
0.952763
1.014386
0.998956
0.984659
0.959928
1.002647
0.980623
1.006509
1.011749
1.002383
0.980864
1.021272
1.003322
0.968357
1.034291
1.000596
0.959712
1.002088
0.976255
0.998983
1.001327
1.008039
1.010993
0.943856
0.997612
0.994558
0.930938
0.957363
1.021428
0.944739
0.981459
1.013130
1.001629
0.994017
0.961956
1.017950
0.967529
0.946521
1.003009
1.002992
0.964811
1.023172
0.965120
1.003635
0.908682
0.951533
0.946623
1.004011
0.982351
0.947382
0.971159
0.959215
0.995431
0.970063
0.982830
0.992659
0.834933
1.023867
0.996967
0.996938
0.983464
0.985324
0.974295
0.994966
0.966890
1.006309
1.002971
0.954721
0.997992
0.963649
0.977166
0.995823
1.020342
0.923305
0.992644
0.975728
0.987003
0.989020
1.010501
0.900394
1.007106
1.004111
0.985539
0.985131
0.999462
0.954391
0.999568
0.962244
0.884635
0.950554
1.012686
1.002500
0.982135
1.022669
0.993135
1.013021
0.982822
0.996866
0.882586
1.023861
1.037607
1.007472
0.925137
1.014458
1.010666
0.994938
1.028489
0.987331
1.004321
0.999057
0.991740
0.973029
0.927721
1.005297
1.006129
0.980057
1.010290
0.988731
0.971051
0.885012
0.960706
1.019065
1.001597
1.016000
0.980874
1.003287
1.030188
0.982734
1.008315
0.971257
0.960337
1.018172
0.986748
0.977210
1.020754
0.978049
0.991448
0.947422
0.860203
0.997667
0.988864
0.972139
0.979201
1.024357
1.017610
1.006113
0.984704
1.011669
1.000761
1.010884
0.997172
0.965666
0.923326
1.005764
1.001318
0.972223
0.924466
1.001379
0.993197
0.967966
0.995488
1.004291
1.025669
1.006745
0.968692
1.023766
0.979901
0.952483
0.955649
0.938444
1.016040
0.980935
1.008147
0.998626
0.933012
1.034216
0.943657
0.979597
1.016231
0.969781
0.987092
1.004120
1.000670
1.001764
1.030906
0.949894
1.005278
0.994203
0.949000
1.012797
0.959362
0.964677
1.032431
0.971799
1.000541
0.932244
0.864546
0.978172
0.998609
1.036039
0.925668
0.943375
1.002583
1.010347
1.013848
0.975567
0.979209
1.000568
0.968229
0.997163
0.956791
0.973593
1.020582
1.027412
0.999105
0.997864
1.022147
1.020522
0.974847
0.976797
0.984872
1.013518
0.976863
0.927041
0.985442
0.965959
0.951110
0.939403
0.947137
1.013998
0.965243
1.006814
0.951323
1.008222
1.007143
0.869210
0.992967
0.969926
1.014056
0.977680
1.001888
0.993357
1.023466
0.982055
0.991574
0.992081
0.884160
0.973068
1.003890
1.004201
0.934770
0.997815
0.981688
1.005369
1.001602
1.039671
0.976643
0.995395
0.987952
1.024216
0.951489
0.988929
0.966828
1.003469
0.983002
1.008244
0.997618
0.945572
0.942201
0.950585
0.980931
0.993406
0.965066
0.968779
0.958123
0.989827
0.968126
1.010447
0.973610
0.901230
1.016158
0.979470
0.971907
1.001372
0.924514
1.008746
0.941727
0.980339
1.012402
1.009751
1.001511
0.995513
0.935312
0.983803
0.980202
0.993841
0.985398
0.960643
0.992069
0.995924
1.021428
0.967868
0.948065
1.001404
0.988628
1.008701
0.972114
1.021408
0.983748
0.919410
0.963904
1.033486
0.991531
0.996552
0.921912
0.998550
0.987154
1.028206
1.002225
0.993996
0.999165
0.983831
1.011945
0.942945
0.964491
0.946852
1.005829
0.965193
0.926747
1.004694
0.916163
0.954560
0.950786
0.994080
1.009246
0.987358
1.010136
0.991354
0.931142
1.002709
0.991822
0.995906
0.964966
0.991072
0.977963
0.941972
1.016836
1.019449
0.951638
1.006693
0.999814
1.011133
1.001917
1.004987
1.019798
1.025819
1.001791
0.950645
1.004776
0.987669
0.943424
1.012024
0.948346
0.972486
0.981435
1.026727
0.956915
0.956754
1.017630
0.989156
0.989754
1.013261
0.983022
0.970630
1.001737
1.034737
0.980031
0.967121
0.917590
0.955763
1.002893
1.012249
1.018802
1.007115
0.976520
1.014127
1.025147
1.011888
1.017969
0.997207
0.948310
0.998318
1.007229
0.979840
1.031979
0.930946
0.969355
0.945780
1.035984
0.993701
0.959187
0.987055
1.015195
0.996076
0.904227
1.033112
0.957846
0.986721
0.976305
0.940267
1.030908
1.009326
0.950184
0.985438
0.965961
1.007603
0.988021
0.985706
0.988975
1.024246
1.001009
0.987043
1.027564
0.951528
0.976017
0.979078
0.993034
1.017973
0.995098
1.012118
0.976110
0.993790
0.991036
0.991135
0.917592
1.014640
0.947054
0.990117
0.979668
1.002907
0.965191
1.011156
1.014623
1.004786
0.956080
0.952264
1.020714
1.011647
0.991220
0.945902
1.039936
0.990966
0.966997
1.014384
1.016874
0.990285
0.993245
0.975540
0.974957
1.022448
0.936316
1.014315
1.021209
1.001505
1.024046
0.974013
1.013120
0.978515
0.951864
0.963899
0.937355
0.987954
0.988507
1.019304
1.011289
0.977554
1.013159
0.968006
0.975109
1.004474
1.028209
0.986268
0.981022
0.932256
0.952823
0.970091
0.986907
0.978255
1.002467
1.006158
1.007074
0.970627
0.953179
1.000372
1.003569
0.955822
1.011988
1.025737
0.930044
1.028614
0.991467
1.037449
0.999728
0.989855
1.012022
0.991858
1.030780
0.992212
0.977524
1.032118
1.028958
0.966131
1.025178
0.992303
1.000021
1.011777
1.001042
0.955808
0.982012
0.979213
0.957506
0.980862
1.019782
1.001106
0.981768
0.985795
0.980589
1.023622
1.006801
1.022806
1.015993
1.025748
0.942699
0.968192
0.966603
0.976882
0.991426
0.952658
0.974529
0.976485
0.957594
0.940025
0.993044
0.989591
1.002961
0.958703
1.035547
0.966839
0.945955
1.019942
0.993008
1.018842
0.939845
1.022336
0.914474
1.017027
1.010739
0.927330
0.957166
1.012214
0.946766
0.981141
0.980289
0.978819
0.965751
0.985817
1.010325
0.962550
0.974635
1.006191
1.005502
0.985618
1.003129
1.015623
1.001057
0.996690
1.010217
1.008846
0.986735
0.990508
0.987920
0.969769
0.965633
1.027451
0.983699
1.030749
1.018981
1.027070
1.011694
1.022731
1.000417
0.984456
0.932417
0.909678
1.014113
1.019205
0.955320
0.981278
0.999043
0.946811
0.998295
0.970219
0.976225
1.020004
0.972890
0.998131
0.969120
1.022573
0.950949
0.975089
1.027368
0.972684
1.003999
0.945691
0.980815
1.008795
0.952931
0.999939
1.008582
0.929123
0.982085
1.015860
1.017863
1.026428
1.002301
1.015343
0.974249
0.981622
0.958979
1.006638
0.935611
0.990826
0.958817
1.042759
0.994638
0.994211
1.023967
1.002963
0.952135
0.942559
0.984252
0.908497
1.022435
0.956920
0.907659
0.987540
0.999749
1.010184
1.020613
1.012486
0.982974
1.021354
0.983770
1.003542
0.990086
0.954824
1.006220
1.005420
1.011383
1.035358
1.014721
0.973698
1.000537
0.992325
0.933485
1.033866
0.959273
1.031503
1.018272
1.027466
0.969362
0.939263
0.974949
1.011620
0.991435
1.000921
0.980015
0.930950
1.001904
1.005398
0.939703
1.007905
0.994168
0.979831
0.986957
0.959727
0.971122
0.971716
0.974332
0.958887
0.982087
0.932729
0.981375
1.019358
1.010860
1.000465
1.005219
0.972406
1.001440
0.964654
0.966081
0.965838
0.974645
0.980134
0.982354
0.967283
0.907626
0.963761
0.980236
0.953626
1.001021
1.009081
1.007577
0.994648
0.960342
0.998681
0.988767
0.975089
0.912794
0.987475
1.017068
0.981684
1.020758
0.980146
0.997077
1.008935
0.987523
1.000793
1.001050
0.990764
0.962171
0.995635
0.974019
0.965112
1.013302
1.023937
0.981547
0.995856
1.013409
0.992036
1.029368
0.974837
0.990471
0.947147
0.933529
0.932949
1.019773
0.977394
0.989889
0.982563
1.013892
0.999013
0.998805
1.009731
0.986864
0.944178
1.018133
0.971018
1.014780
0.966436
1.035138
1.018116
1.026364
1.001949
0.940807
1.010116
1.021995
0.994382
1.002243
0.944650
0.997672
0.920290
0.930250
1.025979
0.997074
0.997495
0.951682
0.953311
0.972660
1.013899
0.995741
1.012598
0.970629
0.998839
0.989305
0.981259
0.998181
0.984211
1.039329
0.992314
0.983398
1.005670
0.971017
1.010573
0.980810
0.996615
0.953037
0.916410
1.003120
1.027574
1.003898
0.995553
0.998657
0.886653
0.999214
0.956184
0.995722
0.985415
0.946013
1.003746
1.011886
1.004512
0.968126
0.988153
0.939021
0.984663
1.025637
1.019652
1.000291
1.026776
1.003388
0.990943
0.945814
0.985883
0.993532
0.985653
0.992481
0.947489
0.927230
0.983306
0.942144
0.955115
0.995209
0.983160
0.993762
0.924881
0.997965
1.013327
0.950910
0.955786
0.968639
0.971334
1.000411
0.991588
0.925520
0.939793
0.953833
0.952343
1.011434
0.977743
0.964140
0.973551
1.018060
1.033263
1.004620
0.996681
0.994112
1.013582
1.037057
0.963757
0.985893
1.006502
0.987754
1.006901
0.985174
1.043369
0.954975
0.961963
1.015585
1.011453
1.000916
0.966254
0.972285
1.010070
1.006354
0.976467
0.932072
0.985894
0.990763
0.998433
0.968567
0.981375
0.967649
0.999247
1.019313
0.976503
1.009125
0.958424
1.004114
1.005866
1.035276
0.954422
1.001714
0.949370
0.930190
1.000641
0.994209
0.993058
0.967555
0.920154
0.966858
0.953253
0.938031
0.936896
0.976820
0.982777
0.936030
0.952398
0.989785
1.002880
1.024192
0.989189
1.020503
0.992523
0.975132
1.002269
0.980984
0.995328
1.017264
0.978877
0.950366
0.986990
1.017198
0.997330
0.940216
0.993976
1.036709
0.961730
1.009899
0.979861
0.990237
0.883952
0.965590
0.996682
0.927067
0.948140
0.995960
0.975088
0.953264
0.984002
0.977920
0.925702
0.977888
1.004095
1.019587
0.989166
0.964993
0.997230
1.001561
0.985710
1.010587
1.013908
0.979163
1.018670
0.966370
1.010330
1.009645
0.979283
0.971877
0.968135
1.011967
1.000998
0.914334
1.010125
1.018617
1.005379
1.024020
0.907546
0.982026
0.938192
1.005013
0.928082
1.028140
0.921740
1.002276
0.979686
0.993694
0.989596
1.001442
0.998443
0.942241
0.973620
0.923907
0.958947
0.966406
1.008497
0.968600
0.992938
1.019351
0.973620
0.990553
1.017898
1.012421
0.983526
0.929341
1.024953
1.012470
1.000072
0.964547
0.999830
0.978682
0.997647
1.028545
0.990482
0.977472
0.943490
0.992746
0.980374
0.946980
1.029533
1.007277
0.993834
1.007853
0.957638
0.992197
1.013223
1.003580
1.025570
0.901518
0.992752
0.954875
0.971624
0.992977
0.994340
0.857527
1.005516
0.976102
1.024950
0.928831
1.005992
1.003752
0.977788
0.981763
0.976682
1.011154
1.017303
0.983158
1.004151
0.989692
0.939058
1.023767
0.920333
0.988238
1.006678
0.902695
0.945974
0.949456
1.007908
0.981885
1.010265
0.972221
0.962685
1.028128
0.942427
0.993562
0.967295
0.968354
0.995838
0.955456
0.896819
0.950428
1.016316
1.022559
0.979637
0.973981
1.007803
1.001146
1.013467
1.021358
0.922117
1.013298
0.968126
1.001273
0.996211
0.989359
0.988810
0.964166
1.011094
0.991075
1.018720
1.026964
0.962874
0.966959
0.950383
0.976190
1.009775
0.980594
1.018917
0.957758
0.956203
1.007331
0.944475
1.010173
1.001420
1.007808
0.986499
1.005535
1.011625
0.989680
0.911650
1.011632
0.948455
0.957817
1.022016
1.006208
1.012844
1.039118
0.935122
0.993208
0.979033
0.950109
0.985777
0.956925
0.941225
1.020480
0.984046
0.965771
1.020567
0.876854
1.017545
1.010260
0.988943
1.012452
1.005818
0.998677
1.016948
0.987966
0.999478
0.959014
0.956547
0.950878
0.979356
0.967249
0.983352
1.043224
0.971740
1.021783
0.984949
0.980699
1.016013
0.985884
1.021315
0.935865
0.990817
0.960798
0.997731
1.002821
0.915642
1.005300
0.948581
1.038996
0.997682
1.007961
0.968738
1.000165
1.025507
1.000968
0.996652
0.997699
0.961630
0.995973
0.986465
0.956925
1.038826
0.986166
0.940068
0.946740
0.971338
1.012728
0.961873
1.038376
0.965873
0.980187
0.999141
0.976939
0.971331
1.010632
1.007444
0.960802
1.003067
0.994909
0.925107
0.965803
1.014770
0.995402
1.012289
1.008496
1.007479
0.989589
0.994701
1.024211
0.988986
0.982731
0.981754
0.957256
0.986996
0.955305
1.016743
0.967772
1.011149
0.978423
1.000518
0.936948
1.043748
0.947484
0.966149
1.025004
0.889774
1.005631
