0.996511
0.996512
1.000683
1.003564
0.977077
1.008758
1.002737
1.011581
0.987010
1.003118
0.998483
0.958883
0.989658
0.987360
1.001976
0.962608
0.989258
0.965009
0.960156
1.010511
1.001508
0.985862
1.011635
0.995411
0.974476
1.014177
0.978978
0.986170
0.980227
0.984786
0.988004
1.000569
0.999918
1.009664
0.959267
0.987986
0.995516
1.004696
0.991623
1.005134
1.002640
0.970402
0.966301
1.007493
0.990244
1.005734
0.986209
0.998809
0.983600
0.990323
0.975854
1.008174
1.003964
0.984208
0.984989
1.003469
1.006119
1.002921
1.006527
1.004651
1.000973
0.989457
0.993771
1.004272
0.997848
0.974279
0.992385
0.983752
0.993948
0.997936
0.994832
1.000447
0.988652
0.975436
1.005650
1.006670
0.937374
1.000726
1.013365
0.967098
1.008835
1.007215
0.974171
1.009656
1.007311
1.006644
1.004355
1.016342
1.008973
0.978549
0.982916
0.971031
0.990253
1.011650
0.962635
1.006298
1.005830
0.998707
0.949083
0.986001
0.993307
0.992347
0.990751
0.973567
0.997304
0.981072
0.966242
1.003607
1.011266
0.955449
0.992773
0.994633
1.013955
1.011213
0.998319
1.002290
0.995862
1.020598
0.993380
1.002054
1.002113
0.993533
0.985814
1.003241
0.962894
0.994562
1.014338
1.004352
1.000269
0.996321
1.005470
1.012194
1.005580
0.993405
1.000596
1.009875
0.956670
1.010148
0.995966
1.010495
1.000954
0.989684
1.002843
0.992986
0.969073
1.011951
0.971675
0.997830
0.980698
0.990569
0.977928
0.998296
0.986263
0.997870
1.012063
0.994837
0.979234
1.005243
1.005724
0.981149
0.985985
0.993661
0.997689
1.002532
0.990138
1.006706
0.998170
1.006550
1.002622
1.012157
0.991593
0.996044
0.992207
1.006121
0.975820
1.001296
0.942932
0.995921
0.997775
1.005547
1.011106
1.000289
1.003425
0.954333
0.994972
1.001031
0.986657
0.993382
1.009899
0.989012
0.983558
0.976418
0.994928
0.972947
1.010388
1.001083
1.003919
1.014567
0.964895
0.970849
0.986269
1.000183
1.009603
0.982128
0.990058
1.002232
0.990040
0.963696
1.006976
0.991344
0.982242
0.978211
1.009988
1.005306
0.990068
1.002666
0.990408
0.998201
0.974001
1.001878
0.993333
0.991918
1.012245
1.015896
0.968577
1.005177
1.009917
0.990721
0.975918
0.976186
1.004483
0.977415
0.992339
0.990569
1.001226
1.003213
0.951085
1.007119
1.012437
0.976956
1.009564
0.978767
1.003482
0.990274
1.004869
1.002454
0.998033
1.006116
0.970716
0.966590
1.007077
1.005707
0.981031
0.975406
1.011165
0.998586
0.997025
0.997079
0.991472
0.982177
0.996757
0.975645
1.007983
1.002143
0.994255
0.994974
0.990048
0.991733
1.001587
1.003042
0.969423
0.975042
1.005843
1.005479
1.000364
1.001600
0.940489
1.014152
0.998650
0.997177
0.996399
1.003568
0.972773
1.007589
1.013468
0.980051
1.019003
0.992308
0.970605
0.988914
1.010856
1.005543
1.002858
1.005592
1.005756
0.992954
0.982695
0.998220
0.971422
1.011719
1.006014
0.991736
0.988384
1.002807
1.004329
0.948687
1.004315
0.996254
1.004724
1.001490
1.000169
0.996384
0.995872
0.960590
0.982581
0.981185
1.000891
0.995987
0.993765
1.002905
0.998760
0.999740
1.005389
1.000818
0.980219
1.013088
0.983136
0.998459
1.014532
0.991198
1.004078
0.987134
1.004718
1.005637
1.011679
0.994368
1.004791
0.981216
0.997736
1.000856
0.973861
0.973555
0.997523
0.992125
0.985703
0.995125
0.999628
0.993739
1.007696
0.985010
1.004544
0.985108
0.999256
0.990527
1.004938
0.981581
1.001693
0.995820
1.013169
1.000048
1.006956
0.973797
0.970177
0.997612
1.011495
0.995305
0.989987
1.018611
1.014138
0.995881
0.999041
0.988832
0.997242
0.984726
0.997408
0.974881
1.007607
1.013426
0.998440
1.000230
1.009028
1.012135
1.000936
0.998710
0.994651
1.010116
1.015214
0.997360
1.005596
0.971572
1.006755
0.968686
1.014953
1.009977
1.002020
1.013352
1.003116
1.000160
0.995605
0.981763
0.967119
0.977842
1.014835
0.981266
0.982837
1.007943
1.002979
0.990047
0.995627
0.995076
0.984755
0.999568
0.982668
1.000964
1.000039
1.010964
0.991154
0.959535
1.003756
0.990022
0.994082
1.017202
0.978365
0.989269
1.000132
0.989802
1.000055
0.998030
1.010378
0.948383
0.998229
1.002990
0.966068
0.997346
0.985221
1.003007
0.943189
0.987922
0.996720
0.984516
0.955813
0.962912
1.000771
1.015775
0.991839
0.994563
0.991308
1.016264
0.955585
0.980130
0.982726
0.992800
0.993731
0.985188
0.990887
0.993694
1.016313
0.991280
0.967600
0.984687
0.988362
0.977596
1.000295
0.994210
0.999806
1.009940
0.990522
0.997576
1.007173
0.982529
0.987059
0.983974
1.002096
0.996286
1.003519
0.950019
0.978990
0.984762
1.018065
1.001202
1.019396
1.006551
0.981852
0.998870
0.991775
1.007267
1.007235
0.996601
1.012011
0.981785
0.947994
0.970822
0.971454
1.004877
1.006982
1.003006
1.013115
1.012270
0.995863
0.974456
1.001116
0.998353
0.993697
0.985503
1.003386
1.007693
0.993817
1.007445
1.019688
0.989502
0.985006
1.013323
0.990457
1.015653
1.003432
0.988172
0.967946
0.981433
0.972042
0.951120
1.010824
0.998929
1.003815
1.019358
1.004710
0.990514
1.005258
0.991381
0.917622
0.993775
1.005133
0.996386
0.989709
1.010883
0.971504
0.994096
0.983673
1.004743
0.963828
0.990397
0.962456
0.975980
0.989872
0.982818
0.975678
0.964774
0.995840
0.984449
1.009178
1.001440
1.005397
0.948837
0.969321
1.005257
0.998539
1.002979
1.015850
0.991747
0.992352
1.006403
0.991985
0.971457
1.002945
0.939153
0.966567
0.990215
1.010568
1.001634
0.999627
0.973097
0.977338
0.987005
0.975279
0.967331
0.995753
1.007449
1.012226
0.997251
0.995243
0.995886
0.998169
0.964373
1.011956
0.992860
1.001677
0.978949
0.939852
0.976255
0.996796
0.992727
0.977785
0.996797
1.008300
1.001018
0.988574
0.976358
1.014428
1.001164
0.985793
0.984815
0.998243
0.969188
1.012399
1.018951
1.009212
1.010097
0.973099
1.002852
0.984711
0.982667
0.995985
0.999967
0.984360
1.014874
0.977031
0.973900
0.994984
0.969289
0.997620
1.000505
1.013508
1.009453
0.965416
0.989011
1.003431
0.980680
0.950651
0.978588
0.997608
1.001268
0.994167
1.012062
0.920028
0.983674
0.983792
0.977451
0.986781
1.003669
0.943422
0.990683
1.004340
1.007381
1.003516
0.998657
0.982310
1.000880
0.994098
0.975405
1.005097
0.986898
1.010536
0.960740
0.987615
1.006284
0.998077
0.998207
1.014980
1.004486
0.991754
0.977448
1.006362
1.001202
0.999829
1.002638
1.006249
0.989140
1.012303
0.985521
1.000901
0.994470
1.008938
0.994746
0.980113
1.004534
0.996003
0.997482
1.008965
0.973451
1.007806
0.986083
1.010378
0.995207
0.988935
1.000418
1.013882
0.998172
1.003723
0.986104
1.007002
0.991924
0.980611
1.009746
0.985433
0.980451
0.976219
0.967762
0.990166
0.971934
0.974510
1.005027
1.008664
1.005539
1.009789
0.992929
0.993636
0.990785
0.975711
0.985703
0.993749
0.951082
0.991156
0.983858
0.984499
0.995494
0.981810
1.008949
1.001552
0.973338
1.011893
0.998402
0.991948
0.991258
0.998252
1.000087
0.996750
0.997609
1.003389
1.006786
1.004463
0.994627
0.990049
1.003181
0.994349
1.003702
1.008063
1.004748
0.958697
1.002302
0.983026
0.977038
0.996345
0.939760
1.017622
0.980886
1.006242
0.985925
0.988589
0.993643
1.004799
0.985916
0.992103
0.993046
0.965992
0.997243
0.989191
0.987075
1.003783
1.013322
1.002381
0.988372
0.996430
0.985621
1.006158
0.995188
0.953145
0.988307
0.980841
1.006894
0.995754
1.001683
0.991182
0.995190
0.987907
0.987064
0.998257
1.004711
1.006763
0.982799
0.999267
0.983079
1.005364
1.001889
1.007306
0.997599
0.995700
0.985210
0.999972
0.967483
1.002679
0.988086
0.993044
1.002959
0.994860
0.987277
1.009254
1.009387
0.996939
0.982830
1.007578
0.980198
0.992817
0.989636
1.004333
0.990640
0.993504
0.994952
1.001365
1.002435
1.020269
0.976105
1.001997
0.994673
1.014178
0.990241
0.997877
1.018281
0.992216
1.003912
1.000980
1.004719
1.005564
0.992605
0.958309
0.982312
0.991520
1.001038
0.987337
1.005771
1.004996
0.993834
1.006334
0.950332
1.015137
0.956101
0.979699
0.980925
1.002950
1.014806
1.002825
1.002692
0.992772
0.968511
0.993837
1.004680
0.998224
0.988624
1.006539
1.002438
1.015667
1.003677
0.985060
1.010730
1.009842
0.982620
1.001882
0.989360
1.014511
0.985631
1.002527
0.976277
1.011621
0.994336
0.995574
0.999203
0.996156
1.004994
0.990254
0.991407
0.987522
0.957733
0.988018
1.004408
1.000897
1.004780
0.991839
0.963104
0.987290
0.988769
1.008402
1.005078
0.964287
0.993538
1.000930
0.989595
1.002430
1.010379
0.977696
1.004200
1.010546
0.989272
1.009659
0.975398
0.963795
1.007286
1.020717
0.988626
0.999978
0.986956
0.995328
1.019959
0.989408
0.998022
0.999168
1.000536
0.986713
0.991229
1.003642
0.976719
0.990006
0.985868
0.998179
1.009815
1.003502
1.003000
0.966601
1.009454
0.998915
1.015102
0.995842
1.002617
0.968954
0.984266
0.993082
0.998932
0.990990
0.975879
1.005037
1.012859
0.977899
0.999864
0.975416
0.999969
1.005977
1.016555
1.003779
0.996639
0.999892
0.981598
1.007853
0.990225
0.974305
1.001228
0.996513
0.972389
1.001924
0.955694
1.003600
0.954203
1.010681
0.979263
0.988170
1.002187
0.994165
0.997118
0.990499
1.017821
0.997425
0.998171
0.993595
1.006962
0.995484
0.978800
0.970545
0.968950
0.999868
0.983582
0.987313
0.987058
0.978427
0.986026
1.002024
1.010626
1.010980
0.972442
0.969519
0.979110
0.963285
0.992892
0.989827
0.990470
0.976556
0.987529
1.008948
1.001100
0.999004
0.997350
0.987284
0.993552
1.011615
1.016043
0.992301
1.008646
0.990778
1.007605
1.002616
0.994196
1.000694
0.976950
0.999759
0.993036
0.971247
0.990540
0.998753
0.996481
1.012039
1.008414
0.995292
1.005773
0.997264
1.001808
0.958584
1.005060
0.999458
1.004566
1.006564
1.004354
0.987958
1.005197
0.968763
1.005394
1.009028
0.982958
0.980591
1.007592
0.992731
0.969248
1.005377
0.986603
1.009799
0.984264
0.987157
0.993950
0.982509
1.000313
1.015101
1.010854
1.014290
0.994578
0.999286
1.010556
1.010204
0.976580
1.002635
0.986493
0.999262
1.009540
0.991730
1.013135
0.996015
1.013694
1.017453
1.012070
0.970429
1.013393
1.003433
1.015152
1.004555
1.007604
0.999193
0.997856
1.005584
0.990317
1.015068
1.001025
1.003151
0.957470
0.977865
0.982888
1.008578
0.964602
0.976499
1.002840
1.011224
0.999348
0.993961
0.980547
1.006121
1.003124
0.984619
0.987393
0.992195
0.973463
0.985053
0.963337
0.993478
0.990692
0.996746
0.977104
0.992448
0.989871
0.987025
0.955297
1.011153
0.993053
1.000487
1.008881
0.998773
1.009821
1.004291
0.994604
0.979204
0.909007
0.974635
0.990635
0.987884
1.004892
0.996467
0.995634
0.994347
1.002305
0.969437
0.988213
1.007421
1.008514
0.987517
0.996503
0.996286
0.982025
0.981894
1.008365
1.011236
0.997458
0.993507
0.982621
0.988478
0.999985
0.995126
1.004085
1.001540
0.990696
1.012143
1.007104
1.005310
0.972535
1.015642
1.003897
0.995728
0.976266
1.003558
1.003172
0.984092
0.957193
0.988009
1.005992
1.012138
1.016408
1.002994
0.975179
0.979636
0.998668
1.003917
0.992680
1.008580
0.998304
0.992260
1.008223
0.985529
1.004751
0.994083
0.908221
1.004374
1.003124
0.994596
0.996682
0.994447
1.006755
1.000090
1.004597
0.970728
1.010845
0.995013
0.964026
0.972800
0.990199
0.994697
1.011511
1.004695
0.991918
0.994302
1.007967
1.003234
0.984570
0.962056
0.988711
0.999756
0.974997
0.986382
1.015446
1.010899
1.007448
0.983009
1.009131
0.994369
0.992065
1.007342
1.000324
1.005602
0.995078
1.013030
0.993537
0.993886
0.997236
0.985781
0.995239
0.999682
0.999578
0.990438
1.001276
1.008066
1.011381
1.017615
0.984920
1.006927
0.955206
1.003971
1.000804
0.978818
0.997037
0.982014
0.973208
0.985130
1.020280
1.008749
0.989065
1.020413
0.985491
0.976607
0.980598
0.978826
0.996431
1.002509
1.000514
0.987473
0.994020
0.996579
0.987872
0.994147
1.011177
0.992720
0.973528
1.010899
0.991307
0.997367
0.967009
0.999451
0.990585
0.994805
0.993108
0.993552
1.002068
1.007344
0.968636
0.968582
1.004566
1.001630
0.987164
1.008224
1.004720
0.989648
0.999770
1.007329
0.984316
1.005538
0.999806
0.989310
1.005799
1.001957
1.007796
0.989018
0.976351
0.966551
1.000934
1.005337
0.996520
1.008777
0.978880
1.002316
0.962145
0.950003
0.994636
0.979448
0.983069
1.009924
0.977464
0.974495
1.007307
0.968256
0.998317
0.997218
0.984314
1.001745
0.999513
1.002688
1.009485
0.969608
0.992154
0.987492
0.979676
0.997430
0.979860
1.013240
0.998452
0.998126
0.986309
1.017108
0.994990
0.973429
1.005001
1.007360
1.014027
0.990431
0.954729
0.968654
1.012953
1.004276
0.964850
0.968032
0.994629
0.980262
0.981082
1.016851
0.959830
0.993481
0.983485
1.005185
0.968206
1.000468
0.965693
1.009817
1.003690
0.976678
0.998488
1.005910
0.994329
1.002188
1.000481
1.010939
0.998099
0.970042
0.984408
1.005294
0.999773
0.988365
1.003323
0.984983
1.000074
0.986888
1.002107
1.021702
0.982354
0.980909
0.989736
0.997539
0.980479
0.999272
0.972384
1.000737
0.991613
0.966679
1.003587
1.002011
0.985418
0.977347
0.998095
0.991422
1.000916
1.003031
0.986996
0.982506
1.012527
1.003656
0.987340
0.995578
0.992533
0.993037
0.998378
1.000687
0.987457
1.006296
0.996747
1.001170
1.007982
0.991376
1.017407
0.979652
1.001598
0.993325
0.977171
0.999993
1.010251
0.971740
0.991358
1.003657
1.005600
0.988770
0.989220
0.995664
0.969516
0.983947
0.997873
1.009113
1.005663
0.988215
1.005339
0.989145
0.987073
0.997707
1.009003
0.995065
0.998528
0.980597
0.975051
1.006376
0.988883
1.013422
1.004902
1.002645
1.010836
1.006751
1.011611
0.955589
1.014844
0.993292
0.980333
1.006164
1.004413
0.993785
1.006715
1.000496
0.984041
0.987645
0.994573
1.005096
1.005655
0.970251
0.994276
0.978683
0.992422
0.976646
0.997119
0.976602
1.009140
0.997207
0.983060
1.009431
1.010703
0.985327
1.012064
0.996240
1.009128
0.989803
0.998844
1.013395
0.941989
0.995805
0.987367
0.988881
1.003685
0.980101
0.995536
0.988238
1.005579
1.002897
0.993768
0.992361
0.998400
0.980829
0.996612
1.000260
0.999720
0.987147
1.000778
0.994974
0.998456
1.019004
1.000134
0.994045
0.969232
0.989537
0.998935
0.997469
1.004377
0.970208
0.976594
0.995909
1.009995
1.005058
0.981411
0.988849
1.019411
1.003239
0.996024
1.001159
1.004250
1.003972
0.986410
1.003592
0.993548
1.008605
1.004109
0.977619
0.984309
1.002650
0.968747
0.987239
1.017144
0.964434
0.988110
1.001855
0.996046
0.992505
1.004030
1.000226
0.965645
0.984064
1.015688
0.991259
0.994353
1.016757
0.990529
1.011385
0.976440
0.990742
1.000574
1.008515
1.000816
1.003777
1.011255
1.004203
0.961866
0.988859
1.000214
0.998144
1.007483
1.006857
1.003851
0.999771
0.998008
1.011391
0.961979
1.002498
0.985385
0.994488
0.980587
0.960970
1.011241
1.012128
0.977101
0.994634
0.986842
0.956726
0.999871
1.006542
0.951207
0.982777
1.006867
0.991377
0.995770
1.008985
0.973300
1.001689
0.988455
0.998233
0.993732
0.994845
0.992560
0.994437
0.991375
0.994011
0.981225
0.994995
0.973996
0.992665
1.006378
0.994513
0.992230
0.991802
0.994279
0.976567
0.989541
1.008880
1.006138
1.006762
0.987030
1.018577
0.973436
0.990266
0.997049
0.992759
0.995426
1.008727
0.985929
0.982898
1.004794
1.014645
0.981719
0.992054
0.998900
0.972232
0.995492
1.011408
0.968967
1.011729
0.971936
1.019220
0.992340
1.004441
0.986689
0.966891
0.993639
0.975729
0.962791
0.999294
0.995409
1.003523
0.974999
1.009728
0.995126
1.005880
1.004637
0.996128
0.986014
0.993934
0.983575
0.987236
0.960511
1.007359
1.009168
1.011506
0.981382
1.009688
0.997358
0.998625
1.012209
1.012591
0.963812
0.977406
0.994609
1.001136
1.012608
0.992362
1.001112
0.984306
0.986119
1.019767
0.997003
1.001416
0.997859
0.985021
0.997319
1.016506
0.980242
1.014204
0.992031
1.007740
0.971656
0.963869
0.977303
0.964030
0.975214
1.004280
0.990162
0.992225
0.988861
1.005814
1.010585
0.980404
0.966781
1.007061
0.992430
1.001201
1.007723
1.002126
1.004633
0.975727
0.981492
1.001825
0.964784
1.008080
0.990220
1.009353
0.996499
0.976010
0.989421
1.010490
0.986370
0.992307
0.967663
0.947838
1.009195
1.000083
0.974352
0.995535
1.005617
1.006197
1.018475
1.003678
1.008747
1.002631
1.001627
1.005870
0.982607
1.007268
1.014765
0.989964
0.994039
1.012238
0.999602
0.992500
0.996828
0.992341
0.996370
1.003553
1.004783
1.015422
0.985838
0.996769
0.970197
1.013312
0.995681
0.997473
1.009807
0.987796
0.986600
0.976187
0.950999
0.937180
0.992282
0.980892
1.008025
0.995383
1.002249
0.996174
0.987686
0.992484
1.011736
1.006840
0.992525
1.010726
0.980602
1.011335
0.986555
0.982156
0.999139
1.002921
0.989873
0.972861
1.007734
0.992270
0.998152
0.993776
0.970716
0.990836
1.001574
0.957593
0.955697
0.998426
0.982504
0.972883
1.001516
1.005797
0.990709
0.997998
0.973787
1.002666
0.986952
0.985412
0.997628
0.986126
0.985771
1.001035
0.952376
0.998380
0.988080
1.003251
0.973282
0.990131
0.984289
1.009755
0.984600
0.967208
0.997234
0.991979
1.003764
1.006075
1.017790
0.974298
0.977981
1.006327
0.956277
0.992278
0.981194
1.004480
0.993366
1.013925
0.996586
0.991617
1.015482
1.004049
0.993563
0.997404
0.993425
0.998700
0.991328
1.009779
1.016105
0.990295
1.005480
0.996105
0.977812
1.012095
0.999556
1.012226
0.991779
0.991611
1.001996
0.997545
0.990795
0.986405
1.001560
0.995601
0.969610
1.001232
1.003124
0.977343
1.004865
0.978598
0.966637
0.972985
1.002062
0.972403
0.983875
0.977302
1.001471
0.990359
0.955622
0.998673
0.990937
0.994854
0.991628
1.013777
1.001259
1.009759
0.979927
1.006137
0.978636
0.936760
0.970468
0.995127
0.988982
0.955727
0.983536
1.006730
0.983357
0.980608
1.000249
0.986267
1.001756
1.008583
0.993595
0.982212
0.967296
0.988006
0.991734
0.982847
1.012201
0.969581
0.993117
0.989171
1.002586
1.003514
0.993897
0.994813
1.009893
0.991061
0.973159
0.976494
0.986551
0.993934
0.991953
0.994837
0.996244
0.968233
0.997022
0.998982
0.990169
0.962028
0.997250
0.992091
0.998597
1.004656
1.015038
1.005543
1.001471
1.015872
1.008093
1.007342
0.964108
0.991974
0.990509
0.977120
1.003061
0.989590
0.995620
0.991400
0.972176
0.966110
1.004673
0.981616
1.015152
0.984290
0.990707
0.987677
1.005540
0.999123
0.996270
1.021318
0.999069
1.005117
0.980654
0.980547
0.996710
1.000222
0.988097
0.940390
1.007916
0.979547
1.004708
1.015275
1.007977
1.017421
0.983558
1.001962
0.987441
1.005809
0.995072
0.980311
0.990880
0.970397
0.993194
0.997974
1.018607
0.987343
0.998003
0.951529
0.993803
0.985757
0.952435
0.995657
0.993515
1.006754
0.990328
0.996147
0.995403
1.000136
0.992245
0.987013
0.980353
0.975999
0.954286
0.995255
0.994345
1.008115
0.984679
0.996385
1.008124
0.960382
0.993308
1.010702
1.001405
0.989113
0.985364
0.995330
0.992173
0.998271
1.000180
0.956256
0.989104
0.995617
0.996304
0.998382
1.006423
0.993973
1.008400
1.011080
1.008852
0.996893
1.004969
1.004178
1.011644
0.981127
1.007964
1.004006
0.989300
0.993689
1.000565
0.986721
0.956314
0.996652
0.996891
1.018214
1.005714
0.994433
1.009070
1.022174
0.970829
0.993411
0.988461
1.004336
0.991301
0.981917
0.997175
0.981422
1.009790
0.992236
0.995471
0.974332
0.991278
0.989188
0.981984
1.008815
0.994844
0.993572
0.987255
1.004289
0.988600
1.003417
0.993581
0.993746
0.993389
1.002945
0.973791
0.987020
0.973392
0.948856
0.976968
0.996341
0.982379
1.001569
0.980354
1.000836
1.015378
0.984874
1.003644
0.982680
0.998533
1.013913
0.998352
0.991751
0.998930
1.005040
0.999686
1.012004
0.993761
0.994369
0.981895
0.987279
0.963145
0.971957
0.986281
0.997403
0.980238
0.997158
1.014364
1.016632
0.991590
1.003485
1.006533
0.997548
1.005052
0.997209
1.004981
1.011235
0.987800
0.995267
1.003289
0.973755
0.994416
0.972322
1.005128
0.994256
0.985998
0.999199
0.985573
1.012470
0.972990
0.988784
1.014430
0.994804
1.008812
0.998137
0.993298
1.007416
0.999624
1.001515
0.980791
1.013643
0.955088
1.011905
1.012291
1.004406
0.993295
0.995318
0.986158
0.991806
0.989552
0.994896
1.008873
0.974135
0.999629
1.005989
0.997987
0.996001
1.007883
1.005052
1.000554
0.995990
1.002828
0.992427
0.981891
0.998927
1.000443
0.992966
0.991450
0.990168
0.986121
0.987863
1.003822
1.005256
0.996717
1.006194
1.012317
1.008373
0.983753
1.001767
0.981043
0.995792
0.989454
0.992503
1.010311
1.008123
0.970488
0.995053
0.995557
1.002596
1.001673
1.006739
0.989798
1.007482
1.003496
0.971868
1.000957
0.993990
1.004693
0.991203
1.006464
1.016875
0.989119
0.975650
0.983671
1.002415
1.013109
0.984551
0.990879
0.980434
0.982221
1.005848
0.974208
0.986175
1.002226
0.994455
0.994950
1.005409
1.005196
1.002658
0.996328
0.988764
0.974514
0.994635
0.975298
1.006888
0.987954
0.975461
0.994829
0.984494
0.977949
0.996841
0.991122
0.989461
1.008656
1.008788
0.984780
0.985979
1.002588
0.964399
1.005485
0.986434
0.989317
0.975447
0.950968
1.009712
1.009651
0.996263
1.004604
1.013686
0.979846
1.008699
0.994932
1.005177
1.001025
0.999302
1.004966
0.972821
1.010012
1.011766
1.007223
1.009097
0.990622
0.979100
1.002212
0.980446
1.002535
0.998457
0.981203
1.008217
0.982960
0.979510
0.993432
1.005575
0.965575
0.998571
0.958506
0.987391
0.986912
0.995037
0.969182
0.991617
1.002898
1.012254
0.976871
1.012455
0.988206
0.986642
0.986885
1.008967
0.985855
0.992247
1.000109
1.007557
0.989714
0.992230
1.000680
0.993181
0.996712
1.002732
0.982606
0.996423
1.000038
1.008539
0.963520
0.985160
0.989140
1.001088
0.995273
1.010001
0.984063
1.003918
0.974399
0.977043
1.009465
0.987435
0.993270
0.997166
1.002474
0.992739
0.992026
1.003012
1.009655
1.012039
1.012070
1.001689
0.995865
0.975509
0.989247
0.996932
0.979145
0.995564
1.004463
0.987815
0.991938
1.011667
1.001317
0.997309
0.996157
0.990152
0.996174
0.961384
0.972339
0.964123
0.999248
1.000656
1.001936
0.993508
0.997163
1.003477
0.978154
0.980961
0.973500
0.990571
0.945076
0.982485
1.006417
1.003367
1.005399
0.981895
1.005840
0.953874
0.997991
0.987345
0.970624
0.980904
0.993917
0.966876
1.001799
0.998550
0.986283
0.998700
1.004390
0.982521
0.966240
0.985465
0.995158
1.004155
1.003792
1.009150
0.997795
0.992500
0.984568
1.009932
1.000288
0.989393
0.990585
0.991686
0.992620
1.002483
1.006801
1.009785
0.996940
1.005647
1.009340
0.987201
1.005786
1.005891
0.986161
0.957165
1.007919
0.994245
0.992463
0.986861
0.993536
0.959442
0.990352
0.985786
0.985563
0.998936
1.004703
0.989255
0.983886
1.005943
0.982204
1.001383
0.973671
0.992808
0.984167
1.013053
0.992269
0.999564
0.997119
1.007651
0.976659
1.010429
0.980714
1.014382
0.970023
1.001078
0.982892
0.982405
0.953412
0.987217
1.012692
0.950086
0.984310
1.003194
0.995800
1.002812
0.980703
0.967152
0.961346
0.996703
0.997170
0.984036
0.984039
1.002523
0.996713
1.005942
0.977639
0.998692
1.008477
1.000865
0.929243
0.970255
0.999680
0.996667
0.974927
1.009383
1.007311
0.997821
1.007299
1.010502
1.004773
0.993903
0.983878
0.992627
1.015428
0.987576
0.992230
0.979106
0.988331
0.984945
1.014036
0.978256
0.993394
1.000621
0.971074
0.987658
0.990264
0.972142
0.992518
0.991995
1.007939
1.003142
1.009528
0.982727
0.982198
0.994662
1.007991
1.008417
0.994517
0.998295
0.984332
0.997807
1.018143
1.001134
0.957363
0.990636
0.986196
0.993723
0.978033
1.006540
1.005361
0.999337
1.012602
1.002561
0.986182
0.988994
0.985414
1.012625
0.962868
1.003591
0.991544
1.002086
1.006025
0.952030
1.011313
1.018578
1.002046
1.003418
0.986732
0.972900
1.012538
0.993775
1.011306
0.994218
0.931912
0.998393
0.977954
0.976565
0.998732
0.995089
0.984698
0.995553
0.984546
1.001439
1.000609
0.985641
0.995512
0.986527
1.005805
0.992650
1.008606
0.952860
0.979394
1.000147
1.009678
0.990763
1.005630
1.009268
1.002209
0.998119
1.001178
0.978501
1.002416
0.996762
1.002625
0.999063
0.988065
0.998411
1.006269
0.988449
0.965381
1.009706
1.007940
0.957824
1.004137
0.997746
0.966808
1.003127
1.002864
0.986301
1.002552
1.011984
0.996631
0.981546
0.991904
1.010816
0.985216
1.007467
1.001262
0.995840
1.006289
0.997503
0.995843
1.000693
0.995789
1.020728
0.999632
1.002748
0.997760
0.999874
0.968714
0.973203
1.017847
1.014491
1.006802
0.998609
0.993424
1.011125
0.993801
0.953090
1.006325
1.000676
0.988107
1.005454
0.978074
0.999075
1.004993
0.975908
0.991876
0.963920
1.002999
0.995078
0.990354
0.991247
0.988570
1.000800
0.998527
0.997161
0.996850
1.004450
1.002885
0.985925
0.983849
0.980853
1.005322
0.973700
0.995197
0.993581
0.967581
0.979994
0.988621
0.999588
0.996770
0.990735
0.994315
0.966114
0.991565
0.984482
1.005639
1.001567
1.004236
0.995124
0.989573
0.990685
1.005030
0.996845
0.991276
0.992189
0.978188
0.996720
1.003510
1.002925
1.009595
0.995629
0.993386
0.991693
0.993595
1.011965
0.976323
0.985659
1.009393
0.974577
0.961292
0.990803
1.002461
0.960913
0.985901
0.996598
1.012435
1.016495
0.994903
0.961379
0.997201
1.002454
0.993775
1.008189
0.989404
0.986243
1.003968
0.994939
1.002355
1.003899
0.998520
1.006165
1.000604
1.013382
0.971272
1.011092
1.002396
0.969794
0.996028
0.980595
0.972703
1.006104
0.996612
1.012482
0.979582
0.999153
1.000174
0.998463
0.979088
0.998456
1.014233
0.994065
0.991025
0.993591
0.949002
0.989577
1.006424
0.999674
0.996103
0.994062
1.014025
1.013062
0.993256
0.983040
0.985677
0.968942
1.001539
1.000550
1.005158
1.009370
1.001549
1.000899
0.989343
1.008486
1.011186
1.001987
0.982582
0.990118
0.994008
1.003115
1.001754
0.986231
1.022857
0.965070
0.996689
0.984041
1.012371
1.012861
1.002724
1.006291
1.003041
1.016631
0.985575
0.996390
1.014664
0.991950
1.017109
0.990571
0.999070
0.967340
0.993429
0.975812
1.005491
0.999000
1.009317
0.984666
1.002687
0.975048
1.001855
1.005207
1.012319
1.007121
0.998023
1.005399
0.987338
1.006025
0.981039
1.001924
0.999817
1.006131
1.006706
1.012499
0.984196
1.010402
1.003766
1.001569
0.995559
0.996480
1.000491
0.974530
1.000668
0.990042
0.999760
0.983455
0.985163
0.995058
1.020426
0.992974
1.010885
0.991122
1.011030
1.003477
0.986661
0.988227
0.997031
0.984164
1.013099
0.988632
1.001657
0.957030
0.986181
0.979804
1.011438
1.019726
0.990140
0.988249
0.956241
1.005066
0.991106
0.972292
0.972551
0.991918
0.956598
0.988001
0.997041
0.993855
0.981567
0.994862
1.013939
1.012580
0.994503
1.000206
1.008711
0.970400
1.016444
1.004199
0.972020
0.994351
0.964920
0.980412
0.990245
1.001950
0.985385
0.991962
1.001963
0.997393
1.004310
1.000831
1.001143
1.021285
0.997469
0.997741
1.007579
1.001255
0.988198
0.997902
1.003191
0.983139
0.977835
0.985394
0.966497
1.016160
0.984966
0.984799
1.013778
1.018622
1.006878
0.996397
0.991375
0.994708
1.000756
0.999661
0.989276
0.994666
1.002976
1.004390
0.992826
0.981471
1.014619
0.993995
1.006196
0.986160
0.975034
0.989238
0.997835
0.967067
0.984862
0.999798
0.986849
1.012566
0.989717
0.985232
1.002319
0.941394
0.991754
0.996468
0.983542
1.000458
0.966114
0.999983
0.990937
1.001083
0.995544
0.995125
0.986368
1.002238
1.009002
0.996040
1.016529
0.998845
0.965753
0.975040
0.994411
0.999012
0.986058
0.983177
0.981725
0.944637
0.988139
0.993891
1.000794
0.998895
1.004557
1.004030
0.996363
1.003960
0.988306
1.009089
1.003207
0.967924
0.996462
0.995329
1.013084
1.001159
1.005895
1.012009
0.969957
0.999755
1.002975
0.993976
0.978508
1.002384
0.976668
0.977003
0.964694
1.001406
0.994335
1.006667
0.991387
1.010305
0.971340
0.957325
1.002448
1.023464
1.014734
0.991489
0.977978
0.992061
0.997040
0.974479
1.016028
0.998500
1.011840
1.004884
0.992567
0.980229
0.981892
0.994368
0.989203
1.010543
1.006584
0.996787
0.982700
0.979852
1.010670
1.001072
0.999656
1.003393
0.984166
0.997857
1.017656
0.989724
1.004336
0.998386
0.991803
0.997947
1.003184
1.004382
0.979113
1.009721
1.004416
0.992933
0.994932
1.008094
0.988416
1.002705
1.011426
0.987344
0.983184
1.006509
0.980279
1.007129
0.991427
0.992643
0.994219
0.995408
1.007210
0.973943
1.007722
1.008545
1.018025
1.008644
1.009835
1.000384
0.997007
0.983893
1.005536
0.978288
0.982758
0.992053
1.009828
0.974864
0.987107
0.988764
1.010308
1.007156
0.987507
0.997281
0.989794
1.016110
0.991562
0.995827
0.993779
1.006165
1.002087
0.966359
1.002535
0.997237
0.998129
0.979015
1.013576
0.969483
0.996276
1.006745
0.981571
0.999579
0.996710
1.002770
0.989215
0.985013
1.016946
1.004701
1.015790
1.003951
0.978029
0.989548
0.979825
0.997406
0.990356
0.973120
1.011181
0.990464
1.010608
0.979761
0.988542
0.992794
1.000878
0.979691
0.994017
0.999510
0.988928
1.002840
0.952836
0.998857
1.000197
0.985432
0.986115
0.994634
0.992451
0.988210
0.996110
0.989434
0.997413
1.004676
0.993899
1.021475
0.975834
0.992818
0.962129
1.006505
0.998858
0.958057
0.992191
0.970841
0.988431
0.995851
0.978243
0.987501
0.980997
1.013064
0.997958
0.992021
0.989069
0.925919
1.013114
1.002196
1.004680
0.973172
1.014642
1.017455
0.974689
0.988515
0.978764
1.012845
1.012895
0.968717
1.001903
0.988171
0.988981
0.968412
0.982694
1.016600
0.984430
0.987602
0.999471
1.003014
0.994246
0.992430
0.993450
0.986944
0.986315
0.986522
0.983155
0.988103
0.998231
0.994169
0.997757
0.988013
0.972907
1.012824
1.004780
0.995173
0.978883
1.003139
0.979639
0.994417
1.002818
0.985905
0.988176
1.001018
0.986574
0.991496
1.004895
0.981254
0.988258
1.006878
1.015270
0.985937
1.011429
1.010348
0.980995
0.994359
0.991449
1.009400
1.004242
0.976445
0.994888
0.990717
0.974825
0.987879
1.019104
0.981584
1.005041
1.003925
1.002257
0.973368
0.990510
0.979163
1.000136
0.970983
0.983666
0.992879
1.013519
0.996102
1.000672
0.987869
0.992020
0.985576
1.004572
0.978356
0.977228
0.981090
0.992199
1.005773
0.994586
0.988411
0.994553
0.953170
1.011411
0.988508
0.996824
1.015743
1.001690
1.014350
1.001527
0.995475
1.013906
0.977090
1.008388
0.976625
1.018500
0.999701
1.012259
0.976735
0.966072
0.979198
0.996863
0.981434
0.980916
1.010785
1.003842
1.013457
0.982548
0.999880
0.964583
0.978100
0.977397
0.987722
0.990275
0.998871
1.002553
1.004574
1.000220
1.011511
0.981079
0.988013
0.996202
0.984835
1.006324
0.999708
0.980019
1.005655
0.995674
1.011662
1.008306
1.018104
0.989736
0.958738
0.977120
1.002054
0.988745
0.991953
0.978060
0.956396
1.005841
1.006734
0.971207
0.976523
1.006480
0.958199
1.003623
0.978183
1.010705
0.984845
1.000891
1.002637
1.005861
0.991058
0.963160
0.981696
1.001383
0.995517
0.995216
0.975576
1.002267
0.998341
0.963450
0.999864
0.992142
0.993662
1.007484
0.979140
1.006533
0.993817
0.977071
1.009030
1.003149
1.012396
0.981493
1.000354
0.979467
0.995805
0.993010
1.015697
0.976293
1.013084
1.003460
0.992716
1.000345
1.014291
0.993725
1.013458
0.986345
0.994768
0.994145
0.971903
0.985869
1.000877
1.011847
1.014328
0.984265
0.983472
0.996939
1.000681
1.010221
0.997449
0.967521
1.000376
0.972949
0.969660
0.987896
0.988726
0.960890
0.976517
0.982923
0.960365
0.987556
0.999111
0.982554
0.980017
0.988066
1.006572
0.999940
1.002666
0.998536
0.998663
0.957980
0.997816
0.995491
1.005463
1.000322
0.982441
0.997018
1.003646
1.005918
1.007726
1.006032
0.997071
0.990798
0.997792
1.000323
0.978077
0.977344
1.001422
0.996284
0.980697
0.958655
1.008768
1.020354
0.974365
0.987853
1.000198
1.004795
0.993283
0.990338
0.946352
0.992894
1.001913
1.000026
1.010515
1.008713
0.976197
0.993150
0.976397
0.971048
1.007822
0.998922
0.961005
0.997799
0.996592
0.975553
1.006450
1.002841
0.991926
1.008618
0.983328
0.991957
1.011046
1.011018
0.993035
0.995223
0.998286
1.004976
0.983569
1.002157
1.018095
1.001201
0.996647
0.996610
0.997942
0.995560
0.980906
1.000662
0.977996
1.019922
1.001417
0.989310
1.007417
0.997608
0.991493
0.997766
1.002396
1.007327
1.008283
0.998069
0.988154
0.984244
0.995302
1.002608
0.996268
0.990143
0.968469
1.008016
0.991161
1.003971
1.008941
1.005916
1.000912
0.993721
0.969630
0.989716
0.995451
0.988626
1.002404
0.994915
0.992334
1.003635
0.988567
0.974398
1.002486
1.005694
0.992409
0.990051
0.959820
1.003980
0.964839
0.978537
0.973964
0.999779
0.976271
0.991092
0.996158
0.991132
0.983562
0.962298
1.003408
0.998278
0.979338
1.001440
0.998829
0.995382
0.997670
0.992458
0.994509
0.967462
0.976917
1.006864
0.999903
0.993539
0.983913
0.989697
1.008935
0.984664
0.992539
1.003640
0.982332
1.007328
1.006530
1.001340
1.001509
0.994548
0.968470
0.969538
1.006754
1.005617
0.996908
0.987542
1.008466
0.999533
0.986095
1.007639
0.996134
1.016144
0.994635
0.989465
0.977617
1.000270
0.981526
1.000665
0.975132
0.975890
1.001159
0.993415
0.972699
0.999784
1.001052
0.999495
0.987048
0.975029
0.943485
1.008761
0.999007
1.006686
0.983515
1.002025
0.960820
1.011392
0.994410
0.987096
1.006885
0.953164
1.022153
1.000544
1.010829
0.993622
1.002032
0.991500
0.997062
1.009650
1.000647
1.001066
1.004432
0.975069
0.998106
1.021183
0.990034
1.011414
0.991791
0.989733
0.971767
1.005201
0.980578
0.978452
0.992700
0.994518
0.976545
0.966314
0.950336
0.981360
1.000378
1.009856
1.000708
0.998485
1.002028
1.005949
0.966415
0.981081
1.012361
0.992210
1.000175
1.003149
1.006612
0.985518
0.976437
1.018380
1.003954
0.988331
0.991230
0.988360
1.019071
1.001596
1.007759
1.007233
1.003125
1.000535
0.994297
1.003249
0.993143
1.005612
0.998972
0.998461
0.991638
0.992971
1.001397
1.002816
0.998108
0.991793
1.004532
1.014172
0.999513
0.973366
1.002881
0.982371
0.973115
1.006864
0.983551
1.022673
1.004148
1.006720
1.001263
0.956892
0.999242
1.004181
0.967480
0.990957
1.020023
0.964531
0.977974
0.990310
1.003962
0.996836
0.970991
0.996971
0.967714
1.003358
0.980214
0.983002
0.985261
1.010879
1.011126
0.995593
0.999583
0.997172
1.003932
0.998137
1.012297
0.990600
1.002076
1.007598
0.985135
1.008740
0.987488
1.010613
0.984980
1.011850
0.996611
0.990286
1.008147
1.013114
1.011129
0.986999
0.999469
0.991811
0.968552
0.970294
0.993548
1.011217
0.959355
0.952354
1.006811
0.978027
1.000501
1.003840
0.983418
1.006233
0.983342
0.996699
0.984462
0.992008
1.007353
1.010724
0.957517
0.991692
0.993234
0.989263
0.974062
0.999180
0.985002
0.965776
0.978323
0.987981
1.019491
0.987395
0.994991
0.984603
1.007121
0.981223
0.939856
0.998255
0.998646
0.984059
0.992774
0.998177
0.996771
0.991592
0.996724
0.978879
0.981110
1.010047
0.991610
0.963991
0.962558
1.002369
1.002708
1.006812
1.006545
0.972670
1.010747
1.008587
0.991826
0.979931
