1.504456
0.852513
0.869339
0.809470
0.670260
0.373365
0.605336
0.471840
1.123250
0.932628
0.656311
1.124523
1.484263
0.390231
1.293138
1.006165
1.265187
0.835742
1.049305
0.370423
0.647155
0.683684
0.476425
1.462620
1.371809
1.446016
1.171708
1.629300
1.107274
1.139501
0.974160
0.335451
0.734688
0.748749
0.644762
0.948616
1.142528
1.118478
1.282301
0.897594
1.236739
0.766005
0.700567
1.164320
0.866725
0.792939
0.439833
0.817550
1.189283
0.797889
1.089825
1.075897
0.961567
0.151448
1.441753
1.322820
0.393808
0.945254
0.799789
0.905546
0.233720
1.452856
0.570721
1.247844
0.886597
0.474742
1.377206
1.060349
0.638282
0.903714
1.170753
0.895930
0.624372
1.312516
0.876137
0.705438
0.230708
1.201842
1.001899
0.578208
0.760666
1.055317
1.167567
1.578980
1.075853
1.192958
0.745106
1.044468
0.646221
0.678540
0.868556
1.166064
1.230969
0.898097
0.891921
0.923963
1.284860
0.575511
0.655282
0.329313
1.012179
0.961333
0.616751
0.580601
1.131994
0.776269
0.639105
1.284172
0.851816
1.161176
0.875495
0.792951
1.201275
0.928740
1.201419
0.897179
0.664060
1.002860
0.681802
0.572800
0.716923
0.805268
0.956456
0.833654
0.872408
1.132962
0.948454
0.481193
0.471603
0.603711
0.613675
1.376121
1.065849
1.169968
0.676986
0.821737
0.766286
1.092134
0.522360
1.178173
1.152519
1.573907
1.009562
1.371812
1.084374
1.467508
0.774396
1.068546
0.734311
0.947217
1.209524
0.904114
0.996455
0.625128
0.688687
1.076725
1.039786
1.226890
0.712056
0.884540
1.153989
0.616467
0.624539
1.148184
1.080035
0.652591
0.802189
0.476219
0.775459
1.091471
0.169030
1.232324
1.324683
1.024986
1.257424
1.200751
1.157002
1.313649
1.047180
0.941276
0.537925
0.868723
1.165605
0.968904
0.742505
0.424343
1.481273
0.801320
0.996058
1.632625
0.641310
0.257622
0.670863
0.633798
1.106417
1.137330
1.188740
1.308606
1.230840
0.903086
0.521453
1.063546
0.573072
0.379265
1.508036
1.560230
1.173661
1.093547
0.633762
0.550130
0.309718
0.760251
0.732074
1.156739
0.658081
0.893592
0.711937
1.397381
1.209764
0.702849
1.582127
1.468829
1.085958
1.269260
1.596356
0.966212
0.685481
0.197028
1.155243
0.914410
0.822458
0.577845
0.302587
1.021213
0.865809
1.226843
0.639489
0.810586
0.450665
0.916691
0.241735
0.427053
1.304377
0.682210
0.471493
0.389198
1.276234
0.272342
0.715865
1.165541
0.756760
0.821045
0.767284
0.462335
1.181686
1.051437
0.907668
1.336681
0.568194
0.649810
0.822678
1.748761
0.755482
0.543473
1.047748
0.647562
0.596311
0.483391
0.779029
1.485969
1.351754
1.041373
0.993135
0.594042
1.123966
1.010795
1.005260
1.215576
1.010829
0.993492
1.010357
0.724488
0.754387
0.684292
1.188964
1.100302
1.589845
0.556669
1.130593
1.403541
0.639817
0.678803
1.034799
0.644579
1.119016
0.648809
1.563413
1.250021
0.832243
1.011073
0.329747
1.038400
0.480661
0.603764
0.893948
0.227885
0.561806
0.799366
0.760455
0.982109
0.744092
1.442098
1.134512
1.045106
1.137061
0.855049
0.673726
0.388270
0.907544
0.688955
0.900053
0.793388
0.722862
0.945010
1.295226
0.337591
0.582119
1.338981
0.703039
0.924494
1.335361
0.947463
0.705336
1.449430
1.075214
0.959023
0.933424
0.916269
1.174832
1.432361
1.195247
0.742311
1.005639
0.638040
1.305775
0.411177
1.589062
0.998918
1.101545
0.595901
0.848588
0.765984
1.593939
0.788963
0.644991
0.469698
0.707362
1.398125
0.769105
0.941534
0.538291
0.978512
1.107739
1.083494
0.845622
0.887109
0.950166
1.171437
1.246678
1.102034
0.680122
0.523448
0.248662
1.135165
1.333837
0.771853
0.338146
0.324548
1.084763
0.583128
0.588394
1.118993
0.870035
1.205163
0.666664
0.690664
0.549904
0.464378
0.534448
0.653591
1.097991
1.527077
0.987494
1.227286
0.684048
0.441700
1.198457
0.872476
0.830181
0.919052
0.887560
0.464138
0.481136
1.071091
0.703604
0.809840
0.422075
0.982051
1.291135
1.075777
1.251635
1.153617
1.054665
0.822642
0.565752
0.943250
0.671404
0.591852
1.005577
0.728228
0.500704
0.780918
1.037820
0.908045
1.219112
1.259127
0.475908
0.801695
0.981526
0.381266
1.220372
1.005055
0.995595
1.019462
1.032271
0.920052
1.202796
0.674955
1.081850
0.367936
0.811513
0.948144
0.614112
0.565964
0.743194
0.788395
1.201514
0.706662
0.616807
0.647550
1.077849
0.591139
1.364987
0.566006
1.181295
1.270347
0.407686
0.826780
0.920231
0.430043
1.034309
0.840437
0.768911
1.112363
0.798360
1.181701
0.589783
0.763609
0.528633
0.463949
0.340927
0.908397
1.091968
0.926530
1.327128
0.642908
0.208938
0.550853
0.842305
0.526335
0.447362
1.312883
1.250103
0.832583
0.523288
0.890230
0.959028
0.681994
0.344842
0.637575
0.424103
1.020625
0.857927
1.442354
1.086850
1.078708
0.744747
0.558236
1.233280
0.533888
0.299530
1.081776
0.411986
1.048370
0.786426
0.840247
0.818421
0.937053
1.034557
1.009194
0.923274
0.684214
0.814355
0.858662
0.886483
0.350199
0.726238
1.113002
1.219289
1.442302
1.503458
1.039532
0.812950
0.780141
1.249906
1.018325
0.577476
1.529185
1.399619
0.812498
0.559130
1.122666
0.787290
1.784401
1.065123
1.459417
0.695210
1.155653
0.590286
0.607580
1.067421
0.505905
0.681232
0.831036
1.057581
0.813635
0.595570
0.746293
1.482862
1.025004
1.498339
0.633119
1.308154
0.603045
0.864699
0.931255
1.556662
0.718415
1.441850
1.331587
1.510293
0.233672
0.929670
0.567353
1.041522
0.455462
0.732958
0.949578
1.229739
0.649837
0.647986
0.987695
0.699627
0.812996
0.811058
1.129465
1.145668
0.783692
0.587952
0.855479
0.869004
1.597239
0.949972
0.693686
1.201937
0.979979
1.179373
0.700812
0.653813
0.805983
0.431924
1.130231
0.945732
0.453081
0.622034
0.343226
1.138289
1.329032
0.403045
0.533342
0.803426
1.091156
1.183005
0.360183
1.583517
1.008209
1.010011
0.820749
0.885799
0.989390
0.820704
0.996360
0.530316
0.556210
0.714702
0.930882
0.948657
0.226634
0.775010
0.847976
0.949033
0.481614
0.681601
1.107289
1.014122
0.946943
1.031150
0.957419
0.985416
0.909884
0.869454
0.982984
0.577507
0.737433
1.195774
1.086737
0.978154
1.184317
1.675736
0.240918
0.418240
0.626944
1.150048
0.622571
0.956551
0.691683
1.080184
0.757335
0.832664
1.449114
1.254200
0.793532
1.266481
0.686475
0.936033
1.413813
0.796252
1.373604
1.015079
1.120868
0.723635
0.906819
1.011673
1.185779
0.774406
0.543757
0.450003
1.095593
1.270045
1.228756
1.099667
1.020592
0.672674
0.851238
1.013291
1.333650
0.791024
0.604414
0.851608
0.482155
0.949445
0.739064
1.032601
0.650353
0.945504
0.550894
1.184259
1.068063
0.722234
1.144380
0.558212
1.027425
0.463892
0.348844
1.058645
1.333416
0.942411
1.284439
1.140521
0.429099
1.230378
1.048969
1.409174
0.310844
0.823314
0.562469
1.583851
0.575663
0.821227
0.911041
1.367996
0.679980
0.821343
0.897115
0.667321
0.928681
1.355333
0.850718
0.404301
0.336885
0.997647
1.242017
0.434121
0.427688
0.898947
1.079917
0.432430
0.604741
1.410140
0.648750
0.958593
0.725989
0.862263
0.768011
0.680828
0.716546
0.584541
0.702266
1.314858
1.357722
0.974683
0.969200
1.193787
0.968134
0.789538
1.103365
1.309999
1.461335
0.502471
0.688302
1.328977
1.325343
0.952366
0.452031
1.025166
1.330520
0.836282
1.790829
0.417836
0.702027
0.379192
0.446287
0.984005
1.187479
0.553293
1.264417
1.278629
0.946865
1.094052
0.633934
0.650710
0.872056
0.599727
1.114830
0.674920
0.791198
1.364069
0.728684
0.905580
1.025257
1.056165
1.162645
0.756837
0.558087
0.260277
1.336188
1.205448
1.072101
1.323761
0.884316
1.101147
0.787986
0.808731
1.107265
1.363256
0.751373
0.359823
1.472481
0.242904
0.289860
0.984588
0.257536
1.265643
0.884739
0.544860
1.212440
0.798605
0.946322
0.901662
0.380700
0.735970
0.858273
0.714539
0.629897
1.048337
0.985047
1.469995
0.369036
0.650409
0.883773
1.537534
0.871736
0.404723
0.984285
1.010724
1.150871
0.867527
1.087127
0.465305
0.966002
1.159425
0.698006
0.901503
0.686229
0.821165
0.467439
0.579042
0.642370
0.273574
1.074845
0.672211
1.260119
0.621925
0.532873
1.005674
1.660217
1.653499
1.234228
0.887244
0.827498
1.643448
1.051551
1.531423
0.887846
0.610959
0.814833
1.188198
0.706617
0.778750
0.690824
1.282620
0.850569
1.145900
0.536063
1.065396
0.542764
0.875675
0.698786
1.220219
0.874276
0.837916
0.791919
1.162116
0.599972
1.101562
1.454998
1.027299
1.182609
0.759531
0.750398
1.332944
0.457944
0.822355
0.719483
1.046921
1.179354
0.106367
1.149868
0.734211
0.650786
0.808588
0.875318
0.415895
0.725375
1.353806
1.045519
0.777688
0.668865
0.561182
0.627988
1.144392
0.760703
1.164672
0.521281
0.968932
0.409356
0.854808
0.284961
1.176130
0.894574
1.387332
0.883945
0.892099
0.443994
0.597475
1.077486
0.637302
0.892026
1.034149
1.333808
1.439770
0.522652
0.326597
1.152198
0.591536
0.698713
0.834916
0.884846
0.680334
1.045913
0.722046
1.395313
0.766703
0.901567
0.564627
0.535900
0.633459
0.511987
0.738604
0.871611
0.507630
1.477740
1.251159
0.858029
0.554522
0.901283
0.661559
1.117050
1.132850
1.249344
0.409436
1.344808
0.975766
0.792316
0.667231
1.115121
0.744741
0.376870
0.353540
0.564317
0.721942
1.422865
0.651642
1.616448
0.719799
1.315114
0.920221
1.498598
1.496533
1.222322
0.512528
0.657606
0.737272
1.073901
1.112034
1.019538
0.803924
1.504730
1.121951
1.588178
0.716479
0.408952
1.270879
0.525595
1.223492
0.752965
1.276900
0.647866
0.617790
1.289392
0.888080
0.681927
0.384270
1.034590
1.078459
1.583887
0.791893
0.556667
0.985320
0.658497
0.635317
0.452081
0.960140
0.495370
0.831040
1.238668
0.863733
0.404826
0.721648
0.611780
1.312513
1.207838
0.641791
0.748157
1.012242
1.206265
0.678490
1.121855
1.143222
0.877520
1.191780
0.594929
0.712679
0.680643
0.629372
1.192583
0.596164
1.523438
0.712412
1.011222
1.116553
0.867990
1.028003
0.366082
0.802121
1.094386
0.980213
1.420402
1.307932
0.984966
0.693136
1.274167
1.048783
0.603128
0.582098
0.431047
0.559286
0.815347
1.000185
1.208097
0.738039
1.154800
1.116627
0.774182
0.664124
0.650057
0.788255
0.248425
1.365948
0.749921
0.867627
0.825108
0.606437
1.377717
0.847144
1.100192
0.813247
0.825827
1.319839
0.196536
0.906675
1.152758
1.264920
0.467162
0.990844
1.092129
1.484926
0.323796
1.013955
1.394473
1.122851
1.609877
0.658524
1.466336
0.343061
1.024189
0.577786
0.854493
0.652822
0.925035
0.713696
0.917151
0.942351
0.939018
0.886284
1.246165
0.362753
1.260723
0.642342
1.447660
0.322655
0.956876
0.737565
1.084122
1.611175
0.907496
1.101191
0.695249
0.750650
0.395314
0.442827
0.957889
0.476252
0.774158
1.436921
0.665725
1.055815
1.610431
1.307539
0.603208
0.628861
1.069878
0.757611
1.028372
0.541192
0.730831
1.157485
0.761119
1.135774
0.565534
0.761640
1.130112
1.400039
0.402103
1.286621
1.017761
0.759806
0.833971
0.880712
0.512192
0.633742
1.014250
1.074784
0.336713
0.643235
0.620216
1.379811
0.547785
0.655216
1.362976
0.654223
1.327573
1.034175
1.317709
0.897423
1.540934
0.302032
0.839581
0.480617
0.999867
0.457465
1.131268
1.200131
0.699874
0.656043
1.299352
1.207455
0.765682
0.977737
0.987814
0.983495
1.223590
1.494274
1.233787
0.297431
0.746148
1.626656
0.985086
0.427598
0.820767
0.483667
1.196193
0.447778
0.780827
0.544220
0.983311
0.801291
0.867844
0.461033
1.214512
0.755453
1.027946
0.465556
1.059938
1.720361
1.088150
0.646216
1.057270
1.818271
1.125450
1.303988
0.807699
1.139369
0.691111
1.042611
0.880469
0.826554
0.758465
0.862855
1.438705
1.326067
0.740031
1.223541
0.750640
0.825915
1.363297
0.720475
0.583164
1.131494
0.786484
0.741739
0.893133
0.465321
0.867343
0.940846
0.861530
0.427115
1.030441
0.682161
0.932871
0.913332
0.924649
0.615617
0.645837
0.626167
0.880954
1.101430
0.762120
0.674863
1.038003
1.069096
0.748465
0.389847
1.384694
1.001492
0.643381
0.417564
0.906813
1.008020
0.819868
1.335009
1.104060
0.826127
1.449405
0.849930
0.560283
0.885017
1.115168
1.197228
1.228318
0.960867
0.795457
0.897409
1.178919
0.984476
0.710755
1.066895
1.450944
0.412458
1.248742
1.562956
1.596064
0.524020
0.474688
1.049085
1.569196
1.092249
1.046540
0.473707
0.542499
0.896609
0.866042
0.976798
0.566860
0.931645
0.075643
0.695606
0.727330
1.072084
1.273294
0.882301
1.527383
1.222424
0.893726
0.438750
0.497299
0.821639
0.675587
0.542604
0.757206
0.943376
0.724456
1.411686
0.615689
0.723020
0.556930
0.756399
0.860277
0.371706
0.970859
0.313040
0.316319
1.513952
1.118850
0.906605
1.237897
0.674572
0.448799
0.931687
0.679514
0.614565
0.562750
0.775744
0.743885
1.325201
0.574204
0.910511
0.662181
1.291383
0.643954
0.644816
0.744173
0.645896
1.654892
0.797771
0.918625
0.841631
0.864849
0.348403
0.507790
0.454337
1.048257
1.275578
1.043154
1.258351
0.750931
1.333243
0.605797
0.699108
0.546388
0.891765
0.697587
0.453243
0.978844
1.295922
0.848255
1.097266
0.835193
1.201420
0.713133
0.987269
1.018804
0.652604
0.748770
1.001596
0.688341
1.459655
0.505621
1.088241
0.436342
0.899400
0.713915
0.658110
1.097946
1.215909
0.426941
1.224761
0.408384
0.970929
0.890431
1.117027
1.790308
1.472580
1.439822
0.983501
1.482116
0.555944
1.528938
1.194357
1.163072
0.579247
1.279652
0.756403
0.447829
1.252927
1.259577
0.703790
1.279770
0.461848
0.739710
0.881633
0.724987
0.282553
0.698013
1.120618
0.837850
0.709286
1.270261
0.891853
1.010530
1.368009
0.394131
0.712274
1.077062
1.005776
0.539038
0.845806
1.047678
0.941238
0.160282
1.050989
1.107183
0.568785
0.898853
1.252475
0.788401
0.644670
0.456186
1.361535
1.049438
1.309139
1.342927
0.921283
0.813142
0.780777
0.991090
0.267696
1.005156
1.740635
1.115517
0.356398
0.281370
1.312869
1.323967
1.132308
0.675476
1.034840
0.750305
0.480015
0.632973
0.538794
0.724419
1.238567
0.449031
0.786925
1.104101
0.796304
0.445963
0.793080
0.701005
0.620245
0.705123
1.223426
0.523300
1.237854
0.317108
0.499676
0.753426
0.941818
0.853310
0.517409
0.976393
0.627031
1.268814
0.870888
0.963874
1.093143
1.426380
0.399055
0.318602
1.114512
1.261171
1.338553
0.541575
0.913378
1.258063
0.988506
0.881830
0.699180
0.618540
0.668556
1.280790
0.479768
0.541039
0.833470
0.737951
0.949039
0.343368
1.042075
0.710845
0.400377
0.971853
0.621645
1.131840
1.129549
0.979743
0.715160
1.283825
0.435174
1.186594
1.152727
0.689481
1.103711
1.261429
1.455944
1.003359
0.475024
0.784811
0.898611
0.539090
0.651893
0.792098
1.138642
0.598676
0.249164
0.613587
0.620427
0.910167
1.320804
1.068220
0.874273
0.669544
0.678904
1.540892
1.224769
0.524128
0.872468
1.012601
0.778904
0.438480
0.670297
0.978138
1.181846
1.051671
0.489598
0.652865
0.888184
1.205215
0.812597
1.198954
0.491915
0.918013
1.074986
1.321625
0.741202
1.028072
1.304128
0.991486
1.229933
0.515837
1.486798
0.601247
0.832749
0.991363
0.839553
0.526312
0.813272
0.959414
0.495212
1.176007
1.073510
0.465412
1.136289
0.702019
1.078952
0.993483
0.582425
0.644805
1.263516
1.013335
0.653081
0.953534
1.056982
0.778600
0.530432
0.998314
1.434514
0.948287
1.267369
0.707278
1.456672
0.773279
1.213278
0.669056
1.200735
1.141084
0.960656
0.847474
1.060615
0.775616
0.750792
0.730095
1.364897
0.956067
0.593246
0.945488
0.235033
0.850161
0.433582
0.913329
0.513895
0.865353
1.135168
1.204164
0.752798
1.253128
1.073810
1.206741
1.169064
0.357508
0.950328
0.627852
0.750117
0.815081
0.615910
1.223328
1.071029
0.569908
0.959155
1.362002
0.749759
1.138409
0.598621
0.941924
0.870198
0.285931
0.981166
0.756148
0.372446
1.116545
1.328905
0.831551
0.640220
1.135318
0.880828
0.964029
0.741888
0.872542
0.776374
1.183105
1.132793
1.193120
0.545206
1.140839
0.498582
0.882335
0.624691
0.454674
1.096652
1.023148
0.415332
0.440185
0.961385
0.670241
0.832718
0.685943
0.894725
1.517167
1.162517
0.870928
0.686660
0.618917
0.839194
0.974285
0.912344
1.230253
1.208601
0.735440
0.892261
0.886983
1.098158
1.089151
0.816846
1.163632
1.082213
0.824293
1.063157
0.495230
0.344907
1.237320
1.027778
0.529026
1.198833
1.081195
0.775818
0.641229
0.330943
0.921123
0.820640
1.566516
1.004723
0.692652
0.909472
1.201819
0.825074
0.817379
1.205183
0.353682
0.817532
0.478518
1.438831
0.517541
0.549099
0.936083
0.647737
0.736981
0.276625
1.040667
0.710162
1.227224
1.226222
1.182843
1.276004
0.988681
0.813960
0.780207
0.959114
0.571724
1.100347
0.848620
0.583948
0.899827
0.779938
0.578505
1.116088
0.783050
1.079283
1.362875
0.839042
1.246163
1.156639
1.124542
0.792587
0.581026
0.244775
0.587584
0.543322
0.646507
0.421062
1.735383
0.854386
0.635607
0.382109
0.378221
0.323321
1.182006
1.450189
0.729409
1.246936
1.065588
0.869976
0.452778
0.637360
0.627014
0.925143
0.310794
0.469490
0.883464
1.042151
1.235728
1.089691
0.929564
0.806322
0.674012
0.996302
1.056138
0.809585
0.779762
0.995068
0.362067
0.934117
1.219726
1.244704
0.869569
0.535206
1.165337
1.203141
1.047856
1.558750
0.904338
0.830469
1.047264
0.708849
0.952121
0.700668
1.057799
1.026228
1.010347
0.790202
0.818073
1.234223
0.821178
1.130584
0.662260
1.055343
0.598984
1.199452
1.479826
0.843036
1.239880
1.113989
0.371396
1.006906
0.993738
1.092328
0.714761
0.974164
1.022500
1.182544
0.129741
0.503649
0.349565
0.428648
0.883769
1.156394
0.728495
1.532217
0.615323
0.760391
1.115030
1.117719
0.890426
1.174184
1.212788
0.771609
0.779861
0.783807
1.012234
1.226715
0.840803
1.270540
0.645230
0.776910
0.221957
0.786811
0.511939
0.939662
0.726228
1.455769
0.452968
0.800336
0.697712
0.887039
1.141499
0.694475
0.972626
0.766766
0.971837
1.011859
0.518986
0.515091
0.584959
1.451270
1.142149
0.653598
1.694901
1.083231
0.531742
0.822349
0.594917
0.423198
0.310860
0.486141
0.944063
1.771559
0.967433
1.038448
1.109358
1.213011
0.367781
1.151415
1.508857
0.961744
0.961648
1.308715
0.669980
0.926583
0.751507
0.627943
0.613264
1.092086
1.114875
0.995270
0.416512
1.072270
1.206211
1.383883
0.768902
0.759548
1.393349
0.284216
1.158800
1.105231
1.458283
1.065128
0.536805
0.943701
1.034216
0.389533
1.064498
1.166350
0.442296
0.919040
0.835286
0.926677
0.544505
0.978201
0.681749
0.581986
0.857557
1.169907
0.731894
1.246257
0.862485
0.736988
0.644684
0.678982
0.587785
0.213766
0.804092
0.877243
1.058040
1.607096
0.509636
1.006347
1.053869
1.393328
0.712339
1.048622
1.030234
1.595439
0.709119
0.499593
0.729408
1.059685
0.959083
0.614234
1.174028
1.149106
0.964565
0.767286
0.802712
0.657757
1.504057
0.923484
0.801112
0.636055
0.935233
0.360547
1.444538
0.448202
0.418371
1.055697
0.984663
0.603555
1.474620
0.732487
0.598969
1.199107
0.846121
0.390456
0.668485
0.953669
0.659150
1.115175
1.071900
0.992502
0.826331
0.953394
0.806683
1.527826
1.972000
0.813279
0.277324
1.358524
0.716424
0.663563
0.962825
1.065778
0.610316
1.347634
1.010989
1.118541
0.872485
0.910522
1.127767
1.210755
1.134591
1.397736
1.202947
0.872124
0.891591
1.178134
0.636153
0.614751
1.280200
1.388553
0.435144
0.719830
1.474256
1.178184
0.873533
0.799272
1.118870
0.967219
1.745908
1.348307
1.316180
1.039278
1.061124
0.170423
0.637665
0.551276
0.699742
1.122709
1.244770
1.134439
0.983929
0.562324
0.746352
0.846663
0.759527
0.802241
0.898248
0.752001
1.292274
0.993114
0.578114
0.872857
1.475940
0.899176
0.948583
1.047798
0.826399
0.825119
1.344345
1.166205
1.261113
1.025374
1.118771
0.594980
1.135903
0.496924
1.045002
0.489792
0.616506
0.771028
0.877911
0.551940
0.986686
1.188189
1.210169
0.779719
0.948329
0.785144
1.263027
0.538400
0.989122
0.921622
1.359843
0.572653
1.288624
1.119653
1.035798
1.029434
1.302432
1.205411
0.948659
1.107511
1.563739
1.188213
1.113703
1.314834
1.186990
1.245337
1.285725
0.769407
1.276591
0.732169
0.734188
0.465377
0.786911
0.612082
0.722862
0.577888
0.768829
0.493037
1.108237
0.600402
0.589879
0.581246
0.752141
1.011638
0.468635
0.720793
1.068419
1.167613
1.655460
1.201771
0.315223
1.588048
0.949442
0.660963
0.722535
0.783395
0.878052
1.437028
0.324819
0.559884
0.855569
1.337291
0.560027
1.052365
0.550845
0.583391
0.961797
1.363708
0.864526
0.861027
0.542648
1.099103
1.488948
0.361914
1.041704
1.336846
0.674622
1.081518
0.792169
0.802273
0.103640
0.912433
1.110474
1.042114
0.609809
0.335896
0.712759
1.098930
0.872630
0.278421
1.547501
1.173911
0.497466
0.761592
0.962825
1.034510
0.982065
0.924224
0.274644
1.228440
0.567643
1.311179
0.936447
1.150770
0.655801
0.790681
0.784176
0.721758
0.982637
0.952630
0.749309
1.272185
0.927347
0.322814
0.966766
1.172758
0.586610
0.711907
1.514388
1.019403
1.026696
1.136828
1.292032
1.359233
0.638426
0.970415
0.391401
0.755042
0.897544
1.168092
0.814714
0.815143
0.734627
0.678839
0.618083
0.752775
1.372528
1.015792
0.295634
0.537446
0.581595
0.675934
1.042620
1.094219
0.420390
0.941339
0.621683
0.991061
0.486436
0.717601
1.271584
1.395790
0.617636
0.995012
0.565365
0.953917
1.109828
0.511030
1.089199
0.712524
0.915531
1.214547
0.888927
1.073990
0.080023
0.928022
0.675259
1.271661
1.122600
0.418134
0.779801
1.059976
0.394259
0.555471
0.864771
0.946398
0.868264
0.831889
0.998177
1.088410
1.044823
0.809408
0.699673
0.785835
0.731919
0.721846
0.944738
0.228433
0.848575
0.933263
0.631163
0.541055
0.961437
0.861018
0.420135
0.861322
0.366834
0.671676
0.830092
0.847028
1.169305
0.969698
0.496848
1.056232
0.447050
0.665701
1.316979
0.536152
0.828618
1.039903
0.362388
0.906235
0.659448
0.867085
0.791584
1.392073
0.495472
1.089639
1.103058
1.315942
0.902498
1.180624
0.413561
0.841590
0.575776
1.732247
0.625421
0.881968
1.291498
0.897829
0.742833
1.427325
1.124077
1.110947
1.008256
0.854127
0.479425
0.461318
1.288102
0.537186
1.289674
1.365655
1.357461
1.214224
1.237916
0.554270
1.697173
0.926924
0.915983
0.477426
0.433284
1.192423
0.765193
0.808210
0.800382
0.458771
0.697243
1.522831
1.040607
0.843120
1.071799
0.985708
1.313583
1.192517
0.631938
0.753845
1.233421
1.090093
0.831135
0.603589
0.981902
0.983278
0.190018
1.094177
0.853813
1.258484
1.405437
0.974431
1.039414
0.683556
0.575537
1.203852
0.670049
0.975384
0.316615
0.708864
0.782561
0.553466
1.039026
0.595925
0.647707
1.185285
1.332346
0.842293
1.313057
0.897389
1.081426
0.675260
0.578604
0.785379
0.533046
1.355192
0.810389
0.710068
1.482014
0.656072
1.153992
1.110411
1.088305
0.905437
0.987287
1.266865
0.826684
0.441335
1.426762
1.048220
0.689019
0.841958
1.291893
0.619775
0.868781
1.223051
0.707981
0.830071
0.900615
0.892349
1.122090
1.258756
0.672079
1.480915
0.340925
0.846259
0.811080
1.080694
1.180797
1.110675
0.762683
0.931001
1.032240
0.931515
1.048926
0.819898
0.749073
1.373614
1.151467
0.795521
1.020118
0.463090
0.540956
1.271908
0.509745
0.718191
1.551169
1.322705
0.842527
0.939147
0.621094
1.071694
0.772960
1.277440
1.031488
1.507814
0.768614
0.571177
0.721635
1.079305
0.751717
0.698769
0.517454
1.261250
1.511646
0.786008
0.168243
0.958472
0.666071
0.766254
1.112872
0.719579
0.679392
1.438144
0.963397
1.144432
0.843460
1.214105
0.646337
0.796028
0.545084
0.459715
1.329647
1.310838
1.011850
0.590560
0.975223
1.018251
0.770695
1.031749
0.423771
1.004530
0.662526
1.120131
1.516314
1.045556
1.009002
1.026641
0.850161
0.497968
0.832102
0.958799
1.132961
0.710530
1.014469
0.895022
0.802204
0.666183
1.195402
0.743391
0.633129
0.334547
0.718705
0.993539
1.252732
0.738177
1.437820
0.767428
0.711468
1.127587
0.775418
1.379095
0.953218
0.795514
1.396786
1.279517
0.640769
1.081869
0.846327
1.067271
0.578046
0.531537
0.876590
1.241254
0.981613
1.740782
0.516995
1.323921
0.751178
1.545441
1.548279
0.959809
0.474664
1.033275
0.940383
0.894220
1.343283
0.417408
0.948186
0.541103
1.414418
0.582211
0.355552
0.739503
0.927008
0.953896
0.977195
0.831521
0.784532
0.766327
1.214097
0.890680
0.816274
1.024888
1.207680
0.529159
0.753760
0.428522
0.845098
0.708800
0.320067
1.424819
0.294558
0.931397
0.986691
1.356689
0.824955
1.024866
1.291227
0.394204
0.619720
0.634598
0.620301
1.191858
0.776322
0.637947
1.198054
0.733644
0.579688
0.739281
0.789731
0.630881
1.555212
1.177438
0.770570
0.649429
0.922195
1.117642
0.572627
0.785248
0.811774
0.730743
1.091705
0.618953
0.914151
0.286155
0.602522
1.199161
1.021890
1.301259
0.755028
1.107536
0.905587
0.581116
0.638664
0.583629
1.295789
0.727996
0.830312
0.555947
1.331744
0.360255
1.175947
0.730031
1.062803
1.040114
0.703914
0.860936
0.613236
0.865775
0.452381
1.317645
0.792040
1.142654
1.060365
0.882652
0.385828
0.677384
0.985344
0.321156
0.642482
0.897665
1.405968
0.983684
0.446186
0.666435
0.292929
0.707881
0.974759
1.369362
0.246104
0.679472
0.979622
0.984606
1.027246
0.588029
1.496844
1.656569
1.493057
0.829229
0.999177
1.363405
0.924189
1.418562
1.170853
0.608663
0.759810
1.146765
1.367723
0.979760
1.396896
1.178477
0.917906
0.489665
0.632660
0.809796
1.073196
0.870967
0.655595
1.007454
1.153347
1.113839
0.759584
1.070303
0.765291
1.183694
0.838622
0.995512
0.859844
0.800049
0.614547
1.365451
0.526400
0.971171
1.608835
0.898617
0.741016
0.965563
0.671020
0.644083
1.086334
1.150672
0.710695
0.651758
1.111217
1.356022
1.252937
1.056191
0.661759
1.065991
0.365932
1.142806
0.315630
1.016600
0.775276
0.946048
1.163498
0.879142
1.277647
0.745557
0.471773
1.016839
1.433042
1.422477
0.335269
0.474949
0.775796
0.557226
0.334817
0.599718
1.278006
1.565889
1.094017
0.990372
1.126266
0.279692
1.287206
0.633973
0.929801
0.877238
1.182102
0.802419
1.367208
0.883820
0.918376
1.003503
1.050715
1.465506
0.978991
0.761634
1.102114
1.575345
1.113353
1.370486
0.410663
0.766570
0.766946
1.064722
1.213109
0.791462
0.747805
0.713486
1.172169
1.022531
0.383948
0.978558
0.490042
0.482120
0.762074
0.724086
0.957684
1.310245
0.449560
1.411178
0.714892
0.295343
0.579472
0.282094
0.607971
1.026759
0.812967
0.447634
1.025049
0.758653
0.659311
1.281662
1.524377
1.070596
1.313971
1.064051
1.298476
1.045823
1.080474
0.846728
1.208190
1.087329
0.494882
0.582041
1.754948
0.727503
0.881396
0.855740
1.098130
1.125645
0.381594
0.657474
1.013299
1.358528
1.592652
0.665896
0.918316
0.475781
0.836192
0.584776
0.960057
0.924668
1.395095
0.640753
0.376926
1.281198
1.102919
1.167729
1.252572
1.505252
1.005595
0.547500
0.219324
0.938621
0.790276
0.748409
0.632816
1.264119
1.233282
0.368264
0.770657
0.935915
0.664311
1.192541
0.635857
0.789163
0.686099
1.371893
0.346356
1.073275
0.912404
0.770500
1.443186
0.559635
1.346150
0.788787
0.607263
0.370364
0.788480
0.288119
0.940333
1.249266
0.709456
1.133437
1.378604
0.590058
1.248441
0.320930
0.794425
0.597108
1.228313
0.886124
1.042453
0.776065
1.000682
0.275212
1.116652
1.020169
1.078439
1.204847
0.607760
1.531693
0.843083
0.329109
1.096569
0.690778
1.354324
1.141477
1.238541
1.152230
1.001187
0.823996
1.258614
0.925612
1.493580
0.937488
1.018638
1.003394
0.268726
0.786307
1.418657
0.998064
0.647280
0.689025
1.105912
1.090700
0.935067
0.492083
0.841912
0.498261
0.709348
0.637289
0.816579
1.278139
1.246832
0.936617
1.135443
0.513127
0.909156
0.548419
0.993339
0.852930
0.778139
0.717818
1.155806
0.439310
0.806280
0.927564
0.709148
1.057684
0.366546
0.977145
0.808900
0.890797
0.855068
1.229296
0.652444
0.716790
0.824540
0.882034
0.996677
0.876022
0.945614
0.957176
0.774868
1.423682
1.610894
0.846464
0.644122
0.872254
0.895916
0.755173
0.365154
0.462077
1.410216
0.794096
1.001616
0.196787
1.021843
0.421374
0.689591
1.139070
0.399860
0.975798
0.656617
0.752513
0.826264
1.042252
1.110580
0.249898
1.072076
0.299884
0.996519
1.529524
1.251612
1.140136
0.164621
0.822256
1.550896
0.166484
1.100677
0.789632
1.289322
0.914539
0.919034
1.544452
1.267648
0.741835
0.957746
1.136794
1.017835
1.319279
1.482568
0.967372
0.717055
1.163222
1.353609
0.665277
0.433633
0.676704
1.008896
0.705883
0.721993
0.335651
0.737338
1.630195
1.486085
1.349647
1.506347
1.297824
1.163146
0.953335
0.820329
1.165518
1.055628
1.212797
0.874940
0.933456
1.175243
0.975438
0.661659
0.791188
0.522809
0.777073
0.652852
0.713637
1.292450
0.406368
0.870097
0.859683
0.717755
0.481487
0.928270
1.025178
1.319334
0.910892
0.357139
1.163478
0.812416
0.578358
0.786210
0.685883
0.300588
0.552770
0.729314
0.726582
0.189437
1.263122
1.287878
0.777505
0.883653
0.642514
1.118280
1.571338
0.526793
0.290943
0.947577
0.811233
1.043005
0.932576
0.751069
1.150039
1.269291
1.158783
0.429268
1.266405
1.008362
0.855592
0.771439
0.391453
1.106936
0.719125
0.502714
0.651274
0.252439
0.684534
0.833054
1.187895
0.295176
0.807997
1.154601
1.283433
1.554919
1.188459
0.904550
1.093627
1.266077
0.877295
1.348626
0.698812
1.647655
0.490435
0.416741
1.127769
0.667274
0.893236
0.584173
1.248290
0.534398
1.317526
0.960749
1.046047
0.759379
1.206953
1.370966
0.639192
0.954111
0.884204
1.170441
0.571217
0.685087
0.243215
1.038028
1.179676
0.965776
0.463184
0.696413
0.227118
0.812887
0.440704
1.208351
0.953941
0.913911
1.045043
1.426799
0.918056
0.990520
0.571284
1.085161
0.822845
1.429154
1.254902
0.514420
0.822516
0.444177
0.596485
0.901654
0.236576
0.658519
0.890893
1.333614
0.812049
1.225809
0.195493
0.493416
1.137202
0.917289
1.074536
0.571676
1.001103
0.387691
0.426857
0.704107
1.047091
1.012130
1.538167
1.479259
1.081659
1.054740
1.228123
0.879381
0.655636
0.947619
1.297703
0.977128
0.483563
1.292669
0.278952
1.095942
0.950479
0.978311
1.139266
0.187993
1.583037
1.107837
1.188608
0.545988
0.766406
0.975853
0.835472
1.422708
0.976099
0.588792
1.027583
1.001570
1.192796
0.872854
1.251530
0.955477
1.117568
1.653298
1.209020
1.157996
1.293335
0.522815
0.369386
1.144813
0.849535
1.093461
0.465257
0.998463
0.466794
0.514242
0.470269
0.852060
0.622034
0.206784
1.212629
0.313406
0.763847
0.858605
0.179669
0.925569
0.433305
1.088639
0.814305
0.985898
1.197409
0.400619
1.793825
0.725517
0.336960
0.812503
0.946190
0.728904
0.851597
0.639831
1.330120
0.740955
0.773631
0.815767
1.025874
1.142180
1.356214
0.558313
0.904155
0.883960
1.055355
1.071992
1.011212
1.063778
0.763556
1.077779
1.470839
1.318938
0.655188
0.906288
0.618263
0.434916
0.997968
0.596389
0.869207
1.604808
0.829215
1.755236
0.691059
0.972868
1.082757
1.103497
0.658105
0.947828
1.313967
1.189532
1.071316
0.616794
0.498824
0.413461
0.841755
0.388272
0.965266
0.680631
1.145131
0.543900
0.899470
0.553956
0.509939
0.752692
1.131230
0.699053
1.131178
0.899332
1.271535
1.188753
1.082847
1.150007
0.714037
0.965176
1.286843
0.778011
1.156803
0.745695
0.334061
0.579964
0.177749
1.021999
0.222825
0.564449
0.418915
0.938818
0.687387
0.719832
1.132654
0.976638
0.924921
0.285715
0.945009
0.928578
0.860808
0.915814
0.750096
1.390229
0.670424
1.639154
1.083916
0.491474
0.978330
0.469253
1.092024
1.085915
1.091061
0.602384
1.113717
0.586132
0.908335
1.095160
0.715607
1.053961
0.824031
0.787796
0.430458
0.221455
0.877068
1.196463
0.287856
1.033769
0.881569
1.088952
0.993798
0.683273
0.816925
0.870135
0.906172
0.978927
0.659674
0.746764
0.987825
1.105488
1.137652
0.819046
0.639417
0.991741
0.661063
1.499481
0.999977
0.749807
0.608802
1.168951
1.003944
1.151751
0.672214
0.928613
1.240433
1.542460
0.802557
1.326116
0.676628
0.487990
0.343053
0.571872
1.667188
0.529843
1.196570
0.210451
0.984542
0.705890
1.103637
1.108856
1.129444
0.782864
0.656956
0.649194
0.625336
0.715935
0.640293
0.470935
0.809083
0.847819
1.389637
1.393001
0.993041
1.257266
0.829952
0.734199
1.393936
0.927862
1.228131
0.451345
0.404019
0.971487
0.754342
0.639451
0.746563
0.575258
0.594920
0.882146
1.519694
1.154665
0.952492
1.112863
0.752317
1.169141
0.556329
0.992533
0.491789
0.841592
0.841927
1.248684
0.466383
1.139826
0.700327
0.880224
1.114663
1.224164
1.382706
1.196802
0.716141
0.885490
0.890672
0.676830
1.222069
0.691743
0.463461
1.323416
0.602775
0.996833
0.609072
0.868760
0.598092
1.081605
1.019220
1.484605
1.283789
1.234613
0.883144
1.030379
0.858069
1.014873
1.034219
0.830322
1.017743
1.293961
0.798844
1.505874
0.721177
0.768220
0.544515
0.999599
0.991766
0.499991
1.112032
1.251595
1.131409
0.826860
1.079301
0.818115
0.744212
1.107707
0.966866
1.222170
0.828922
0.708336
0.709487
1.040278
0.841028
0.282134
0.894341
0.417922
1.227048
0.680978
0.757514
1.477506
0.644837
0.838526
1.675327
0.818960
0.590653
1.494945
0.657093
0.646403
1.186040
1.141292
1.187958
0.816835
0.450301
1.120666
0.872296
0.767126
0.902879
0.756231
0.846138
1.129954
1.085622
1.030308
0.858211
0.899654
0.483520
1.737678
0.409563
0.949378
1.246722
0.925640
0.868405
1.026544
0.854774
0.600889
0.290170
0.838069
1.255277
1.207071
1.160340
0.875023
0.773078
1.349948
0.901500
0.442553
1.161194
1.377514
0.952148
1.036872
1.503200
0.676879
1.236436
1.160989
0.816613
0.566256
1.021380
0.543543
1.160996
1.266222
0.843809
0.984937
1.236713
0.620048
0.303598
1.041359
1.310218
0.623183
0.605882
1.229598
0.867669
1.389445
0.898075
0.719032
1.072387
1.305880
0.896748
0.625249
0.596926
1.461431
0.595351
0.730275
0.307023
0.555432
1.708095
0.453950
1.201239
0.987404
1.783460
0.547883
0.880929
1.409266
0.656603
0.959257
0.705637
0.932837
0.673461
0.468583
0.653148
0.374683
1.684267
0.722102
1.270027
1.377576
1.387813
0.587967
1.099745
0.949724
0.896539
0.752171
0.661918
0.628882
1.024474
0.906802
0.329516
1.017061
0.906024
0.800241
1.065103
0.912321
0.841444
0.985895
0.489777
1.340920
1.274597
0.812253
0.693389
0.532021
0.379087
0.398904
1.280759
0.920375
1.040994
0.580874
0.649536
1.222044
1.244052
0.793877
1.219595
0.840551
1.367543
0.617761
1.401792
1.239632
1.230985
0.772988
0.444650
1.214963
1.045124
1.033769
0.804933
0.602910
1.314121
0.526567
0.369687
1.171517
0.835418
0.454873
0.535170
0.911723
1.488167
0.924374
0.560855
1.762102
0.923551
0.481736
0.996783
0.941279
0.841375
0.360048
1.078113
1.080029
0.757469
0.934875
0.740569
0.967882
0.849407
0.857884
0.644909
1.139102
0.961936
0.623873
1.263464
0.883701
0.608981
0.809639
1.043204
1.018191
0.439141
1.074759
1.021932
0.267276
1.182033
0.592513
1.154152
0.806376
0.682100
0.560103
0.333129
1.140550
0.921652
0.425157
1.435295
1.034781
0.715081
0.601038
0.443606
0.975993
0.445959
0.642255
1.229597
0.588669
0.846997
1.437965
