1.498230
0.864240
0.612166
0.455019
1.340795
0.103061
1.005906
0.946786
1.951254
0.623083
0.263622
0.518236
0.956250
0.692240
0.685263
0.623800
0.519559
1.289081
0.557768
0.514079
0.942363
1.073587
1.065008
0.140504
0.904076
0.089117
0.873947
1.602610
0.584988
1.238766
0.778373
0.975797
0.748513
0.740441
1.789558
1.683353
0.930819
1.148691
1.035367
0.863681
1.559388
0.186970
0.621493
1.496704
0.724667
1.302534
0.838832
1.005678
0.292075
1.157674
0.692443
1.402249
0.372489
1.221169
0.671517
0.081898
1.125025
0.875133
1.161511
0.781371
1.153926
1.420127
1.217098
0.937148
0.885953
1.751371
0.364147
0.765490
1.495622
1.143397
1.489103
0.653339
1.290918
1.410502
0.384151
0.382503
0.115529
0.239978
0.319610
0.477920
0.312419
0.363929
0.979332
0.691587
1.386490
1.020856
0.880014
1.813746
0.952554
1.169422
0.324696
1.897620
0.524680
1.187320
0.475879
0.995641
0.717343
1.914727
1.167019
1.352690
0.620990
1.176938
1.889955
1.065240
0.350826
0.083986
1.617404
1.466980
0.905955
0.080954
0.755868
0.788804
1.511667
0.686056
1.175980
1.052869
0.492838
0.958781
1.436788
0.242819
0.930727
0.236655
0.265443
0.477927
1.609247
0.455289
1.009881
0.871033
0.662222
1.680640
0.704713
0.661661
0.462075
1.790785
0.881787
1.177152
1.343950
0.364330
0.971103
0.307677
0.782585
0.627354
1.246763
0.379016
0.154236
1.082354
1.041611
0.943601
0.254526
0.121728
1.038803
1.338371
1.501917
0.702323
0.877195
0.356522
1.274765
1.078140
0.433072
0.469997
0.103960
0.981253
1.420423
0.367835
1.594748
1.873945
1.041830
1.441487
0.294373
1.403536
0.571609
1.244343
0.668823
0.845293
0.896183
0.620964
0.804956
1.954848
1.244898
0.938111
0.916208
1.532689
0.222771
1.663388
0.989828
1.665137
0.907268
1.213251
1.720667
0.569796
1.479366
0.910094
0.946957
0.836577
1.426222
0.113847
0.673716
0.504246
0.602526
1.007070
0.949688
0.254830
0.696140
1.338647
1.059983
1.362673
0.557611
0.399375
0.750666
1.050180
2.101515
0.882901
0.408951
1.667837
0.788970
0.188545
0.317584
0.404256
0.237008
1.642970
0.456280
0.259684
0.843149
1.478919
0.420445
1.016855
1.483208
0.704714
0.298804
1.509629
0.339472
1.345793
0.117734
0.226384
1.204679
1.469889
0.341320
1.987354
0.439810
1.045784
0.650365
1.058806
1.252085
1.167197
0.410340
1.211866
0.835821
0.117238
0.464237
1.283419
1.675860
1.218462
0.438932
0.619389
0.839048
1.320574
0.147043
1.203860
0.685459
0.778441
2.088776
0.333434
0.938534
1.385115
1.393360
0.458864
1.596880
1.161767
1.270252
0.449949
1.171281
0.631132
0.521539
1.150121
0.727283
0.753920
0.913454
0.854633
0.684106
0.436607
1.616992
0.760965
0.994008
0.330393
0.287805
0.709740
0.252817
0.294706
0.772679
0.890065
1.100210
1.549336
0.350906
0.518944
0.485072
0.628763
1.438049
0.807718
1.180365
0.594058
1.673010
0.402843
0.701784
0.866574
1.887921
0.530078
0.905687
0.220353
0.844909
1.128681
0.326892
0.432782
0.421673
0.334373
0.490383
0.380419
1.170505
1.514945
0.854751
0.736248
2.499149
0.976432
0.224379
1.806668
1.073905
0.761977
0.067184
0.381635
0.452527
0.688852
0.704893
0.852419
0.958151
0.496002
0.957533
1.235254
0.495538
1.333745
0.181043
1.794968
0.358021
0.831950
0.512009
0.573511
0.855043
0.794754
1.444270
1.605365
0.124133
0.493514
0.805790
1.235819
1.344446
1.065232
1.580009
1.153153
0.207354
0.522512
0.580311
0.693277
2.400731
1.754208
1.040301
1.174394
1.538162
0.347320
0.925303
0.847833
1.858058
1.544504
0.888362
0.800409
1.209593
1.105652
0.459824
0.654755
1.163056
1.296155
0.733029
0.411089
0.687637
2.518486
0.556504
1.228364
0.646657
1.434982
0.638879
0.238583
0.320926
0.666429
1.315066
1.078397
0.510101
0.559030
1.053869
0.342320
0.336475
0.871775
0.361007
0.707660
0.193568
1.007772
0.548631
1.090049
0.587729
0.251558
0.790061
1.349182
1.919182
0.568941
0.274264
0.340018
1.280835
0.695492
0.260283
0.785566
0.566394
1.216613
0.948912
1.284819
0.646499
0.617483
1.005647
0.646185
1.302955
0.406248
0.423575
1.548308
0.307473
0.421439
0.976295
1.029057
0.044414
0.644228
0.087550
1.491573
0.548710
0.479170
1.147404
0.706536
0.454151
0.364543
1.347788
0.756894
0.575709
0.909344
0.581592
0.355387
0.308924
1.568234
1.047959
1.472538
0.759991
0.583432
0.763531
0.564115
0.923652
0.905846
0.405114
0.825358
1.112026
1.327742
1.270798
1.086971
0.825947
0.341750
0.728391
0.304085
1.795333
0.506293
1.235506
0.804018
0.936842
0.391764
0.615690
1.798894
0.230231
0.395973
0.823114
0.589238
0.124788
1.255360
0.368748
0.430984
1.315695
1.084658
1.098435
0.582419
0.138302
0.790730
0.549553
0.912680
1.416758
1.050552
0.688143
0.912470
0.336009
1.100379
0.347407
0.513333
0.047354
1.090011
0.396284
2.021341
0.536849
1.374216
0.708417
1.138500
0.620633
0.863011
1.079655
1.699671
0.992515
1.085765
0.690013
0.498396
0.761402
0.549899
0.469145
1.099971
0.680449
0.672743
1.122145
1.305033
1.326660
0.730455
0.765216
0.505867
0.709971
1.220924
1.581195
0.961796
0.618186
1.252524
0.672179
0.960983
0.927430
1.142250
1.009032
0.078904
0.380905
1.693124
1.112168
0.743075
1.210155
1.131114
1.819256
0.354617
1.013156
0.516340
1.284939
0.725864
0.994986
1.254860
0.259269
0.369139
1.349276
0.744080
1.291105
0.373000
1.019823
1.146995
0.265828
1.017193
1.737065
2.279890
0.061351
0.817241
1.373645
1.661654
0.754525
1.111564
0.562618
0.822303
1.511358
1.128120
1.547465
1.387522
0.642182
0.725773
1.025398
1.403674
0.275608
1.080358
0.991564
0.669690
1.114536
1.396078
1.171535
0.621980
0.860299
1.090127
1.599550
0.819369
1.197470
0.664041
0.699836
0.309696
0.689496
1.253106
0.745845
0.859777
0.976113
0.842257
0.483319
1.000624
0.681960
0.366056
0.174632
1.188299
1.583090
0.432536
0.298685
1.516369
0.826573
1.134962
0.961150
1.704393
0.996285
0.393429
0.967614
0.370283
1.406627
1.032146
1.111117
1.643612
0.400362
0.371828
0.320925
0.735180
0.374707
0.676578
1.010084
0.997951
0.241080
0.872054
1.271176
1.088842
0.802591
0.750882
1.125538
0.889031
0.747511
0.518760
1.200755
0.904483
0.655219
0.915781
0.692621
0.277501
0.402081
0.967996
1.016035
0.366027
1.467568
1.382902
1.185684
0.421778
0.505353
0.259046
0.916414
0.401337
0.530397
1.934749
0.605975
0.723467
1.677294
0.944452
0.686881
1.212320
0.198108
1.185723
1.046184
1.975099
0.173563
1.151740
0.640154
1.229379
1.820449
1.662246
1.202370
0.469979
0.022106
1.666348
0.829128
1.039825
0.875179
0.531989
0.680854
1.372561
0.772995
0.980878
1.072877
0.628322
0.774634
0.676252
1.190723
1.041782
0.599643
0.995287
1.473658
1.038703
0.648883
0.358312
0.438488
1.106857
1.304285
1.215316
0.396844
1.351039
0.693164
1.214568
0.515513
0.728681
1.355922
2.006375
0.527887
1.503156
0.694925
0.944097
0.115426
1.028884
0.610997
1.602269
0.937587
1.723399
0.996475
0.954988
1.192035
0.280440
1.013171
0.764302
0.467913
1.012829
1.069989
0.915592
0.739839
0.289879
1.032402
0.143681
1.062525
0.895089
0.660720
1.097255
0.762445
1.293943
0.907355
1.378538
0.229494
1.299101
1.419753
0.737793
0.346201
0.847235
0.971832
0.818868
0.686852
0.810695
0.738184
1.680033
1.039689
1.232023
2.141695
0.926559
0.630250
0.444721
0.658514
0.958843
0.995925
1.050315
0.903117
0.860781
0.766188
0.872640
1.005226
0.785857
0.872324
0.549695
0.454767
1.420233
1.099732
0.590640
0.659260
1.687935
0.916447
0.602512
1.416066
0.661994
0.696354
0.636584
1.752225
0.719065
0.846436
1.567977
1.179300
1.116271
1.415391
0.855230
1.315230
0.823817
0.388044
1.236525
0.187127
0.659340
0.776505
1.247979
0.314385
0.705115
0.761426
0.093909
0.762417
0.799306
1.268172
1.337463
0.144195
0.240862
0.378937
0.987063
0.496639
1.035843
0.797242
1.503923
0.529002
0.680133
0.571090
0.343350
1.198384
1.233021
0.434597
0.763621
0.915196
0.844559
0.650416
0.565471
0.186797
1.400985
1.229998
0.420013
0.982503
0.115646
0.812647
1.488503
0.907621
0.657678
0.501914
1.947033
1.853784
2.312259
0.685919
0.597685
0.801160
0.880423
0.389458
0.941916
0.932921
1.119760
0.576222
0.135388
2.170853
1.195691
0.850368
1.394297
0.823510
0.469401
0.387667
2.067036
1.183535
0.642168
1.151000
1.205487
0.699871
0.819538
0.932312
1.233251
0.010524
1.336276
1.230344
0.603002
1.112988
1.207434
1.929785
1.024651
0.550271
0.568345
0.756314
0.189748
1.660957
1.351031
0.058513
0.264071
0.414317
1.328804
0.694750
0.339482
0.621718
0.270723
0.717535
0.189725
0.470857
0.551591
1.247864
0.967495
0.665159
0.348271
0.457130
0.364142
1.253101
0.349881
1.028429
1.670747
0.954088
0.639776
0.710456
1.343193
0.641807
0.957494
0.892530
0.434395
0.527202
0.213588
0.576253
1.308609
0.795542
0.806220
1.034897
0.292587
2.161571
1.449035
0.843278
0.290239
1.305688
0.232797
1.239370
0.773412
1.666689
0.200591
0.582276
1.267066
0.441468
0.879362
0.644705
1.404177
1.087396
0.945249
0.756533
0.549646
0.049971
1.139464
0.465238
0.576663
0.194063
0.517781
1.506625
0.947571
0.564475
0.980223
1.009874
0.547956
0.550826
0.902460
0.449932
0.175728
1.560486
0.361549
0.631933
0.666320
1.115412
0.626568
0.488691
1.586742
1.135742
0.245133
1.874390
0.303741
0.484602
0.397203
0.815547
1.673195
1.649028
0.774275
0.463051
1.376590
1.287460
0.632772
0.223600
0.613120
1.143651
1.069987
0.912968
0.432068
1.301352
1.139765
1.046970
2.055618
0.799216
0.278454
0.724325
1.154498
0.843297
0.408227
2.066496
0.541843
1.252805
0.976004
0.588861
1.222541
0.867849
0.722986
0.594645
0.277120
0.742877
0.223702
0.933101
1.060170
1.216104
1.748472
0.597358
0.512852
1.891471
2.213793
0.108005
0.553507
1.892842
0.559405
0.629061
1.384581
0.991040
0.469466
1.212950
0.635262
1.543198
0.755975
0.458606
1.038117
0.616848
1.042903
1.063163
0.521462
0.211791
1.250039
0.840750
1.853447
0.438097
1.014503
1.214990
1.767598
1.265172
0.112063
1.230867
0.699526
2.000835
0.374439
0.994204
0.817793
0.126590
0.673941
0.924614
0.798066
1.972178
0.399861
1.008775
0.775002
0.528564
0.745793
1.403378
0.262282
0.868582
0.684201
1.464091
0.492721
1.857995
0.556464
1.000026
0.128574
0.618525
1.075135
2.283586
1.384386
0.930787
1.621269
0.619826
0.585889
0.796595
1.436175
0.951483
0.586027
0.695206
0.436692
0.967329
0.513790
0.954268
0.656090
1.191088
1.090215
1.482591
0.350935
0.479814
0.265342
1.574747
0.431856
1.856597
1.203601
1.522160
0.704703
2.124393
0.928351
1.307098
2.160922
0.617744
0.378892
0.902479
1.923959
0.140854
1.031920
0.103351
2.140378
0.701088
0.771846
0.189168
1.381186
1.689227
1.355090
1.815905
1.390166
1.953228
0.647287
0.549474
0.791546
1.241085
0.373868
0.677155
0.709531
0.297427
1.054101
1.411826
0.953088
0.875852
1.581802
1.112410
0.554896
0.922101
0.290181
0.440433
1.145286
0.529625
0.593867
0.496855
1.096363
1.305942
0.892561
0.551895
0.672003
1.514308
0.977438
1.263042
1.210920
0.986047
0.144331
0.946790
0.931326
1.192378
0.293641
0.530827
0.485954
1.585638
0.888347
1.451878
0.878797
1.937377
0.648287
0.333725
0.946927
0.845174
0.449991
0.600236
2.483348
0.436128
0.552216
0.753674
0.843762
0.749304
1.503791
0.924780
1.258651
2.603979
0.960869
0.627371
0.763987
1.485712
0.810373
0.614895
0.981827
0.216113
1.141255
1.559385
0.842356
1.132366
1.608902
0.855030
0.826911
0.420445
0.998930
1.081684
1.622330
0.349135
1.140033
0.798638
1.260775
0.529295
0.716697
0.905626
1.574053
0.531961
0.148806
0.761057
1.377811
0.507917
1.530321
1.295745
0.710993
0.612081
0.629062
0.225386
0.435518
0.883739
1.002605
0.930889
0.683614
0.541990
0.624261
1.389151
1.165671
0.767669
2.480653
0.841757
0.472937
0.720840
1.453489
1.106276
0.357879
0.878479
1.163705
1.278725
0.134732
0.801831
1.323667
0.633495
0.514530
0.313649
0.602594
1.171732
0.589787
0.480493
1.055019
1.210546
0.495170
1.138228
1.207169
0.617949
0.712239
0.625489
0.798084
0.983967
0.501176
0.849355
0.698527
1.105132
0.239998
1.082468
0.113746
0.175485
0.116639
1.017121
0.441340
0.838336
1.850528
0.445676
1.720796
1.069892
1.327986
0.561748
0.237424
0.596319
0.509391
1.065018
1.563851
1.089088
1.167655
0.960217
0.532139
1.453818
0.571623
0.266498
1.062469
0.288184
0.543863
1.092875
1.610826
0.338163
0.259354
1.279912
0.279669
0.840304
0.315048
1.736770
0.984775
0.217980
0.561769
1.233203
0.953677
0.830940
0.836149
0.832633
0.100385
1.786566
1.107534
0.695948
1.510971
1.494897
0.823918
1.434404
0.820233
0.495401
1.207181
1.384037
0.602432
1.414303
0.426595
1.451703
0.455346
0.512176
0.418215
0.288176
1.183268
0.727878
1.385711
0.240766
0.226172
0.856946
0.558517
0.606231
0.680040
0.686318
0.714290
0.803950
0.590027
0.573456
0.235391
1.648059
0.392223
0.108473
2.125423
1.057293
0.878498
1.137643
1.412547
1.339992
0.469549
0.186198
0.440160
0.711602
1.593642
0.926108
0.546986
0.617589
0.641289
1.272969
0.547328
0.448325
0.753414
2.504114
0.636878
1.001527
1.503245
1.727648
0.409864
0.147328
0.927833
0.783786
0.317971
1.292279
1.343489
0.820786
0.693034
0.423255
1.114479
0.947870
0.993490
1.276077
0.366403
1.049378
0.193058
0.278691
0.970246
0.205943
0.374267
1.065551
0.882611
0.644380
0.876716
1.877695
0.841020
0.629120
0.101829
0.616142
0.401153
0.293941
0.523943
0.823142
0.217685
1.045022
0.249719
1.548705
0.960665
0.676617
1.475134
0.892240
1.079103
0.400634
0.784988
1.168625
0.856090
0.524750
1.035235
0.317915
0.777803
0.594098
1.177016
0.498230
0.695369
1.111523
0.617605
0.792776
1.658027
1.066284
0.272870
0.504062
0.328945
0.565893
0.901351
0.721127
1.248879
1.284000
0.933026
1.057249
1.216131
1.491763
1.068330
1.153450
0.830980
0.936506
0.785140
0.298603
0.489566
1.180115
1.685977
0.872435
1.024145
0.463758
0.238928
1.626395
0.205597
0.419262
1.626030
1.331573
0.488539
0.370560
1.319570
0.758082
0.835306
0.692698
0.442917
1.749051
0.600227
0.965971
1.247816
0.040944
0.729063
0.546186
0.342917
0.361423
1.175305
0.912205
0.943320
0.073344
0.852987
0.478480
0.508163
0.900781
1.004635
1.370074
0.444106
1.172094
1.190843
1.229502
0.436845
0.677272
0.366190
0.755665
0.804882
0.471938
1.078628
1.088326
0.813147
0.459980
0.437016
0.613342
0.970078
1.088755
2.254725
0.778485
0.440733
0.399459
1.154111
0.947158
1.476058
1.223529
0.585666
0.548694
1.348540
0.298830
0.885501
0.850365
0.270624
0.665143
1.631503
1.761068
0.316907
0.187873
0.641683
0.759519
0.539396
0.940025
0.892564
1.334032
0.485736
0.718885
0.754431
1.611758
0.678723
0.357718
0.359240
1.941839
0.615913
0.539587
0.031690
0.650849
1.062486
0.487306
1.445247
0.743080
0.944271
1.024882
1.055926
0.269245
0.200310
0.738053
1.266751
0.676110
0.865471
1.038415
1.173005
0.184265
0.744493
0.419964
0.459445
0.756371
0.902926
0.636630
0.660611
1.190275
1.191695
0.982237
0.406321
0.594882
0.677151
1.257561
0.649945
1.419127
0.946577
0.610754
1.313505
1.296666
0.830036
1.204153
0.729076
0.584103
0.648225
0.514123
1.086960
1.088701
1.396362
0.980780
0.803588
1.141386
0.452380
1.788305
0.835206
0.407454
1.232813
0.591620
1.011073
1.149101
1.197714
1.682417
0.160239
0.544082
0.486727
0.069953
0.531929
0.394460
1.481957
0.404290
0.631249
0.163425
0.324313
1.197392
0.247376
1.711278
0.608399
2.008849
1.260623
1.482200
0.575030
0.213721
0.885796
0.762452
0.475265
0.981584
0.489851
1.239102
1.382561
0.853754
1.774911
1.712081
1.193970
0.390145
1.068070
0.249181
0.950677
0.617537
1.493655
1.036568
0.778864
0.679621
1.598863
0.604711
0.752219
0.540406
1.017652
0.456584
0.267410
1.211452
0.595725
0.902094
0.683559
0.330755
0.131599
0.624776
1.061922
0.918278
0.980166
1.047891
0.154574
0.316232
1.039836
0.655824
0.756090
0.722608
0.657068
0.891706
0.583208
0.225159
0.769473
1.642599
1.098287
0.845075
0.861970
2.398416
0.711460
0.353912
0.254450
0.256631
0.997548
1.484390
1.080760
0.619258
0.837909
0.550267
0.613091
1.472110
1.686351
0.666032
1.378123
0.298735
0.916930
1.172547
1.186860
1.161933
0.713404
0.688521
1.080011
1.870285
1.008267
1.469687
1.055650
0.276391
0.742057
0.972875
1.110986
1.146082
0.996730
0.014824
0.272074
1.225077
1.425078
1.484137
1.090429
1.226661
0.841219
0.853667
0.888279
0.727277
1.090672
0.967086
1.055017
0.695680
0.435102
1.196049
0.759314
0.619119
0.949754
0.545459
1.649035
1.126747
0.114001
2.274781
0.266798
0.493118
1.447587
0.859260
0.427093
1.461354
0.727335
0.754284
1.642208
0.766457
0.283261
0.461478
0.824550
0.711955
0.470069
0.487590
1.483911
0.248345
0.803905
1.118335
0.873085
0.852596
0.380218
0.508830
0.500205
0.524646
1.308010
0.611754
0.443260
1.166570
1.093541
1.209282
1.367557
0.191671
1.077010
0.933495
0.692623
0.415225
0.874164
1.160788
0.747130
0.521757
0.467734
0.346109
1.716164
0.236799
0.811806
0.613227
0.802718
0.447380
0.281461
1.348694
0.525948
0.560903
0.580270
0.191810
1.497698
0.062210
0.720970
0.172018
0.272619
0.901677
1.476745
0.668416
0.521419
1.134527
0.387579
1.830753
0.702421
0.497362
0.578621
1.057328
1.957233
1.499419
1.231384
1.935430
0.294576
0.768710
0.798118
0.357937
0.141438
2.181434
0.661231
0.080637
0.919913
0.663678
1.995739
1.202970
0.582885
0.661690
1.284091
0.427660
1.618759
1.492782
0.615946
0.260484
1.866869
0.169335
1.243322
1.548352
0.278588
1.154966
0.879919
1.098489
0.997247
1.230132
0.708712
1.076416
0.188721
1.657521
1.146338
0.600492
0.631880
0.457934
0.404435
0.300639
1.733537
0.740217
0.841167
1.043332
1.232983
1.933654
0.264960
0.972721
0.141580
0.417595
0.140985
0.499805
0.458322
1.585336
1.198843
0.397920
0.357405
1.141188
0.510254
1.413372
0.903995
0.656758
0.939003
1.380219
1.352213
0.155691
0.648247
1.014369
1.509969
0.497584
1.118856
1.116592
0.486225
0.552705
0.231690
1.737070
0.244453
0.369010
0.530058
0.996435
1.519270
0.833069
0.497996
1.228842
1.743560
0.341787
0.437955
0.863874
0.600522
0.443000
0.765327
0.231377
0.452140
0.768233
0.998350
0.960046
1.520250
0.585297
0.321371
0.160081
0.402711
0.902246
0.857287
0.491128
0.462061
1.218023
1.297352
0.761396
1.285098
0.592459
0.937453
1.309392
0.174423
0.252777
0.390612
0.095877
0.870144
0.790035
0.674316
0.316134
0.367071
0.244907
1.643522
0.604764
0.914269
1.064724
0.195719
0.710640
0.284715
1.072762
1.350364
1.569756
0.173107
0.897622
0.575512
1.328758
0.972589
0.602068
1.534572
1.087125
0.847160
0.848255
0.575941
0.431342
1.054366
0.283031
1.699585
1.687315
0.935282
0.186662
1.301995
2.238483
1.050852
1.475716
0.687690
0.589641
0.405591
1.171017
0.723556
1.884864
1.035858
0.711801
1.803794
0.206670
0.137588
0.761664
1.650342
0.433748
1.007936
0.603341
1.118073
0.629800
1.143811
0.423872
1.232006
0.670946
0.581132
1.043193
0.709922
0.364938
1.264173
1.130546
1.380045
0.679268
2.165595
0.442048
0.039412
0.462259
1.093279
0.920777
1.026149
0.317591
0.550758
0.347039
0.457976
0.795250
1.699081
0.716877
0.944271
1.149671
0.788475
0.803571
0.774642
1.286742
0.240393
0.260117
1.362060
0.376297
1.632517
0.291602
0.812999
0.253926
0.793934
0.921717
1.351954
0.761166
0.931858
0.795933
1.011199
0.750114
0.473953
0.304626
0.786318
1.652048
0.717159
1.031012
0.648319
0.989031
0.181582
0.826745
0.259784
2.002796
0.738759
0.955331
1.641258
0.167734
0.339391
0.165883
1.043812
0.566365
0.715777
0.393306
1.247277
0.918410
0.295315
1.492029
0.789198
1.712276
1.558658
0.806314
1.543329
0.703301
0.310682
0.783547
1.396177
0.514171
1.941054
1.062077
0.919279
1.105991
1.533123
1.167979
1.603590
0.469301
0.705340
0.610054
0.365402
0.696419
1.278976
0.737715
0.966805
0.820670
1.607700
1.447864
0.763902
0.074619
0.441792
0.633039
1.217900
1.090455
0.346726
0.841868
0.669687
0.999188
0.825699
0.982320
1.331671
0.767527
0.693480
0.506749
0.742078
0.840437
0.860102
0.880795
0.288901
1.025888
0.774500
0.897035
1.501439
0.297831
0.703304
0.585570
1.210921
1.421632
1.059951
0.367278
1.171078
0.469244
0.378594
1.300932
1.546299
1.432420
0.993997
0.578222
0.135861
0.936808
1.962881
1.160654
0.514447
1.047282
1.357262
0.496383
1.105546
0.922231
0.666106
0.281052
1.068460
0.628233
0.774116
0.554519
1.253287
0.819080
0.541896
0.149717
1.587531
0.993767
0.814843
0.899540
0.772103
0.300374
0.775300
0.593676
0.998101
0.900312
0.070708
1.134219
0.776393
0.895278
0.301856
2.159476
1.296565
0.733114
0.452860
1.499403
0.435537
1.290837
0.508657
0.811147
1.034578
0.878412
1.247189
1.084481
0.297694
0.808635
0.518184
0.919949
1.809377
0.337516
0.783592
0.874900
0.619660
0.794588
1.042611
1.586468
0.916231
0.821875
0.621847
1.265712
1.618264
0.487196
1.269699
1.150177
0.810753
1.058118
0.653128
0.328274
0.173096
0.417790
0.897537
1.567735
1.141232
1.009184
0.808896
1.376064
1.371961
1.340324
0.205948
2.047931
0.767528
0.735051
0.187471
0.719834
0.378627
0.217496
0.944885
0.624575
1.175705
1.511080
2.017729
0.310218
0.541502
0.641728
1.358541
0.795296
1.074095
0.629851
1.272045
0.922661
1.833759
1.607484
1.263146
1.123929
0.167101
0.392679
1.411426
0.713443
1.312485
0.129837
0.688100
0.841419
1.299833
0.424580
0.872180
1.110489
0.511919
0.376971
0.539736
1.442725
1.259034
1.236516
1.060061
0.414263
0.563621
2.658165
1.258784
0.071693
0.632163
1.522433
0.447521
0.272747
0.574026
0.470401
1.273213
1.161847
0.245712
0.996470
0.405183
1.388568
0.430422
0.884444
1.215223
1.214568
0.410292
1.098391
0.137459
1.072151
0.518226
0.878468
0.076716
1.569635
1.118907
0.452076
0.348800
0.238034
0.914929
0.660076
1.696266
0.915059
0.441079
0.231366
1.063856
0.098876
1.142606
0.983138
1.502658
1.043243
0.692741
0.892947
0.185687
1.824421
0.853029
0.533471
1.202765
1.290302
1.482261
0.910109
1.219360
0.758075
0.558135
1.161429
1.366660
1.140524
0.346056
1.328923
1.162880
1.485558
0.738567
0.203725
0.855762
0.053899
0.317207
2.149829
1.077030
1.303472
0.593730
0.834054
1.400118
0.564745
0.398891
0.281627
0.387448
2.056251
0.377060
0.990278
0.159030
0.620227
1.647235
1.650082
1.046483
0.877832
0.455455
1.289932
1.488206
0.719104
1.355085
0.409595
0.492851
0.511670
1.125660
0.869845
0.161834
0.386332
0.261483
0.848266
1.198244
0.595483
1.022984
0.820269
1.701600
0.519368
0.833477
0.497826
1.305211
0.697024
0.630899
0.893930
0.493485
0.934355
0.258132
1.541743
0.298921
0.715086
1.626954
1.062726
1.823312
0.435897
1.020735
1.831813
1.477384
0.995052
0.955364
0.330014
1.858087
0.327545
2.216942
1.335731
0.676073
0.459066
0.918448
0.806112
0.936795
1.557924
0.334004
1.091294
1.112201
0.462090
0.774331
2.420870
0.754583
0.826424
0.635218
0.932700
1.943478
0.423417
0.260497
1.429724
0.642427
0.717977
1.261374
1.805383
1.593584
1.235304
1.011038
0.558660
0.899654
1.237429
0.840555
0.820564
0.721118
1.138646
0.889691
0.605187
0.720387
0.454235
1.232330
0.689500
0.678411
0.605796
0.413493
0.378961
0.526571
0.417974
1.458600
0.372135
1.200057
2.298945
0.491923
1.129215
0.548683
0.532535
0.938858
1.166475
1.109387
0.647562
1.133117
0.231279
1.476995
0.437152
0.465489
1.358143
0.625151
1.344289
0.445290
0.477724
0.890725
0.300740
1.045867
1.178626
0.960515
1.018375
2.028759
0.415579
0.521681
2.507574
0.742827
1.441353
1.438022
0.313127
1.792730
0.694194
0.773086
1.211129
0.634148
0.508431
0.682725
0.588929
0.307501
0.379547
1.344481
0.775661
1.328813
0.716014
0.581435
0.351069
1.118588
0.094582
1.225862
0.493697
0.354888
0.880561
0.344418
0.857747
0.726948
0.283465
0.757005
0.678963
0.703729
0.948575
0.811088
2.125855
0.243668
0.881297
0.756414
0.988680
0.889867
1.139397
0.316492
1.495096
0.612974
0.845334
0.473995
1.156392
1.209398
1.546525
0.686019
0.473246
0.330008
0.378417
0.738506
1.106368
0.312165
0.681904
0.657860
0.776663
1.601026
1.018073
0.418516
0.259851
1.198821
0.360939
1.037359
0.679339
0.199066
1.387966
1.880773
1.200088
0.266337
0.855482
0.904127
1.765662
1.014356
0.192802
1.022624
0.129894
0.185027
0.643840
0.537659
0.614835
1.780215
0.840913
1.225792
0.209483
1.773937
0.330287
1.105989
0.636393
0.946346
2.030581
0.628077
0.810809
1.228478
1.757249
0.095738
1.283617
0.809098
0.978649
0.350586
1.024105
0.600988
0.776947
0.634801
1.044058
1.026616
0.411044
1.360116
1.235379
1.012444
0.178882
0.708968
0.889597
1.046918
1.222931
0.394763
0.364657
0.651065
1.016297
1.476188
0.711640
1.120689
0.744657
0.571206
0.867764
1.045502
1.193078
0.498552
1.135402
0.619938
2.087451
1.716009
1.089285
1.764535
0.337002
0.458945
0.964614
0.469267
1.174042
1.440623
0.796412
0.452782
1.889468
0.485237
1.004357
0.609017
0.939411
0.482594
1.244394
0.989760
1.940422
1.222466
0.628919
0.429680
0.434315
0.490308
0.549399
0.524408
0.582949
1.150601
1.113847
0.443533
0.621337
0.590437
1.164044
1.477030
1.093749
0.994761
0.925399
0.910377
1.337533
0.710457
0.492457
0.509117
1.411127
0.844891
0.571738
0.839613
0.227477
0.131729
1.113261
1.044375
1.315635
0.809312
0.680965
0.442931
1.906993
1.247114
0.252844
1.058111
0.912873
1.870578
1.863794
0.918072
2.059566
1.670061
1.486104
0.413302
0.310070
1.262521
1.603833
1.037088
1.260782
2.116662
1.153713
1.852363
1.081004
1.106160
0.568706
1.034691
1.171688
1.296465
0.574185
1.128643
1.055053
0.876284
0.741825
1.067273
0.474863
0.289277
0.773130
1.027683
0.349511
0.260476
0.809437
0.745593
0.486232
0.979029
0.285631
0.402122
1.562092
0.432997
0.882945
1.149057
0.177527
0.169685
0.290299
1.297635
1.280493
0.446289
0.621745
1.760997
0.959287
1.303114
0.506941
0.728486
0.456971
0.913797
0.902559
0.757647
0.715496
0.951395
1.199898
0.409570
0.688329
1.647363
2.009006
0.520759
0.791859
0.634614
0.075870
1.089468
1.133414
2.160601
1.095323
1.234491
1.629364
1.199771
0.478458
1.776215
1.711539
0.240693
1.080669
0.749500
1.499516
1.662624
0.694279
0.743523
1.301838
0.878681
1.494648
0.454362
0.845164
1.540472
1.407274
0.922247
1.745058
1.152738
0.579086
1.014775
0.374104
0.622928
0.394659
0.592293
1.305551
0.769637
0.721021
1.072639
0.828758
0.772883
0.534169
0.803731
0.643885
1.176308
0.162528
1.292871
0.801946
1.015250
1.140285
0.120465
0.614178
1.110317
1.034249
0.204545
0.522083
0.446168
1.435681
1.515526
0.786900
1.044016
0.743622
1.304899
0.849952
0.844856
0.476771
1.202777
0.683577
0.677949
0.584358
1.305158
1.327450
0.491292
0.592833
0.263967
0.627420
1.414081
1.803083
0.717435
1.053705
0.628509
1.277535
1.052472
0.665103
0.375391
0.876250
0.345985
0.610795
0.953080
1.253767
0.497113
0.150574
0.601716
1.362260
1.369619
0.703112
1.569319
0.374528
1.070334
0.333335
1.421400
1.583620
1.518682
0.600362
0.862480
0.396563
0.371023
1.796219
0.753228
0.517460
0.716037
0.685159
0.500484
0.266434
0.524194
1.002905
0.399119
1.188990
0.916480
0.494755
1.230302
1.173396
0.523413
0.742822
0.944236
0.735147
0.540624
0.220286
0.555992
1.875302
0.790631
1.482445
0.427553
0.602565
1.005096
0.927075
0.717051
0.331993
1.231260
1.395164
1.035037
0.422314
1.779377
0.930516
1.084885
0.995669
1.091291
0.497570
1.118174
1.307859
1.102863
0.865412
0.925783
0.663901
1.163337
0.813121
1.010575
0.658810
0.703686
0.998832
0.761991
0.835323
0.030384
0.701813
0.753433
0.286650
0.632729
1.221142
0.980644
1.715620
0.329895
0.556613
0.971757
0.677363
0.234619
1.436703
1.310531
0.605726
1.159101
0.729099
0.537333
0.546157
0.281608
1.162030
0.316430
0.894513
1.969384
0.932961
0.427998
0.597517
0.429206
1.069924
0.584218
0.590635
0.841383
0.849540
1.140170
0.578782
0.740723
0.501729
0.483960
1.737386
0.689163
0.450642
0.698769
0.582240
1.131220
0.591239
0.257944
0.545876
0.723403
1.624363
1.774697
1.727259
0.726050
1.190968
0.288694
0.426941
2.088879
0.413412
0.994921
0.462611
1.294924
1.037777
1.329291
0.405582
0.669553
0.946392
1.374784
2.215699
0.482906
0.990539
0.508635
0.691425
0.521457
0.905681
0.480844
1.580483
2.012527
1.324552
0.463945
1.312706
0.086060
0.921474
1.361183
0.129389
1.434426
0.234455
1.349934
0.330321
0.562334
1.268084
0.561385
0.906200
0.823100
1.432080
0.975011
0.379900
0.251219
0.721752
0.309773
0.753909
1.094675
0.538554
0.978599
0.225111
0.372595
0.806775
0.405967
1.258363
1.140770
1.436797
1.571663
1.681987
0.960401
1.144895
0.917362
0.783931
0.575562
0.277490
1.271747
1.181882
0.942958
1.337044
0.814098
1.158009
0.722562
0.363950
0.354149
1.876083
1.181398
0.861096
1.149623
1.567828
0.051343
0.158304
0.601207
0.449988
1.822082
2.176133
0.493389
0.620078
0.360312
0.680884
0.654642
0.787266
1.575004
0.954648
1.145890
0.645462
0.798309
1.856882
1.058750
0.967696
0.389755
0.434472
0.502791
0.820792
1.722792
0.565143
1.146206
0.783236
1.373754
1.011203
1.035823
0.564378
1.280363
0.800288
0.223977
0.725051
1.001213
0.799802
1.110024
2.086245
0.317313
0.407409
0.631576
0.285981
1.905899
0.809428
0.129179
0.834061
0.761643
0.208906
1.265100
0.945850
0.524120
1.206256
0.718346
0.832141
1.166397
1.217306
1.132368
1.082602
1.945299
0.164447
0.802856
0.969647
1.363145
0.750810
1.097408
1.001316
1.464357
0.359382
0.569363
0.815127
0.756313
1.687388
0.148241
1.637248
0.778096
0.784264
1.230669
0.983821
1.588259
1.329972
0.929035
1.153256
0.760995
1.354285
0.359276
0.881671
1.330453
0.703574
0.543297
0.589435
0.440572
1.063574
0.630411
2.014396
1.385946
0.823809
0.795085
0.805288
0.714248
1.058807
0.908811
0.516702
0.590515
0.683199
0.616923
1.327475
0.465704
0.871747
1.193295
1.038665
0.808943
0.989101
0.111504
1.128325
0.329656
0.471822
0.766722
1.134844
1.466055
0.560193
2.005390
0.156330
1.448477
0.508663
0.644106
0.282520
0.660886
1.275952
1.145921
0.864110
0.982998
0.764059
0.529962
1.094886
0.742274
0.599357
0.975546
0.676656
0.158851
0.764607
0.626570
0.307402
0.870623
0.156094
1.557258
0.757992
1.019297
1.360369
1.589683
1.285093
0.965398
0.886486
0.440362
1.309191
2.254072
0.571062
0.903118
0.301571
0.513091
1.011874
1.310467
0.217596
0.716615
0.689442
0.487162
0.916027
0.793630
0.832401
0.572107
0.461871
1.116766
1.352072
2.175243
0.727843
0.578616
0.711737
0.783479
0.564981
0.284926
1.506769
0.928139
0.805516
0.765753
1.102320
0.498373
0.871037
0.730215
1.600543
0.307267
0.253650
0.589221
0.850366
0.849907
0.499086
1.306763
0.822833
0.227866
1.150306
1.122515
1.325698
1.157557
0.865944
0.732399
0.548880
0.205590
1.276436
0.932063
0.374916
1.237920
0.766376
0.355952
0.600402
0.301858
1.439827
1.473812
0.536304
0.684649
0.325582
0.500756
0.466585
1.783088
0.636934
0.582211
1.652418
0.567916
0.711665
0.380518
1.306054
1.113543
0.623939
1.326082
0.611610
0.294900
0.958461
0.906335
0.864612
0.219439
2.082163
1.186042
1.245570
1.078759
1.074299
0.783367
0.502816
1.179670
0.549100
0.670703
0.650122
0.454097
1.881004
0.571419
0.187564
0.591780
0.707050
0.375567
0.826899
0.600662
0.642822
0.712155
1.776557
1.424016
1.998543
1.161614
0.114565
0.853488
1.064447
1.178215
0.963959
0.963175
0.429117
1.083010
0.530087
0.395904
1.501290
0.315203
1.258590
0.199984
0.984950
1.259447
1.016493
0.892956
1.064480
1.497370
0.444941
0.657213
0.888838
1.103250
1.039904
0.883105
0.430603
0.368346
0.737880
0.688816
1.954550
0.833675
1.496385
0.934637
0.898758
0.478119
1.580342
0.750887
1.233871
0.259382
0.637978
1.934567
0.629532
1.210299
0.754294
1.098308
0.927781
0.248488
1.000442
0.264531
1.455949
0.308309
0.077726
0.373066
0.609657
0.703233
0.535096
0.483463
0.550343
0.281717
0.663414
0.434724
0.538971
0.940449
0.261122
0.716803
0.521889
0.164398
0.408187
0.611000
0.681040
1.097164
0.119322
0.902801
1.157977
0.966255
0.417635
0.460471
0.138846
0.896304
0.548072
0.939385
1.552972
0.533559
0.628398
1.246231
0.270889
0.373690
0.600163
1.281381
0.103545
0.734696
1.049422
1.781570
0.873590
1.564717
0.638454
1.632713
0.596833
1.385566
1.190642
0.952736
1.332732
0.860201
0.480138
0.577456
0.464254
1.510448
0.259271
1.715444
1.880568
0.930039
1.253110
0.348084
0.926851
0.955938
0.695838
1.467082
1.025112
1.335945
0.623803
0.598916
1.601053
0.956441
0.765432
1.028238
1.359272
0.509138
0.704453
1.235338
0.347790
1.334078
1.491795
1.160418
1.033484
1.641387
0.448343
1.144852
1.101604
0.966548
0.464647
0.262422
1.706503
1.329950
0.334177
1.070275
0.202032
1.945225
1.010577
0.463452
1.373764
1.677952
0.860283
1.059311
1.039279
0.808027
0.581704
1.385868
1.315148
0.480199
0.572333
0.643971
0.937798
0.470957
0.285828
0.593907
1.506384
0.768443
0.533807
0.501214
0.777145
0.804075
1.045473
0.806576
1.267315
0.336437
1.454388
0.952699
0.933313
1.055309
1.397164
0.615760
0.962754
0.733294
0.791020
0.253631
1.615526
1.272191
0.689432
0.665859
1.324459
0.883543
0.223951
0.927687
1.320281
1.333089
1.054788
0.714153
1.177901
1.127150
0.345432
1.400092
1.169778
0.537969
1.550440
0.050238
1.025388
0.466616
0.162324
0.983446
0.211932
1.157431
0.690753
0.870402
1.564217
0.944840
0.886347
0.767165
1.848576
1.018986
1.213285
1.167223
0.625466
0.396465
0.618117
0.506838
0.731282
0.838301
0.870405
0.523618
0.398243
0.780549
0.596399
0.868607
0.501405
0.623757
1.004385
0.791541
0.794877
0.532722
1.061587
0.467903
1.154548
0.698081
0.528723
0.649802
0.835752
1.243549
0.859152
1.088005
0.912516
0.633048
0.489413
1.276130
0.234987
0.928075
0.695660
1.816847
0.946180
1.122286
0.168308
0.218313
0.616903
1.083724
1.647257
0.808024
0.824629
2.494415
1.226098
1.532055
0.528174
0.572551
0.622488
0.400052
0.756982
0.184263
0.894374
0.535636
1.084809
0.615572
1.129504
1.211582
0.622819
0.486252
0.958471
0.791067
0.973447
0.611440
0.672758
0.271859
1.448963
0.413094
0.954247
1.443912
0.466051
0.330242
1.457422
1.156703
1.601658
0.435189
1.487937
0.395522
1.068926
0.682011
1.188288
1.075814
0.565465
0.700958
0.493808
0.462785
0.675156
0.578769
0.689903
0.977155
0.867926
0.110476
1.574465
1.042841
2.097154
0.612227
0.270705
0.329370
0.251616
1.067785
0.848576
1.035065
0.492753
1.334640
1.029959
1.106106
0.178284
0.532027
1.362497
0.587314
1.188690
1.793365
0.679946
0.325484
1.233570
1.168024
0.555337
1.031336
0.216101
0.810710
1.033173
1.167037
1.324898
1.048031
1.267643
0.597691
0.786061
1.289826
0.887697
0.991232
0.800574
0.352430
0.875868
0.826425
0.540775
0.651943
1.931188
1.456315
0.195740
1.493397
