0.703062
0.905839
1.166838
1.170149
0.493939
1.026462
0.865467
0.368966
0.563860
0.236649
1.513588
1.142931
0.593014
0.801404
1.318327
0.908253
0.998097
1.041261
1.230122
0.436352
0.923481
0.497472
0.791210
1.051466
0.509261
1.356235
0.718849
0.069156
0.800560
1.155861
0.581908
0.844921
1.381544
0.648153
0.716059
1.223873
0.314003
0.572605
0.549265
0.948524
1.043238
0.609873
1.174384
1.378152
1.003756
1.164657
1.100417
0.205556
0.733440
0.804100
1.464353
1.356165
0.798501
1.167822
0.787176
1.449403
0.804310
0.609224
1.181276
1.052617
1.266617
0.630308
1.310742
0.562245
1.317993
0.464692
0.881277
0.463575
0.588033
0.706583
0.622571
0.563075
0.839674
0.699578
0.916270
0.645308
0.745919
0.510009
1.183186
1.034088
0.591305
0.443450
0.519024
0.949773
0.624863
1.112849
0.686547
1.002962
0.621145
0.698464
1.061471
0.204576
0.680108
1.048300
0.646036
1.173167
0.768196
1.264692
0.605783
0.432481
0.678649
0.510893
0.281298
1.159494
1.615100
0.803949
1.190823
0.702728
0.596005
0.815281
1.487913
1.007920
1.473912
1.034640
0.771390
1.424387
1.082492
0.638340
0.854004
0.800413
0.777050
1.534899
0.528856
1.213499
1.521874
1.263030
0.155575
0.732815
1.639803
0.488793
1.259295
0.996347
1.346890
0.956414
0.747164
0.481003
0.294286
0.890413
0.151480
1.318948
0.842163
1.095757
0.914745
0.569411
0.519060
0.690939
0.738424
0.583461
0.834029
1.132705
1.130543
1.110330
0.962635
1.140939
0.859882
0.888716
1.248833
1.250490
0.435629
1.084097
1.116853
0.711286
0.658819
0.614131
1.039692
0.923489
0.725487
1.313914
0.700975
1.259002
1.185112
1.430959
0.822301
0.861234
0.946910
0.597457
0.741154
1.338465
1.001398
1.494649
0.574282
1.236504
0.652400
0.784623
1.546922
0.889159
1.145792
0.703682
1.138957
1.129387
0.874126
1.099609
1.308278
0.557150
1.045723
0.905549
0.550341
0.799747
0.672245
0.444945
0.142825
1.045663
0.487671
0.869646
0.485944
0.598852
0.810042
0.715338
1.232127
1.262073
0.636927
0.943245
0.884560
0.848396
0.620221
1.084858
1.092870
1.189911
0.607080
0.497488
0.954237
1.396938
0.938233
0.614898
0.542862
1.024559
1.059380
0.878405
1.099104
0.515806
1.007551
0.533939
1.426688
0.254770
1.298565
0.862312
0.737771
0.845787
1.047044
0.848138
1.126752
0.765306
1.174747
1.176133
1.197584
0.463652
1.523563
0.765974
0.774849
0.582618
0.827588
1.293259
0.592042
0.859223
1.520844
0.533916
1.470086
0.803612
0.781711
1.139261
0.694850
0.806230
0.920890
0.829312
0.481632
1.413615
0.711807
0.972254
0.584201
1.417231
0.597426
0.745577
0.403066
1.288908
0.453984
0.523410
0.875025
0.902515
1.177487
0.111957
0.849835
0.464607
0.949627
1.155655
1.079252
0.515758
0.722079
1.388680
0.484958
0.799852
0.490251
0.846375
0.373905
0.588030
1.272988
0.798377
1.013324
1.058658
0.701888
0.908200
1.304860
0.316180
0.983691
1.387590
0.951852
1.074448
0.619938
0.390220
1.317680
0.695322
0.643591
2.002264
1.213285
1.306636
0.743710
0.915842
0.592178
1.002478
0.756654
0.429979
0.597726
1.159668
0.542938
1.332291
1.147410
1.229145
0.585472
0.680136
1.156439
1.217897
0.486881
0.766070
0.613926
0.373476
1.271689
0.816058
0.329990
1.287770
0.168803
0.686788
1.144377
0.494072
0.725109
1.113555
0.739816
1.372586
1.069174
0.817868
1.313668
0.567258
1.110434
1.109372
0.732096
0.772084
1.081492
0.898512
0.711120
0.640514
0.882928
1.235212
0.720364
0.709652
1.518941
0.886175
0.991857
0.996421
0.851047
1.183523
0.658547
1.450112
0.899171
0.953824
0.942010
0.658195
0.447566
0.664381
0.982821
0.791244
1.007558
0.775230
1.303066
0.849780
1.397941
0.927276
0.265443
1.243010
0.915437
0.414464
1.029284
0.908685
0.444240
0.666803
0.858451
0.644701
0.671390
0.540048
1.692608
0.712192
1.080078
0.545484
0.580379
1.211341
0.412114
0.278303
1.490423
0.293011
0.540543
0.453133
0.237876
0.757072
1.634550
1.125474
0.703288
1.288049
1.254310
1.071434
0.744905
0.719829
0.939185
0.539018
0.611696
0.897565
0.903793
0.843989
0.664143
0.792724
1.177607
0.711040
0.966837
0.621632
0.954222
0.364113
1.223259
0.978102
1.331433
0.674471
1.023664
0.987612
0.553048
0.488340
0.643930
1.411233
0.968428
1.284279
1.222179
0.660042
0.928717
0.523063
1.237795
1.289925
0.896730
0.668263
1.006389
0.935278
0.878426
0.906127
1.024928
0.871770
0.737023
0.303968
0.596592
1.013702
0.556317
0.851774
0.679531
0.848476
1.276640
1.147077
0.882774
1.123162
1.209787
0.906791
0.882972
0.759566
0.448949
1.458325
0.821953
0.703850
0.774241
1.040998
1.071950
0.609603
1.435484
1.180054
0.657433
1.145170
0.903137
0.567426
0.665561
0.997646
0.719870
0.814944
0.540669
0.925297
1.379697
0.944858
0.959027
0.750847
0.963338
1.061983
0.985123
1.015345
1.270397
1.247599
0.825552
0.817661
0.878664
1.311215
0.757526
0.645544
1.428000
1.013606
1.104778
0.492131
0.632546
0.967505
0.533455
0.766217
0.716506
1.226282
0.910819
0.500699
0.573479
0.833585
0.889833
0.919564
0.822489
0.859693
0.984637
1.294534
0.978062
0.556480
0.976570
0.900760
1.199104
1.282432
0.929642
0.927525
0.524932
1.028148
1.407102
0.865392
0.460512
1.446077
0.715612
1.052597
0.511984
0.933330
1.020932
1.241103
1.434062
0.883362
0.804229
0.242149
1.258958
0.797970
1.319845
0.537669
0.885852
1.289767
0.550766
0.398407
0.861569
0.812125
0.475169
0.959791
1.140668
1.121779
0.616770
0.457628
0.536230
0.804574
0.762774
0.868585
1.278049
1.107005
1.416513
1.229903
0.660282
0.783064
0.678027
0.710315
0.993639
0.852365
0.779330
0.760947
0.480247
1.048709
1.056944
0.874061
0.988900
1.291618
0.897321
0.975169
0.820669
0.361862
0.852732
0.680187
0.241584
1.551048
0.904705
0.795895
0.481698
1.191567
0.606484
0.977473
0.614792
0.630776
1.066856
0.557439
0.603886
0.726229
1.391084
1.029944
0.437932
1.239988
1.007750
0.576403
1.462385
0.843628
0.657044
0.753677
1.663658
0.914172
0.769217
0.442865
1.422441
0.682131
1.427042
0.763472
0.910421
0.872651
0.919486
1.218584
0.576792
1.192223
0.888736
1.042263
0.744792
0.999331
0.470312
1.098916
0.915427
1.228644
1.705579
0.330562
0.817351
1.262283
1.323364
0.766072
0.522851
0.445431
0.820415
0.965148
0.483340
0.993943
0.820566
1.181030
0.954290
0.966218
0.640441
0.555591
1.002636
0.645260
1.121171
1.022151
0.335699
1.423141
0.464767
1.500357
0.435314
1.265382
0.663010
0.807906
0.659868
1.312270
0.927406
1.371420
1.485642
1.138814
0.517958
0.576674
1.096799
0.756352
1.070468
0.425706
1.438178
0.670523
1.020504
0.619271
1.578174
1.046534
0.659364
0.998411
0.655498
1.482972
0.811841
0.681121
1.321997
0.955372
1.373627
0.631273
0.599809
1.171960
0.631068
1.306612
0.988531
1.000642
0.958407
0.812354
0.880673
0.776570
1.096714
0.936056
0.716838
1.336627
0.918982
0.566330
1.617885
0.905249
1.231301
0.497060
1.105900
0.967571
0.871996
0.717839
1.160791
1.140693
0.997479
0.790464
1.283997
0.853179
1.511541
1.101427
0.641245
0.913524
1.164784
1.296443
1.704419
1.073428
0.687471
0.850276
1.545508
1.081368
1.261590
0.872888
1.231183
0.748005
0.856940
0.664838
1.727598
0.774408
0.649456
0.952916
0.688566
0.450830
0.706871
0.891598
1.209091
0.340371
0.891770
0.735250
0.809663
0.458141
0.672585
1.217626
1.275661
1.189961
0.845676
0.855121
0.451012
0.730024
1.123180
1.019859
0.391215
0.242331
0.780509
1.335187
0.666288
1.328910
0.636405
0.878381
0.522168
1.060829
0.736139
0.488419
0.920364
0.610435
0.939733
0.671647
0.603857
1.074864
0.537733
0.744322
0.796100
1.385580
1.149615
0.623889
0.843355
0.818533
0.945633
0.743977
1.088624
0.536149
0.760883
1.173805
0.946855
0.639015
0.991345
0.264235
0.980998
1.207727
1.123682
0.481488
1.236610
0.991210
0.411715
0.401554
0.795096
0.666393
1.165730
1.080211
0.756119
0.442835
1.315459
0.482440
1.007329
1.112225
0.955106
0.972847
1.305893
0.471092
1.202962
1.652573
1.228559
0.818151
0.913796
0.623355
1.003834
0.717016
0.966421
1.322753
1.012386
0.987772
0.618580
1.033402
1.023133
0.852277
1.295775
1.162675
0.489997
0.781469
0.424726
0.307531
1.240019
1.150256
1.185788
0.767786
0.377488
0.986385
0.570582
0.695817
1.202035
0.853307
1.032757
1.194500
0.678880
0.843713
0.617286
0.947458
1.238811
1.029635
0.856425
0.938210
0.868514
1.321189
0.912239
0.626858
1.061211
0.611248
1.591596
0.764701
0.957068
0.656484
0.982776
0.849168
1.224676
0.599383
0.673160
1.488751
1.082103
1.137117
0.743290
1.082962
0.900411
0.911240
1.162657
1.129861
1.445796
1.004265
0.692702
0.543916
0.745495
0.958131
1.001813
1.097523
1.085044
0.885606
0.602117
0.928229
1.393290
1.395645
0.843717
0.282206
1.155860
1.340447
1.037970
0.466988
0.554016
0.805282
1.129577
0.618154
1.113219
1.328193
1.452765
0.943060
0.708333
1.122086
1.157061
0.849299
0.864249
0.691614
0.753121
1.017053
0.530518
0.948854
0.815811
1.299196
0.132329
0.784841
1.039139
0.884688
1.542560
0.472418
0.553623
0.712610
1.080545
1.134536
1.122552
1.333981
0.975344
0.586960
1.413802
1.484395
0.631290
0.684907
0.561448
1.435362
0.739609
0.730516
0.855441
0.962885
0.643617
1.402344
1.150174
0.766054
1.086363
1.015965
0.823723
0.746165
0.905502
1.303331
0.576706
0.667440
1.424052
0.199815
1.010783
0.948928
0.952991
0.412775
0.909378
1.570330
0.933772
0.914816
1.003601
0.860935
0.230625
0.904808
1.173284
1.384996
0.897542
0.943970
1.158759
1.171397
1.038955
1.576113
0.575827
0.682388
1.314591
0.761249
1.024106
0.597924
1.000666
0.759574
0.659072
0.747396
0.583771
0.794523
0.659197
1.086207
1.433440
0.801343
0.780343
0.447317
0.886742
1.361917
0.594538
0.976034
0.867609
0.501090
0.515560
0.767268
1.338955
0.512427
0.624870
0.980279
0.923109
0.888424
0.718699
0.232686
0.466434
1.322231
0.954444
0.801319
0.782859
0.627785
0.740367
0.745403
1.059629
0.566979
0.986416
0.394629
1.021266
0.965042
0.738650
0.798729
0.953120
0.997042
0.900638
0.718437
0.925640
0.749978
1.323284
0.588169
0.135117
0.931111
1.084742
0.957690
0.905198
0.880011
1.215322
0.961191
1.293581
0.938942
1.030421
1.118286
0.709457
0.770214
1.018663
1.184596
0.937374
0.827689
1.613325
0.545850
0.899000
1.049018
1.012256
1.418081
1.133773
0.781773
1.302998
0.893640
1.013184
1.167427
1.468001
0.290764
0.797630
0.712652
0.924317
1.356180
0.655512
0.823023
0.590344
1.267577
1.105883
1.389831
0.920871
0.707483
1.204430
0.694960
0.389306
0.872923
0.642391
1.256105
0.550446
0.477084
1.260018
0.546506
1.332272
0.638518
1.453659
1.215441
0.788339
1.489142
1.755705
0.722329
1.054521
0.493532
0.851211
0.247342
0.935744
1.367584
0.720286
0.944760
1.352421
0.353717
1.088284
0.946366
1.140745
0.889146
0.765086
1.111345
0.583080
0.886496
0.716161
0.600856
0.803042
0.812220
1.002845
0.970920
0.960599
0.939122
0.507634
0.868993
0.690433
0.789241
1.109548
0.917654
0.659334
0.594214
1.182714
0.354696
0.949345
1.202184
0.484955
1.377894
1.247531
0.680627
0.744074
0.841289
0.807629
0.866215
0.704645
1.033966
0.919463
0.593435
1.289083
1.350693
0.777853
0.633778
0.863919
0.905965
1.158516
1.231424
0.940628
1.481881
1.166032
0.475428
1.412042
0.454960
0.374234
1.107102
0.669942
0.700547
0.680109
0.620862
1.233732
1.082446
0.498870
0.774365
0.714672
0.677084
0.556554
0.796096
1.025737
0.761129
0.916776
1.224688
0.933521
1.476342
0.455234
0.793123
1.034061
1.111172
1.058431
1.618298
0.496288
0.805288
0.568339
0.951883
0.331509
0.844574
1.085154
0.866283
0.843210
1.449808
1.187449
0.777576
0.733804
1.128956
1.329574
0.698929
0.662111
0.587381
0.726337
0.879938
0.682157
0.389492
0.822374
0.949190
1.193177
1.572695
0.405051
0.642395
0.837508
0.408209
0.758980
0.968244
0.861584
0.622919
1.126565
1.300573
0.868917
1.064379
0.774970
1.190514
0.878276
1.369954
0.613541
1.206419
0.379047
1.509001
1.009940
0.495102
0.641545
0.464849
1.136467
0.849331
0.995250
1.183888
1.419131
0.929513
0.916313
0.679440
0.621587
0.446825
1.268699
1.276820
1.186883
0.783063
0.985980
1.364637
1.148754
1.010544
1.213928
1.233808
1.471373
0.486312
0.408690
1.035987
0.609384
0.911242
1.080546
1.221614
1.208848
1.031022
0.810617
0.818034
0.811338
0.463222
0.727318
0.257905
0.661635
0.631068
0.586135
1.250235
0.772543
1.480186
0.972420
1.336863
0.845100
1.442791
0.981373
1.106710
1.078874
1.157947
0.921128
0.771574
0.862536
0.723778
0.687514
1.264282
0.844445
1.493915
1.166626
0.760052
0.545859
0.119416
0.634455
1.015482
0.972975
0.914397
1.363112
0.663441
0.404507
1.001779
1.093115
0.927030
0.650827
1.015449
1.433383
0.937455
0.773487
0.980909
1.230674
0.633855
1.409280
1.698132
0.660490
0.854880
0.979198
1.276205
0.702214
0.808307
1.119391
0.807345
1.390747
0.599918
1.145338
0.852821
0.685593
0.518354
0.854966
1.171497
0.681997
0.763334
0.634624
1.358286
0.916144
0.638939
0.790369
1.241728
0.397501
0.862657
1.117771
1.137138
1.001584
0.658359
1.041888
1.043717
0.933027
1.382677
0.532677
0.430636
0.971325
0.968305
0.645151
0.748717
0.743777
0.842108
0.716026
0.816428
0.991710
1.068203
0.833680
0.780273
1.267053
1.678721
0.992963
1.284336
1.369372
1.321903
0.841208
0.990922
1.124141
0.748228
1.101047
1.074119
1.120777
1.078129
0.950316
0.803949
0.671487
1.076845
0.358831
1.018408
0.773284
1.074377
1.422287
1.339134
1.096453
0.618781
1.027329
0.618078
1.032221
0.764785
1.525092
0.884304
0.966505
1.164653
1.036903
0.488493
0.507433
0.610825
1.313195
0.787962
0.840007
0.678612
0.896046
0.403169
0.742485
0.738998
1.014766
1.151318
1.084769
0.646250
0.854674
0.648280
1.525332
0.897412
0.963452
0.212691
1.214432
0.833882
0.781592
1.148520
0.948858
1.482819
1.156429
1.029507
1.323087
1.233671
0.915184
0.290086
0.523600
0.563833
0.502125
0.760276
1.037473
0.660000
0.523094
0.962756
1.129461
1.307063
0.501061
0.434028
0.859877
1.013265
0.398799
0.555228
1.046561
0.836594
0.749053
1.062722
1.455243
0.823423
1.025297
0.613335
1.016635
0.459479
1.198497
1.015069
1.028626
1.330968
0.970124
1.602387
1.032123
0.885750
0.665697
0.912647
0.659959
1.152153
1.156773
0.546427
1.422272
0.755639
0.906715
0.908654
1.288082
0.873775
0.848842
1.267854
0.747620
1.019416
1.255051
1.149751
0.676367
0.980789
1.138732
0.417160
1.465028
1.088346
0.833328
1.338390
0.933865
0.552829
1.624252
0.799981
0.476408
0.593352
0.625102
0.771387
0.499819
1.213855
1.165337
1.088428
1.215993
0.817377
1.099595
1.235642
1.232137
0.849719
0.554638
1.215914
0.386217
0.759775
0.917388
0.686831
0.647858
0.741073
1.214904
0.548106
0.512449
0.457625
1.589706
1.359196
0.748293
0.977732
0.984880
1.514093
1.066618
0.276731
0.810281
0.562970
1.341329
0.930965
1.107296
0.511718
0.641734
1.206937
0.864313
0.723781
0.724098
0.564716
0.768032
0.736871
0.543312
0.583018
1.635318
0.701673
1.154140
0.645624
1.050099
0.981838
0.754979
1.301344
0.652555
0.521816
0.944809
1.276301
0.589535
1.110528
0.879721
1.099878
0.974011
0.780291
1.307351
1.000018
1.149451
0.988108
0.522285
1.114213
0.720278
1.066862
0.223229
1.128465
1.095596
0.400042
1.055683
0.691732
0.833048
0.405094
0.887739
1.098181
0.419741
1.279327
1.108473
0.391384
1.298254
0.767991
0.876780
0.758576
1.098763
0.778378
0.466341
0.815142
0.939625
1.143415
1.245335
0.717823
0.955287
1.029230
0.481314
1.143247
1.004899
0.995658
0.780181
1.227468
0.697810
0.795089
1.088963
0.521574
0.317810
0.913455
0.939141
1.123419
0.967689
0.610716
1.226361
0.766899
1.321573
1.198807
0.771852
0.453223
0.843462
0.847353
1.206525
1.024215
1.341097
0.744699
0.234023
1.170691
1.172467
1.081843
0.767202
1.025535
1.227395
0.938353
0.971902
1.157316
1.059126
0.350973
0.503791
1.434016
1.020113
1.194560
1.066932
0.979273
0.804935
1.058544
0.591835
0.830771
1.331019
1.135455
0.632760
0.848016
1.111128
0.560749
0.635483
0.536550
1.170833
0.965762
0.578280
1.083423
0.671735
0.541214
1.013441
0.709148
1.095745
0.997918
1.430051
0.497794
1.263820
1.335254
1.118484
0.775006
0.901501
0.775753
1.356141
0.990094
0.940003
0.750789
0.976233
0.538856
0.320594
1.525991
0.902524
0.783266
0.767655
0.894748
0.899595
0.558590
0.113119
1.297382
0.524172
0.897122
1.541620
0.708243
1.379884
1.001560
0.920573
0.748071
0.755722
1.225314
0.716765
0.824561
1.197511
0.855451
1.388314
1.255927
0.614199
1.680996
0.868024
0.455779
1.098896
1.002141
0.554572
0.548569
1.029980
1.465667
0.620231
0.919964
1.156006
0.845931
0.975188
0.532088
1.032894
1.268886
1.362384
0.877638
0.669755
0.381103
0.618250
1.039291
1.079589
0.923951
1.520162
0.854367
0.837059
0.946598
0.865459
1.032378
1.320591
0.741030
0.694961
1.735027
0.995368
0.620168
1.030844
0.960397
0.545839
0.562737
0.577004
1.018646
0.281267
0.489022
1.297856
0.824617
0.706622
0.566299
0.465112
1.245358
0.495018
0.280558
0.368801
0.581029
0.983516
1.256497
0.734216
0.552522
0.795714
1.308720
1.233381
1.463584
0.350025
1.032497
0.980684
1.377181
0.594441
0.950402
1.314970
0.576037
0.600527
0.739687
1.068439
1.028083
1.199649
0.951934
1.127705
1.182573
1.383028
0.309717
0.844860
0.339274
0.930687
0.792832
0.827433
1.220719
1.262820
0.932854
0.733650
1.118033
1.102842
0.725896
1.117072
0.539944
1.285466
0.963930
0.650708
0.871969
0.437888
1.136917
0.665718
0.877401
1.431539
0.939214
1.034582
0.963083
1.368731
0.810060
0.453083
1.103127
0.800310
1.254367
1.365128
0.595155
1.065252
0.883129
0.800547
0.592268
0.644915
0.811251
0.870872
1.044687
0.855480
0.556535
0.517999
0.975481
1.178773
0.901090
0.669215
0.726323
0.472640
1.026426
1.078266
0.729243
0.900037
0.442127
1.709895
1.285637
0.771093
0.896483
0.368368
0.470321
0.729600
0.946901
1.111697
0.627543
1.439014
0.611253
0.536093
1.021741
0.302456
0.779497
0.961200
1.278322
0.872054
0.471155
0.502441
0.974728
0.466116
1.403410
0.566392
0.721177
0.775594
0.678613
0.522207
1.413460
0.672785
0.905617
0.449417
1.089005
1.001698
1.190692
1.240543
0.418712
1.173919
0.991968
0.696146
0.996100
0.475631
0.798039
0.695035
0.992139
0.572231
1.074347
0.915250
0.605888
0.809972
0.486562
0.602030
0.622093
0.787480
0.762066
1.600725
1.094259
0.984555
0.638060
0.525035
0.275648
0.735838
0.924758
0.471078
0.825719
1.282709
0.836295
1.118007
0.775812
1.115397
0.946243
0.709722
1.369595
1.226473
1.143330
0.833437
1.231629
1.178528
1.275995
0.823573
0.513425
0.770453
0.718685
0.786017
1.284940
0.481346
1.075039
0.611037
0.190320
0.245456
1.054264
1.054310
0.670827
0.868477
1.565470
0.953477
0.989177
1.030492
0.716630
1.020362
1.427361
1.040709
0.502615
0.662142
1.074416
0.803344
0.675230
1.180120
0.999304
1.471896
1.064954
0.597618
1.055946
1.025295
0.501872
0.613434
0.364168
0.347992
1.076591
0.796440
1.131746
1.070834
1.110912
1.117188
0.401830
0.997024
0.345086
0.416248
1.155810
0.721349
0.562688
0.376244
0.858530
0.912601
1.371389
1.197753
0.612462
0.415265
0.986526
0.997612
1.060794
1.365001
0.417884
0.848843
0.611556
0.508042
0.513011
0.162477
0.288859
0.757774
0.847872
0.610006
0.455029
1.121569
0.141478
0.758374
1.085910
0.849898
1.524576
0.796109
1.010530
0.650933
1.353737
0.598239
0.861657
0.834278
1.391189
1.194066
1.368417
1.100840
1.365688
0.470604
0.763102
0.514119
0.667512
1.706251
1.129064
0.922789
0.637938
0.988135
1.102525
0.472962
0.492605
0.544692
0.816186
1.081767
1.038168
1.541838
1.100586
1.196213
0.686837
1.157235
1.546019
1.021464
0.996211
1.500359
1.424678
0.715213
0.709075
0.895742
0.491113
0.565594
0.709304
0.611370
0.640694
0.527076
0.856276
0.648000
0.884165
1.060093
0.264741
0.696985
0.884665
0.674812
0.618456
1.198421
0.799382
0.567998
1.145291
1.056956
1.167906
0.935562
0.879831
0.972071
0.338945
0.877214
1.415861
0.579851
0.662902
0.513247
1.148496
0.959737
0.982185
0.524094
0.915132
0.695568
1.412389
1.179908
1.052547
1.279622
0.882055
1.090223
1.631795
0.963828
0.864658
1.093555
1.097149
0.440372
1.224367
0.718014
1.120186
0.624732
1.360685
0.263718
1.285937
1.091444
0.543504
0.549015
0.498445
0.517018
0.658294
0.351044
1.421387
0.959187
1.401127
0.799749
0.268065
1.240239
0.889799
0.780072
0.586990
0.943843
0.923788
0.791393
1.017981
0.860420
0.962732
0.606751
0.881073
0.724319
1.037738
1.133290
0.739131
0.990135
0.558896
0.939178
0.972593
0.867294
0.902760
0.710249
0.715554
1.197264
1.114640
1.158934
0.776663
1.366533
0.667713
0.952705
0.777115
0.848447
0.559395
0.734595
0.966237
0.758742
0.489110
1.368266
1.837902
0.792654
0.706795
0.524383
0.855474
1.519297
0.670771
1.078990
0.715891
0.458796
0.855882
0.721640
0.909697
0.648417
1.250435
1.256966
0.507117
0.834556
0.981015
0.893692
0.703014
0.641393
0.623435
1.274729
0.581847
1.281538
1.307450
0.596058
0.554374
1.196122
1.114794
1.021057
0.437090
0.963962
0.963352
0.677968
0.991690
0.968472
0.514519
0.785065
1.205662
0.599317
0.880256
0.647801
1.062850
1.171621
0.695119
1.151528
0.804495
1.399264
0.656021
0.785365
0.996216
0.574139
0.547400
0.780052
1.405836
0.890241
0.926324
0.238984
0.341351
0.562245
0.860596
1.169727
1.276876
1.294710
0.993991
0.593524
1.769717
0.833768
0.701680
0.730317
1.161105
1.451463
1.105085
0.665361
0.748185
1.157620
0.279760
1.290101
1.369597
1.264703
1.067004
1.287916
0.826510
0.776756
0.470686
0.562434
0.700268
0.889577
0.989743
0.452940
1.208161
0.395160
0.467456
1.017957
0.800521
1.244100
1.026741
0.572437
1.043094
0.858581
1.290106
0.283128
1.210837
1.132113
0.464291
1.363483
0.892839
0.895033
0.747051
0.691800
0.379017
1.327571
0.662570
1.355061
0.825623
0.652997
0.452020
0.231832
0.785777
0.996727
0.501267
0.668210
0.719404
0.933359
0.419061
1.477772
0.575746
1.098522
1.553916
0.731802
0.460865
1.348506
0.894699
0.999357
0.986585
0.664241
0.409076
0.732269
0.436312
1.212735
1.335560
1.236050
0.315687
0.429068
1.383323
0.769521
0.664784
1.524870
0.814905
0.529078
1.498959
0.518109
0.755589
0.696665
0.889063
0.679819
1.618834
0.689142
0.797446
1.422964
0.596084
0.770674
1.400325
0.535756
0.618475
0.679924
0.481015
1.180360
1.016657
0.489184
0.983163
1.883795
0.724319
1.006849
1.119726
0.650895
1.165288
1.368717
0.726555
0.984839
1.518318
0.710855
0.495742
0.546130
1.328638
0.688974
1.116045
1.051373
0.918324
0.704875
0.910993
1.089123
0.867140
0.701798
0.380850
1.393957
0.831599
1.144979
0.419075
0.728532
0.753114
1.253644
0.731858
0.720819
0.641688
0.952432
1.169982
1.332186
0.806738
0.735891
1.266759
0.510217
1.317854
0.778467
0.812977
1.277833
0.808840
0.884862
1.122531
0.446199
0.922397
0.181737
1.096700
0.807906
0.954581
1.068569
0.617587
0.954547
0.768248
0.829997
1.180603
0.690326
0.918260
0.817569
0.711769
0.776697
0.960982
1.047713
0.730946
0.999019
0.775806
0.687936
0.488737
1.161522
1.199276
0.742890
0.554759
0.521747
0.465366
1.025735
0.803595
0.237411
1.031765
0.546417
1.448728
0.780533
1.327969
0.543292
1.195171
1.307568
1.111984
0.752479
0.862583
0.725073
1.127504
0.670350
0.668791
0.525892
1.136918
0.755163
0.765354
1.188010
1.358001
0.790173
0.553512
1.005193
0.596469
1.041054
0.525902
0.923149
0.422254
0.431293
1.652317
0.959395
1.569786
0.578859
0.902082
1.226168
0.273167
0.678991
0.424189
0.456846
0.948288
1.324178
1.666574
0.807751
0.357219
1.240351
1.152682
0.719966
0.904300
0.237545
0.870515
0.525552
0.439473
0.549783
1.019363
1.208552
1.043203
0.880283
0.892993
1.738006
0.383213
1.362187
0.957982
0.629436
0.741463
1.549196
1.489340
1.006990
0.446120
1.653094
0.522405
0.612224
0.976859
0.694268
0.690391
1.189276
1.367917
0.792509
0.822856
0.536868
1.360654
0.886622
0.806323
0.516221
0.760386
1.023039
0.495719
1.296327
0.449887
0.431143
0.577525
0.878232
1.585997
0.923386
0.850527
1.308708
0.817586
0.808021
1.144758
0.878277
0.691945
1.016123
0.885654
1.456060
0.636744
0.354493
1.074527
1.438803
0.664906
1.641757
0.282818
0.839994
1.118706
1.200427
0.918831
0.505724
1.117641
1.040496
0.699055
0.670860
0.714233
1.162583
0.861831
0.492723
1.141455
1.383743
0.834571
1.327159
0.577093
0.863156
0.774507
1.229158
1.057594
0.837356
1.570053
0.305545
0.935006
1.353285
1.167627
0.526687
0.524639
0.447970
0.918725
0.701582
0.974907
1.358529
0.633241
0.294166
0.193553
0.444599
0.742113
0.618558
0.683589
1.106476
0.928227
0.553892
0.728547
1.001720
1.154154
1.079479
0.865297
0.516554
0.623897
0.862050
1.039744
0.604225
0.815483
0.371139
0.505554
0.675304
0.846445
1.057670
0.689547
0.887949
1.001258
1.071367
1.415016
0.634046
0.733220
1.285729
1.031311
1.381683
0.485596
0.922591
0.637251
0.404757
0.417539
0.464940
0.851471
0.979985
1.392512
0.697807
0.857762
1.280996
0.834457
0.964332
0.921332
0.997301
0.574741
0.720672
0.802195
1.542852
0.161144
0.722413
0.909226
0.485201
0.705163
0.804063
1.005133
0.571709
0.919039
0.757927
0.876886
1.176455
0.515391
0.717345
0.651587
1.039939
0.807365
1.075386
0.978882
0.776294
1.456545
0.680611
0.945939
1.204209
0.573144
1.347423
1.078994
0.823909
0.749662
0.832151
0.879868
0.859202
0.947137
1.386825
0.608134
1.284017
0.654785
1.357251
1.011521
1.504243
1.047045
0.843855
0.913116
0.939826
0.770074
1.380450
0.539122
0.468562
0.920637
0.902391
0.940094
0.556359
1.249912
1.481881
1.451644
0.422096
0.571861
0.491627
0.747940
1.324602
1.061102
0.439000
1.132634
0.930113
1.121179
1.123425
1.238007
1.082773
0.553433
0.241920
1.272132
1.175599
1.001779
1.180162
0.619448
0.266722
0.943343
0.934292
0.578207
1.103655
0.759652
1.396634
0.786828
0.876062
0.762167
0.853241
1.160042
0.377519
1.434604
1.182794
1.352919
0.991996
0.867678
0.507672
1.133705
0.864123
1.313115
1.250439
0.967275
0.969662
0.875467
0.865655
0.798426
0.858002
0.865112
0.689559
1.215283
1.514391
0.966437
0.738910
0.891152
0.703989
0.868633
1.165073
0.611303
0.714821
0.522524
0.785169
1.583887
0.712358
1.395202
1.024575
0.748924
1.404094
0.835859
0.670378
0.923801
0.440587
0.628612
1.111611
1.425487
0.606219
0.728777
0.288354
1.170514
0.904594
0.997077
0.958537
0.846737
1.450067
0.406646
1.060824
0.557479
0.822807
1.252879
0.985995
0.685503
0.909084
0.865979
1.047611
0.891229
0.601157
1.121165
0.899815
0.712476
0.951029
0.504723
0.666638
0.864305
1.265042
1.241134
0.450919
1.432310
1.027724
1.189090
0.916094
1.576010
0.713929
0.606553
0.590887
1.127407
0.760876
0.676607
0.919958
1.468177
0.856551
1.010333
0.726858
0.965014
1.041658
0.936289
0.842489
0.967825
0.731325
1.049899
1.070834
0.926768
0.884109
1.031259
1.135038
1.004974
1.353320
0.991907
0.728849
0.639958
1.001325
0.798633
0.197535
1.064580
0.341874
1.168791
1.014249
0.608776
1.304990
0.627452
1.031362
0.986797
1.416912
0.708084
0.494911
1.068519
0.938998
1.065296
1.105617
1.295544
1.174221
0.596315
1.448928
0.739450
1.421807
0.744802
0.582879
0.575196
0.424752
1.140200
0.879880
1.098267
0.570982
1.405328
0.763806
1.343684
1.159435
1.012571
1.128643
1.340759
0.199709
0.925495
0.787941
0.497127
0.534067
0.320542
0.314855
1.090387
1.052166
1.082599
1.685983
1.081046
0.833903
0.708175
1.096277
1.223988
0.776022
1.239284
0.584671
1.166787
1.215597
0.744315
0.592050
0.831771
0.502785
1.113940
0.879824
0.824574
0.830465
0.520868
0.537770
0.788259
0.734748
0.886135
0.520276
0.553607
1.333528
0.910406
0.953569
0.941719
0.810426
1.507544
0.537500
0.735370
0.962665
0.612080
1.110886
1.228524
0.827634
0.749698
0.975805
0.876876
1.309737
0.487323
0.678662
1.161618
0.980506
1.062865
0.538709
0.976399
1.137940
0.933622
0.480103
1.342402
0.665938
1.005186
0.444781
1.357330
1.071937
0.658889
0.925881
0.879034
0.420483
1.036551
0.982642
0.665327
0.905034
1.041522
0.503758
1.059144
1.087776
0.836018
1.085076
1.269318
1.180764
0.776719
0.399089
0.880188
0.537539
0.944176
0.892872
1.305838
0.424712
1.226046
0.810725
0.952467
0.734036
0.933110
0.376426
1.139678
1.428299
1.158504
1.306242
0.405327
0.648326
1.006555
1.018060
0.342141
0.915862
1.021898
1.059716
1.436247
0.786999
1.150440
0.238825
0.281833
0.758058
0.782568
1.093790
0.660607
0.943200
0.965634
1.125965
0.601093
1.017978
0.704039
0.998425
1.483409
0.692019
1.198519
0.606641
0.652622
1.036195
0.553929
0.833505
1.658331
0.574478
0.864163
1.019537
1.543749
0.583352
1.153426
0.439533
0.994654
0.528375
0.553224
0.580452
1.124577
0.289344
0.815539
1.230623
1.170150
0.911179
0.409440
0.467576
0.866409
0.718974
0.480108
1.091019
0.787545
1.200844
1.412369
0.736163
1.115398
1.084022
1.460160
0.712748
0.424406
0.617694
0.879748
0.809340
0.921366
0.454262
1.160207
0.930615
0.944585
1.061013
0.579634
0.532396
0.870081
1.051162
0.864229
0.946571
0.655646
1.070609
1.275685
0.592710
1.418245
0.755101
1.470246
0.926596
0.794347
0.283859
1.010985
0.717004
1.329677
0.838082
0.911418
0.351446
1.001217
0.947744
1.209368
0.721510
0.661060
0.866599
0.727126
0.913823
0.504319
1.353255
0.890414
1.354853
1.171869
0.498124
0.673095
1.548399
0.896034
0.923737
0.889664
0.913259
1.116546
0.962586
0.579682
0.909127
0.244542
0.389771
1.029039
0.969161
0.924268
1.017389
1.010116
1.050730
1.055871
1.175087
0.559134
0.768777
1.021743
0.855282
1.237852
1.046257
0.845010
0.592513
0.871890
0.605894
0.688736
0.694033
1.136186
0.495861
0.830450
1.377326
0.564881
0.596073
1.019575
0.734185
0.952741
1.248989
0.718674
0.869736
1.095201
1.027445
0.930988
0.823262
0.746465
0.499123
0.757644
0.273364
1.038858
0.853944
0.961769
0.807943
0.976462
0.651097
0.673705
0.628669
0.725293
0.929984
1.295749
0.552171
0.962184
1.060037
1.375695
0.744236
0.867555
1.107182
0.696006
0.836502
0.700700
0.594476
1.148238
1.240723
0.929185
1.049947
1.014179
0.950041
1.024536
1.264542
1.459133
0.770564
0.921209
0.892598
0.646260
0.856665
0.448136
0.652456
0.387401
0.699727
0.661050
1.355082
0.593638
1.036186
0.923803
0.584691
0.791227
0.687931
0.890907
1.007848
0.736553
0.871512
0.668110
1.062090
0.474132
1.028129
0.980701
0.660393
0.803391
1.140749
0.862173
0.729021
0.821039
0.586558
1.258802
1.079235
0.798481
1.172011
0.777510
0.828581
0.788734
0.889437
0.945236
0.155013
1.089052
0.761195
1.046891
0.445022
0.461581
1.067544
1.006314
0.733148
1.060594
1.200136
1.241336
0.888094
1.186184
0.849354
0.635145
1.325098
0.578192
0.526529
1.016409
0.949778
1.024897
0.783654
1.090076
1.262549
0.736132
0.815688
0.666538
1.445131
1.287762
0.526598
1.096696
1.207967
0.863883
0.931384
0.489705
1.053589
0.613187
1.225848
0.830328
0.827657
0.505052
0.982078
0.571207
1.189110
0.810685
0.882125
0.778048
1.124661
1.143961
0.205118
0.712629
1.075037
1.026137
1.040698
0.602646
0.273441
1.206791
0.709010
0.990644
1.186430
1.317568
1.121220
0.689846
1.367441
1.386038
0.765031
0.726060
1.136272
1.047008
0.434738
0.662867
0.721817
0.782956
0.862312
1.270729
0.517715
0.786355
1.193060
1.001834
0.904915
0.811982
1.146002
0.333278
0.987510
1.004471
1.380358
0.489818
0.650612
1.020869
1.274739
0.902815
0.856553
0.297179
1.389078
0.723996
1.257852
1.076790
0.896927
0.690320
0.109302
1.569494
1.144216
0.969461
0.778067
1.099719
0.996435
0.597861
0.399533
0.523291
0.809553
0.822152
1.071573
1.004534
0.363264
0.805677
1.056830
0.514401
1.178418
1.164211
1.620012
0.924683
0.671410
1.292175
0.880787
0.361868
0.667653
1.026296
1.117624
0.760173
0.996011
1.047648
1.003973
0.695613
0.570224
1.013987
1.468840
0.814512
0.718248
0.719869
0.800580
1.127496
0.556917
1.078155
0.767074
1.214887
0.972226
0.660442
0.974603
1.449920
0.643606
0.924362
1.126744
0.814830
1.112502
0.260502
0.530939
1.326148
0.815818
1.041833
0.923597
1.270279
0.503079
1.160906
1.190158
1.136769
0.987031
1.412439
0.602104
1.030197
0.452752
0.804477
0.939566
0.700877
0.801739
1.175121
1.092533
0.959756
0.665373
1.074969
1.085717
0.776584
0.830145
0.738895
1.191734
1.111453
1.002164
0.853055
0.790247
0.753993
0.574233
0.931912
1.029837
1.068491
0.655108
1.122585
1.454848
0.740375
1.162066
0.729844
1.628234
0.564164
0.285963
0.863812
0.719476
0.682869
0.723733
1.172106
0.866350
0.793473
0.790692
1.170697
0.697827
1.280108
0.678458
1.062360
0.226818
0.785504
0.739202
0.437434
1.003068
0.938702
0.699157
0.587678
1.538696
1.075301
0.738792
0.791589
1.021808
1.165407
0.532667
1.131413
0.813636
0.933273
0.938240
1.145020
1.201367
0.477320
1.103088
0.923152
0.433317
0.683728
1.285000
1.415153
0.988613
1.205145
1.125314
0.919709
0.719698
1.137730
0.664895
1.021403
0.964608
1.288826
0.725275
0.763748
0.809247
1.146323
0.834972
0.984548
0.457360
0.802025
0.904279
0.960987
0.670740
1.187965
0.782899
0.934387
1.224361
1.508998
1.076051
0.713676
0.240649
1.004394
1.272434
1.084145
1.136055
0.459434
0.905498
0.229467
0.746486
1.177319
0.817763
1.612591
0.812490
1.240476
1.019487
0.260891
1.031608
0.951575
0.659613
1.485776
1.117202
0.740783
0.833617
0.859842
0.497760
1.204781
0.751774
1.649996
0.396477
1.061720
0.930977
0.664641
1.091073
1.084166
0.737245
0.985281
0.734211
0.847484
0.714038
1.033197
1.216267
0.674467
0.715131
1.135411
0.962592
0.895048
0.790107
1.138387
0.573745
0.697343
1.311943
0.808470
0.759020
0.624183
1.024921
0.693127
0.956744
1.151599
0.554871
1.234153
0.903753
1.175176
0.781121
0.617357
0.897661
0.793190
1.012843
0.633951
0.930433
0.937305
0.820133
0.401679
1.324397
0.688984
1.425049
1.125097
0.763082
1.282615
1.134447
0.685294
0.635061
0.527141
0.759936
1.109277
0.751784
0.569320
1.201370
0.805293
1.032367
1.159330
0.835629
0.644249
1.133065
1.201524
0.841874
1.221638
0.337094
0.881804
0.582457
0.707810
0.868542
1.048964
0.545426
0.955190
1.125755
1.210333
0.707212
0.870034
0.462489
0.881323
1.199164
0.999549
0.958561
0.787435
1.026479
0.779727
0.549652
0.434680
1.450682
0.873188
1.003232
0.493206
0.751300
1.556839
0.993221
0.820358
0.729740
0.887537
0.798539
1.179800
0.547922
1.284008
0.563031
0.781277
1.299939
1.310210
1.067491
1.629940
0.868388
1.095241
0.733771
1.243902
1.080238
1.220384
1.047037
0.850336
1.021051
1.010087
0.799500
0.607446
0.826603
1.029777
0.515151
0.903322
0.989737
0.330120
1.042328
1.042554
1.212777
0.969149
0.983098
1.081503
0.940053
1.221211
0.985196
0.871414
1.310651
0.551382
1.199295
0.697835
0.873684
0.925850
0.500852
0.768314
0.406526
0.774432
