0.277727
0.614701
1.762809
0.538597
1.826280
1.005493
1.454991
2.689834
1.005708
0.624527
0.691745
1.189394
1.112614
0.764562
1.795859
0.769827
0.201254
0.362613
0.749955
0.720563
1.115807
0.553744
0.614110
0.586598
0.196980
0.796923
2.506503
1.069431
0.343871
0.890122
0.226815
0.605271
0.165265
1.242318
0.167148
0.495794
1.779108
0.413022
0.044415
0.028527
0.543524
0.250482
1.768826
0.836856
0.151091
0.197419
0.354909
0.219573
0.589381
0.422130
1.310703
0.414739
0.172795
1.063161
2.296539
0.301204
2.167329
0.836009
1.029235
0.030999
0.964258
0.082029
1.921252
0.461092
0.949934
1.328304
2.795607
2.100893
0.279574
0.630720
0.906687
0.735348
0.067133
2.095794
2.100354
1.865391
1.961678
0.315224
0.660603
1.456030
0.070551
0.544770
0.730478
1.322291
0.689462
1.313504
0.812028
0.542339
0.721292
0.235940
1.151888
1.491717
0.676273
0.529889
1.287544
0.678157
1.820304
2.339593
2.017532
0.913987
0.261861
1.233245
0.550207
0.684366
1.729688
0.828553
1.371022
0.343796
0.763964
0.749090
2.030900
1.085202
0.358897
0.771619
0.617562
0.655310
1.065568
0.446608
0.766928
0.820826
0.417275
0.736696
1.040299
1.054479
0.220727
0.230398
0.202461
1.004683
0.828896
1.602416
0.280358
0.959515
1.506522
1.278152
1.677187
1.652980
0.698858
0.615108
0.509232
0.818350
0.957533
0.668970
1.121351
0.139013
0.726128
1.387140
0.970849
0.487830
0.440850
0.707770
1.386585
0.531995
0.132313
1.407382
1.018858
1.636199
1.466947
0.139667
1.943313
1.267220
0.370177
0.342549
0.760303
0.306113
1.390639
0.585775
0.964754
1.281128
0.427394
0.921547
0.295456
0.881827
0.953964
0.391859
2.262328
0.311316
0.060916
1.541923
0.537983
1.747178
2.360505
0.688441
1.195148
0.788896
0.847207
0.677122
1.449347
1.605813
2.851276
0.975662
0.099389
0.360620
2.274332
0.897100
1.552990
0.297740
0.582228
0.205897
0.275960
2.575022
1.426712
0.575900
0.734504
0.865176
0.510849
0.359808
2.179661
0.264956
0.178082
1.159508
0.807395
1.359717
0.683554
0.509808
0.795847
0.197390
0.866632
0.692841
0.261943
0.402427
0.133000
2.074010
0.514305
1.703653
0.578541
1.559221
0.973549
1.079505
1.448695
0.114090
0.960034
0.446904
1.392367
0.210804
1.821292
0.362897
1.606513
0.367234
0.695258
0.236469
1.064508
0.311268
0.960578
0.747476
0.558198
0.518038
0.961682
0.353236
0.661514
1.216594
0.449200
0.730274
0.685547
0.480438
0.308912
0.666511
0.474911
1.400209
0.465102
0.534795
0.982890
0.019238
0.322918
0.371875
0.513525
0.985756
1.611849
1.593266
0.324308
0.301230
0.524336
0.970664
1.671709
0.168107
2.304163
0.442064
0.153303
0.922000
0.650154
0.380316
0.163740
1.340263
0.656266
1.184607
0.454694
2.306564
0.880509
0.606981
0.765418
1.560193
0.255190
1.428446
0.422680
0.857839
0.510668
0.558103
1.272160
0.730874
0.665313
0.474767
1.433291
2.114186
1.257794
0.716917
1.424101
1.024436
1.320370
0.806772
0.452991
0.368261
0.845189
0.136520
0.221187
0.065263
1.202929
0.707835
0.887367
0.203822
1.532935
1.859822
1.224585
1.411959
0.481105
0.945820
0.721903
0.925435
1.601279
0.332027
0.562217
0.776887
0.906658
1.183333
0.224261
2.849886
0.269448
0.805841
1.263503
0.716189
0.483271
1.357930
0.218926
0.982949
1.041810
0.463201
0.883322
1.175552
3.519354
0.380802
0.431854
0.534439
0.562303
0.836818
0.364354
0.397932
0.706019
0.509996
2.571785
0.232963
0.447464
1.234594
0.924356
1.663106
0.785520
0.990525
0.494328
0.954970
1.265074
0.593254
1.969331
0.067321
0.847650
0.202074
0.569750
0.473163
1.306224
1.128474
0.635386
0.904552
1.067172
2.389114
0.403667
2.492391
0.883716
0.679159
2.326897
0.126088
0.442243
0.540501
0.252298
1.489839
0.445322
1.490403
1.360064
1.509486
1.227624
0.892594
0.423667
0.672865
0.471410
1.508243
0.357488
0.776793
1.002301
1.057570
0.779683
1.014814
0.174155
0.252715
2.047748
0.391199
0.682805
0.537000
1.429475
0.460343
1.054420
0.056779
1.340333
1.626850
0.094925
1.188953
0.237066
0.320486
0.121590
0.339094
0.880740
1.054971
0.278099
0.469773
0.410123
0.780480
0.786739
0.660712
1.586211
0.495421
1.673169
0.754504
0.255481
0.200604
0.164546
0.408972
0.767978
1.640338
1.922713
1.457614
1.187300
1.044780
1.610772
0.447385
1.260757
0.146011
0.548248
0.949765
0.195610
0.526966
0.195585
1.760544
1.264572
0.101516
0.423272
2.410513
1.069865
2.412155
0.861662
0.374287
0.906379
1.042074
0.183225
0.412345
1.640704
1.380922
1.098346
1.525787
0.710641
0.708889
0.514677
0.677322
1.572696
0.196754
0.996400
0.851010
1.260278
2.030288
1.161162
0.967469
1.110126
1.456414
0.269048
0.125098
0.602755
0.868961
0.508094
0.868738
1.063106
0.179313
0.206443
1.088880
0.906722
1.189261
0.518801
0.786817
0.745521
1.713839
0.075344
0.692664
1.031638
1.150192
0.697309
0.964833
0.444124
0.757536
0.197290
1.489467
1.642215
0.205005
1.519653
0.609923
0.966745
0.077069
0.831650
0.578207
2.603480
0.513880
0.783673
0.434835
0.520425
0.567138
0.839065
0.419488
1.561647
2.026858
1.174700
0.389856
2.416561
1.394241
0.348454
1.508662
1.312572
0.901353
1.047962
1.109174
1.777131
0.130768
2.652046
0.774160
1.557683
0.180066
1.778909
1.290545
0.368813
0.701741
0.855936
1.247155
0.992214
1.364342
0.626134
0.662218
1.857497
0.718575
0.104868
0.735816
0.733105
1.303102
1.162983
0.748271
0.685541
0.951240
1.808058
2.340392
0.112113
0.827598
0.157339
1.716480
0.429990
0.267326
0.669382
0.366259
0.938173
1.008398
0.696468
2.024613
0.409305
0.572588
1.383250
3.551516
1.666834
1.509406
0.347266
0.065574
0.876012
0.848517
2.854372
2.011483
1.023971
0.410005
0.203549
0.700749
0.402142
0.825790
0.464764
1.140403
0.315961
0.310155
0.720641
0.850133
0.346878
1.070295
1.260624
0.560747
0.991360
1.151361
1.537362
2.088790
0.467430
1.944663
0.210720
0.916982
2.015038
0.619319
0.109440
1.347122
1.089556
0.315965
0.471637
1.552285
1.270622
1.108242
0.872871
0.964355
1.532192
0.845020
0.171221
0.319824
0.893578
0.828101
0.437449
2.215952
0.405767
0.417277
0.435424
1.349787
1.206283
1.308892
1.070334
0.706153
0.064295
1.911096
0.522594
0.164788
1.226213
0.490123
1.956836
0.353034
0.810574
0.689560
0.634163
0.233721
1.383962
0.356475
1.760633
0.591065
0.376771
1.473524
1.111429
1.911097
1.587581
2.151954
0.730895
0.675971
0.812797
1.889432
0.969182
1.504988
2.307533
0.459570
0.473430
0.242416
0.487558
1.209353
1.111146
0.960644
1.109917
0.062983
3.163776
1.077469
1.653690
0.625332
0.943405
0.992512
1.855217
1.326427
1.063200
0.389382
0.482283
1.033874
1.248545
0.768662
1.316410
1.047440
0.887653
2.366375
1.832898
1.278214
0.514761
0.739580
1.646547
1.409698
1.352690
1.092816
0.128881
1.013953
0.513852
2.100158
1.137250
1.186114
0.227746
0.070392
0.962127
0.484644
1.334254
0.690890
1.446179
0.193985
0.854092
1.064684
0.790356
2.540970
0.418768
0.461089
1.119108
0.985544
1.857708
0.689718
1.526019
1.038505
0.512730
0.168698
0.175799
0.083634
1.141411
0.873646
0.021391
1.380899
0.479513
0.668449
0.681178
0.132298
0.953363
0.406296
1.107797
1.526087
0.277492
0.759213
0.201533
0.689764
0.373575
0.496645
0.397714
1.243705
0.801945
0.463799
2.422079
1.161566
0.090747
0.317568
0.463916
0.091323
1.106995
0.135211
0.926063
1.176956
0.225919
1.515409
1.293078
0.219112
0.893682
0.500256
1.618325
2.693648
1.999455
0.697389
0.184546
0.594674
0.091079
1.065579
0.378707
1.078269
0.049025
2.323503
0.085700
0.181194
1.011432
2.388545
0.450399
0.691250
1.750840
0.080078
0.993302
1.202116
0.466064
0.436941
0.522487
0.045938
1.094749
0.044504
1.435541
1.157489
0.746703
0.408142
0.646450
0.572677
0.115104
0.613475
0.236532
1.713024
0.443574
0.980493
1.465004
1.472202
0.434431
0.087436
1.090437
2.601170
0.275939
0.415162
2.186599
0.396274
0.835842
1.179791
2.074891
0.053692
0.774109
0.619006
0.764854
0.743593
0.576441
0.446846
0.267847
0.509994
1.191631
1.416360
1.896052
0.699405
0.154959
0.081004
0.306510
1.504900
0.958148
1.191543
0.655926
0.813177
1.175496
0.847011
0.435475
0.257959
0.807908
1.251907
0.821791
0.180143
0.891634
0.525874
0.401640
0.460505
0.253061
0.177802
0.968013
0.227148
0.669040
0.710512
1.248099
0.101609
0.322675
0.371299
0.407857
0.168797
0.970822
1.390452
0.065499
0.954095
0.416798
0.807589
0.426357
1.140864
1.047467
1.577518
1.924714
0.803823
0.137908
2.569509
1.218635
0.980291
0.399131
0.708848
0.272384
1.082272
1.498726
1.197181
1.709577
0.608957
0.834808
1.662511
0.621501
2.698897
0.401531
0.675742
0.847911
0.236830
0.227384
0.184375
1.547667
1.482004
0.344537
1.138907
0.436172
0.581939
0.145290
0.707977
0.839328
0.197263
1.320767
0.599719
0.738878
0.949287
1.371702
0.212122
1.812946
0.288922
0.726824
0.903255
1.129268
1.383315
1.950520
0.050425
1.532332
1.744871
0.239476
1.193721
0.093000
0.659541
1.278023
1.649806
1.965340
0.283180
1.968075
0.556055
1.559845
1.253549
0.163807
0.767292
0.416379
0.661603
0.380017
1.203003
0.839120
1.695999
3.006881
0.181702
0.121493
0.053305
0.243651
1.690892
0.402583
2.131671
1.160882
0.541207
2.029219
1.264193
1.294970
0.403667
1.929079
0.656697
0.261093
1.567753
0.793893
0.243063
1.105510
1.485460
0.902259
1.151824
1.478861
1.332950
2.131423
0.604112
1.889298
1.154030
0.156607
0.297452
0.648331
0.308603
0.486219
1.370347
2.336766
1.122373
0.447264
0.775808
1.096183
1.356440
0.152412
1.074185
0.858169
1.170012
0.518928
0.369373
0.370576
0.207601
1.337653
0.288537
0.501653
0.592755
0.703932
1.651845
1.309523
0.553333
0.807413
0.026503
0.153000
0.812180
0.444013
0.883820
0.683081
0.904160
0.065565
0.606710
1.426559
1.251518
0.134174
1.231330
2.432327
0.714605
1.596416
0.146699
0.735742
0.483342
0.247684
0.083193
0.024260
1.500523
1.310026
0.507338
0.755123
0.517133
0.172110
1.286463
0.541963
0.270823
1.037863
0.769764
0.211646
1.262496
1.284009
0.619933
1.340389
0.738513
0.537576
1.066065
0.664651
1.022779
0.284894
1.047990
0.636221
1.402843
0.447792
2.674371
0.531697
0.497029
1.018145
0.419794
0.678230
1.566569
0.075801
0.108650
1.432020
0.104570
0.775305
1.622513
0.098993
0.072463
1.250423
0.691742
1.474370
0.507428
1.165733
1.059978
0.697976
0.616741
1.088448
0.470536
0.182457
0.293266
0.793710
1.061795
1.242605
1.506076
1.226463
2.170734
0.422779
0.466300
0.868805
0.633003
1.910354
0.639680
1.468341
0.073403
0.596125
0.608683
1.086890
0.976249
1.101309
1.580925
2.692470
0.058251
0.595723
0.436435
1.054382
0.110879
1.339162
0.309355
0.779369
0.702128
1.353741
0.125072
0.900671
0.520869
1.133405
2.290560
1.845005
1.016662
0.549589
0.195783
0.353685
0.316606
1.910336
0.352681
1.264428
1.182068
1.582344
1.010138
0.923988
1.065435
0.072128
3.174461
0.453450
1.418188
0.507285
0.334286
1.071493
1.097548
0.893747
0.834565
1.579039
0.965245
0.676849
0.566512
0.061254
0.686958
0.189007
0.120032
1.216358
0.873717
1.002673
0.358961
0.816484
1.283384
1.296275
1.315956
0.423569
0.870992
1.532456
0.301327
1.322011
0.259079
0.219158
0.456226
2.046584
1.644627
0.509381
1.434444
0.576031
0.589750
0.820493
0.810949
2.149658
0.525637
0.498767
1.220118
0.117270
1.629385
0.365854
0.382953
2.073860
0.192226
0.947126
1.841870
1.312392
1.398514
0.168083
0.724735
1.393974
1.238981
0.276092
0.175085
0.395360
0.552772
0.883952
0.596159
0.152949
0.196450
0.672238
1.862584
1.018248
0.730377
1.040134
0.673223
0.182526
1.688595
0.059426
0.618987
1.965510
1.380033
0.518511
0.732448
0.785930
0.332354
0.182589
0.440664
0.024990
0.465693
0.605781
0.403671
0.951488
0.537740
0.931450
0.314535
0.387017
1.792947
1.307254
2.429115
1.144839
1.138831
0.997143
0.964916
0.351970
1.660418
0.226260
1.157850
1.031212
1.056303
1.355624
0.718628
0.887661
2.140046
0.948355
1.806223
0.084016
1.021738
1.975379
1.496622
1.151654
1.105661
1.039128
0.747980
1.533957
0.056435
1.229351
0.481550
0.889848
0.594695
0.369294
1.231904
0.150714
0.209210
0.670224
0.383328
0.495273
0.445562
1.338135
1.959848
0.066668
0.274215
0.689658
0.871623
0.587072
0.332505
2.620840
0.953869
1.023746
0.496363
0.468818
1.256858
0.446917
0.310478
1.235167
0.904757
1.245339
1.612338
1.715597
0.056069
0.915730
0.244695
0.274028
0.711919
1.135316
0.492990
2.313722
0.939848
0.326298
0.986992
0.722186
1.098278
0.360030
0.568593
0.739634
1.514029
0.510053
0.331554
0.396753
1.255378
0.610965
0.838042
1.492041
1.677968
0.647453
0.625296
0.725304
0.771982
0.722887
0.022328
0.252830
0.115698
1.312697
0.105631
0.465727
0.557771
0.190131
2.501053
1.328116
0.616529
0.923363
1.171613
0.295525
1.003529
0.342787
0.500167
0.883506
1.327268
1.330056
0.405207
1.381930
1.123501
0.902175
0.091558
1.250650
0.604670
0.418949
1.236794
0.305765
1.142965
1.048528
1.229211
0.783430
0.379477
1.425959
1.507823
0.768235
0.802203
0.897516
1.750528
0.648840
0.307041
0.554490
1.134753
1.281826
1.713230
0.741790
1.692380
0.837379
0.999891
2.423868
0.480656
0.724893
1.148506
1.598099
0.338619
0.647722
0.464297
0.071819
0.163744
2.313104
0.356055
0.481716
1.115468
0.769608
1.538969
1.537322
0.368999
1.201126
1.492739
0.552114
0.503123
1.254472
0.188049
0.103486
0.196625
1.386213
1.255986
1.428252
0.657836
0.689546
1.016576
0.389062
1.343806
1.448982
0.681894
0.666660
0.287521
1.109489
0.772222
1.826937
0.949238
0.127730
0.803462
0.146556
1.085536
0.769630
0.292940
0.803034
0.610350
0.449609
0.203280
0.956860
0.443034
0.139865
1.286048
0.930592
1.047495
1.588642
0.557945
0.320721
1.130208
0.989172
1.597594
0.521546
0.435763
0.554017
1.971897
0.881379
0.972829
1.026283
0.903776
0.662153
0.124767
0.342705
0.598417
0.389183
1.137661
0.635108
1.442336
0.662968
0.031162
0.570189
0.020777
0.835000
0.733641
0.756389
0.608323
1.803542
1.350243
0.595790
0.859305
0.906917
0.633552
0.564556
0.935613
0.742263
0.063996
0.915381
0.306160
0.147556
1.236979
1.335249
0.844195
1.761979
1.758563
0.333091
0.602255
0.407021
0.040648
0.267988
0.275148
1.394568
1.826467
0.484564
0.676587
0.399042
1.648020
1.170592
0.174054
0.841028
1.529459
1.273023
0.032066
0.430763
1.043579
1.063983
0.322838
0.148056
0.423718
1.007197
1.819630
2.000133
3.382748
0.987278
0.150814
0.604173
0.758550
0.309216
1.626461
1.568807
0.083812
1.770123
0.046850
0.564013
1.434350
0.967288
3.063506
0.427145
1.865893
1.332008
2.002736
0.202934
0.410247
1.590725
0.261471
1.082019
1.730531
0.591488
0.278159
0.586046
0.261717
0.682378
0.916579
0.219229
0.906177
0.214446
0.328638
0.592770
1.334288
0.841097
0.637762
1.378017
0.188847
0.954706
0.371296
0.409298
0.600361
1.784448
0.716160
1.722383
1.782019
0.316933
0.506743
1.160429
0.729188
1.534220
0.526891
0.461842
0.476132
1.665671
0.308334
0.951965
1.451481
0.056470
0.175370
2.257007
0.798012
0.320105
2.405931
1.079148
0.195541
0.722339
2.256149
0.178428
0.333445
0.483992
0.631263
1.090089
0.449798
1.536491
2.241807
0.998316
0.566378
0.888001
0.855744
1.348275
1.946957
1.005316
1.077352
1.023461
0.891056
2.259739
0.941866
0.766283
1.376255
0.206047
0.284204
0.314787
0.564607
0.998596
1.211661
0.862155
0.391565
0.273512
0.910414
0.951278
0.592454
0.671648
0.188034
1.231032
1.754811
1.843701
1.475363
0.410330
0.880310
0.643306
0.587015
0.699074
0.960916
0.616683
0.446762
2.147351
0.939898
0.688442
0.245292
1.045375
0.983002
0.895370
0.304772
1.182892
0.292054
2.670587
0.279644
1.266892
0.137893
0.080790
0.653070
0.754627
0.925148
1.148550
0.223128
1.195179
0.386190
1.996111
0.357830
0.391332
1.100095
1.276131
0.104668
0.528096
1.969624
0.751798
0.220501
0.328706
0.445327
1.196257
0.820767
0.375376
0.523488
1.640274
0.126748
0.550523
0.294651
1.742728
2.287861
0.752602
0.734087
1.283685
1.039226
1.854095
0.970761
0.214167
1.999011
0.795250
0.467854
0.209162
1.990951
1.001243
0.046043
0.573300
0.648281
0.214706
0.371673
0.619001
0.614543
0.574747
1.258136
1.395474
2.560949
0.991378
1.157838
0.265145
1.168178
0.533960
0.587636
0.601591
0.652689
0.563256
0.216082
1.014339
1.174557
0.272502
1.200671
1.388925
1.057573
1.957345
0.398552
1.516937
1.541628
0.387640
0.892699
0.489730
2.338204
0.006560
0.807626
0.729192
1.755063
1.646665
1.131119
0.180163
0.024272
0.932663
1.146193
1.643529
0.719576
0.983157
0.265976
1.243361
3.411346
1.233288
0.258496
0.391996
0.251412
0.582422
0.240842
0.926009
0.190376
0.546400
0.784821
0.519977
2.217125
0.552403
3.002138
0.197614
0.590019
0.277570
0.056846
0.999964
0.821640
0.558736
0.517524
0.784706
0.604126
1.333359
0.812721
1.843111
1.077640
1.436598
0.054431
1.599033
1.278841
0.519161
1.334840
0.352891
0.372603
0.432131
0.492641
0.560757
0.442024
0.919941
0.744555
1.977431
1.519107
0.760166
0.517097
0.566914
0.434459
1.197187
0.721395
1.141244
0.077704
1.080036
1.587648
0.543059
1.565330
0.555505
1.253188
0.073318
0.304182
0.551476
1.077556
1.618668
1.512950
0.510539
1.659687
1.954210
0.946352
0.443598
0.284232
0.510557
0.989035
0.951724
1.166017
1.137999
0.843746
1.070284
0.393405
0.560611
0.332849
0.178011
0.245603
1.239633
0.465555
1.000538
0.096404
0.983647
0.718160
0.639859
1.352300
0.703267
1.308967
1.558003
0.654188
0.332822
0.312978
0.866964
0.865813
0.303465
1.583727
1.141891
1.007679
0.432018
0.850268
0.828872
3.243319
0.377300
1.034975
1.101299
0.105608
0.424820
0.288315
0.393662
1.416237
1.240215
0.610956
0.840957
0.847391
0.466957
0.602338
0.368501
1.839675
0.884020
2.026038
1.154877
1.447771
0.382577
0.161620
2.723721
1.309350
0.223447
1.081546
0.613288
0.337975
1.206449
1.577813
0.251781
0.775978
0.487956
1.386267
1.166203
0.217482
0.242129
1.585719
0.984394
0.275658
1.149124
1.682082
0.931600
1.248006
0.796914
1.611156
0.326813
0.392481
0.559410
0.511946
0.595298
0.717350
0.918277
1.177602
0.235657
0.354579
1.208630
0.692179
1.692938
1.310810
1.100867
0.763725
0.990235
1.217743
3.043490
1.741451
0.436503
0.213181
1.284935
1.197990
0.040795
0.210346
0.212607
1.667407
2.001107
0.495425
0.080456
0.736664
1.264211
0.184951
1.262094
2.710989
0.175369
0.802700
1.325469
0.463674
0.636902
1.284244
0.874213
0.480593
0.475294
0.570071
2.141797
0.257407
0.405891
1.221139
0.589259
1.955476
1.691293
0.065154
1.579094
1.801357
1.244329
0.521308
0.250875
1.097316
1.719580
0.955514
0.072019
1.504125
0.192371
1.182359
1.561537
0.220008
0.591446
0.072192
0.927754
0.860745
0.965561
0.830940
0.313837
1.868552
0.025649
0.597305
0.502418
1.070159
0.958908
1.027923
1.157963
2.916551
1.274616
0.766312
0.390585
0.660416
0.705897
0.637505
0.912030
1.280613
1.130923
0.367983
0.503775
0.281752
1.591670
0.710253
1.292853
0.602270
0.211197
0.240572
1.252242
0.680095
1.240093
0.390496
0.181250
0.106875
0.805026
1.598439
2.085702
1.182690
1.313166
0.960937
1.686394
0.018590
1.999675
1.304284
0.726049
0.112985
0.878688
0.621206
1.335765
0.682936
0.059323
1.790829
0.267170
0.948054
0.576827
1.005026
0.047539
0.618155
0.535170
0.697663
0.835996
1.622243
0.441676
0.851410
0.806550
1.700812
0.624716
1.996465
1.299074
0.787689
1.924616
0.899022
0.714902
0.782036
1.215196
1.447512
0.557739
1.644952
0.773718
1.370790
0.580493
0.652236
1.142431
0.437137
0.101147
0.853377
0.676352
0.358588
0.640757
1.595513
1.119719
0.351824
0.408197
0.412854
0.477597
0.967457
0.836651
0.686904
1.073837
0.783443
1.179396
1.532233
0.934607
1.159278
0.078782
0.957145
1.919792
1.201143
1.876048
3.066660
0.288283
0.987751
0.466583
1.220696
0.238563
0.466088
0.479299
0.685818
0.308057
0.647814
0.862095
0.626351
1.107748
1.122965
0.471785
0.035700
0.276472
1.968807
1.080154
0.580897
1.674882
0.033413
0.111099
0.481123
0.608218
1.386102
1.481838
0.452793
0.423696
0.325600
0.512823
0.959432
1.108871
0.949029
0.982402
0.572469
0.729462
1.675211
1.235230
0.377112
0.587150
0.452232
0.689642
0.512845
1.488143
0.033300
1.924702
1.870213
1.365297
0.530096
0.469697
0.137508
0.945575
1.796411
3.093653
0.762215
1.241496
0.434521
0.388230
1.346771
1.739759
0.213809
0.212562
0.685539
2.038836
0.606628
0.251608
1.446500
0.529176
0.390069
0.693970
0.081485
1.109488
0.662893
0.501786
0.585933
1.771824
1.002506
0.548780
0.100520
0.304799
3.431338
0.267816
0.928973
1.671588
1.119599
1.696114
2.143645
1.917118
0.974290
1.200332
1.113611
0.568237
0.343329
2.185982
1.218425
0.576270
1.342055
0.333515
0.272607
0.934643
0.602989
0.304721
1.904781
0.424511
1.109745
1.083020
1.859332
1.626600
1.469359
1.157607
1.174048
1.874591
0.401978
0.835991
1.625705
0.187689
0.622084
2.313064
1.619662
0.308406
0.989525
0.034472
0.539299
0.360322
0.641816
0.575970
0.398300
0.537352
0.414445
0.815454
0.837547
1.329568
2.036982
0.737767
1.147492
1.212714
2.087276
0.059195
1.239244
1.529755
0.938584
1.546670
1.066519
0.444743
0.576549
0.804739
1.674353
1.597461
0.553071
0.670892
0.390318
2.278740
2.870613
0.420341
1.718043
1.111297
0.509850
1.316080
0.859622
0.092177
0.079226
0.069278
1.006540
0.866528
0.639150
0.545293
0.398136
0.808781
1.401755
2.099971
0.133452
0.415100
0.688717
1.031679
2.402810
1.136285
1.553242
0.241876
0.176305
0.275966
0.939768
0.484123
0.400299
0.159358
0.637487
1.486733
0.239087
0.743363
0.523696
0.809407
2.677140
0.383462
1.270356
1.304361
0.490070
0.388208
1.864113
1.511966
2.638763
1.136704
0.085829
0.725660
0.759058
0.757439
0.023857
0.892845
1.482487
1.197796
2.090522
0.160826
1.412987
1.182429
0.536149
0.410339
1.099886
0.962667
0.660091
0.507674
0.399267
0.560134
1.127059
1.290149
0.757757
0.889091
0.114483
0.463629
0.613539
0.372478
0.257910
1.386672
0.964339
0.871543
0.340130
0.327902
1.953746
2.440737
0.353637
0.667822
1.303564
0.848474
1.018047
1.904726
0.889465
1.013392
0.068788
0.785839
0.182175
0.628207
0.241530
0.427901
1.029398
0.038370
1.273102
0.471475
0.846866
1.324040
0.873306
1.082694
0.807112
0.489645
0.981330
1.599993
2.235276
0.051930
0.951548
1.841157
0.316117
1.037421
0.518026
0.651462
0.813269
0.781615
0.949715
0.444579
0.802598
0.572926
1.078331
2.346573
0.254636
1.772731
0.545222
2.087266
0.564896
2.066195
1.290214
0.566019
2.012633
1.494198
0.300950
0.096509
0.377779
0.237590
0.799353
0.526630
1.244132
0.918342
1.437239
1.514637
1.262521
0.740217
0.329300
0.131073
0.160953
0.235657
0.284668
1.071403
0.337736
0.285324
0.155422
0.769435
1.045139
0.519019
0.414872
0.561928
1.108592
1.923909
2.325114
1.156525
0.894401
1.127056
0.076661
1.266296
1.082958
1.017402
0.128889
1.350214
0.379675
1.684689
1.062761
0.540778
0.189032
1.353653
0.844963
0.690400
3.160027
1.048468
1.390237
0.397513
1.082388
0.336807
1.305813
0.652804
0.129926
0.713644
0.361341
0.385077
1.872874
2.391702
0.639145
0.236298
0.644503
0.751951
0.468964
1.174648
0.382764
1.419258
0.284180
1.475261
0.350511
0.434833
1.075171
1.911883
1.550006
1.026439
0.365372
0.552856
0.900494
0.072312
1.269285
1.338797
0.298638
0.370082
1.007210
0.835624
0.309694
0.150568
0.353334
2.588031
0.885690
0.844986
0.050051
0.214693
1.876947
0.652967
1.208425
1.118020
0.653713
1.849170
1.225280
0.066412
1.931674
0.826763
0.359654
0.116469
1.440104
0.656054
1.196244
0.530244
0.309517
0.992216
1.659967
0.876577
0.218177
0.280612
0.703587
0.620698
0.500848
0.631194
1.599400
0.193478
2.211427
0.054118
0.288902
0.171249
0.928262
0.274008
0.897145
0.643787
0.559591
1.213750
0.807380
0.840466
0.437815
0.594200
0.526402
1.516725
0.327867
0.996770
0.488006
0.299551
0.491989
0.056070
0.759200
0.547348
0.658607
0.885408
0.788883
0.217507
0.844863
1.177024
1.539036
0.608359
0.597223
0.555458
0.253198
1.229071
0.726860
0.375675
0.685907
0.210290
0.160497
0.158547
0.662378
0.142569
0.346322
1.934223
0.946009
0.716438
0.607991
1.540054
0.573449
0.575614
0.426520
0.521211
0.529544
0.468462
1.706525
0.519029
0.645401
0.746879
0.304826
0.850314
0.794802
0.795280
1.211348
0.794519
0.524597
1.142718
0.081151
0.935732
1.417658
0.325470
0.746173
1.259080
0.992761
2.387670
1.331059
0.010038
1.567724
0.707003
0.932336
0.626139
0.837504
0.422463
0.980013
0.378931
0.265827
0.789178
0.796542
1.024318
1.726602
0.329282
0.358309
0.614907
0.488142
1.176242
1.062418
0.405609
2.085677
1.526512
0.329672
2.607858
0.397951
0.504947
0.381640
0.270501
0.210712
0.085133
0.814319
0.237648
1.322415
0.735307
0.689800
0.218104
2.025283
0.103243
1.806165
1.211543
0.336006
0.588076
0.122196
1.000272
1.194758
1.312735
1.030772
0.550587
0.884175
0.359836
1.502588
0.897303
0.264105
1.128063
0.604054
0.678070
0.338845
1.280839
0.915676
0.041051
0.676696
1.267258
0.368675
0.750854
0.544164
2.016732
0.938628
0.478023
1.250836
0.966967
0.189405
0.793697
0.654639
0.689330
0.118239
1.396447
1.941800
0.888386
0.863066
0.029532
0.090820
2.136652
0.425169
0.421069
0.932763
1.235508
1.514162
0.263677
0.746867
0.417729
1.070360
0.389355
1.371942
0.927162
0.722496
0.632028
1.324575
0.329783
1.105205
0.507812
1.009281
0.141385
1.965795
1.589905
0.405246
0.653573
1.471576
0.401219
0.669419
1.416490
1.791115
1.292885
1.169008
3.032890
3.184331
0.841518
2.147045
0.506746
0.340112
0.558309
1.062708
1.225988
1.245721
1.383477
0.792697
1.106629
0.013182
1.244769
1.550277
0.361953
0.466329
0.506998
1.638092
0.307518
2.341986
0.749605
0.655948
0.228175
2.171343
0.739914
0.182236
0.926168
1.102952
2.040680
0.909590
0.406100
1.347989
0.512613
1.447932
1.944391
1.233706
1.302503
0.257643
0.250957
0.349920
1.234542
2.123182
0.704407
0.090027
0.073725
0.438600
4.117253
1.170005
0.721076
1.117394
0.181913
0.929500
1.216825
0.221870
0.532308
0.749819
0.207076
1.423429
0.659400
0.317912
1.142521
0.199467
0.715196
1.062894
2.177848
0.245048
0.698834
1.422507
0.862134
3.128041
0.791365
1.092481
0.197102
1.054646
1.317660
0.223089
0.806040
0.710176
0.539331
0.514634
0.669686
1.518311
0.868105
1.648422
0.390403
0.856223
0.313550
0.654377
0.827911
1.029679
0.392801
0.520395
0.449866
0.289837
1.012648
1.650031
0.456987
3.861952
0.443145
2.247184
2.446142
1.008899
1.192506
0.537863
0.875277
1.451567
1.993732
0.442877
0.322917
0.223594
1.483843
0.845536
0.739352
0.950381
1.478188
0.929966
0.560657
0.208965
0.784636
0.364815
0.337509
0.651183
0.746363
1.660394
1.960780
1.609627
0.297564
2.758259
0.048527
0.386248
1.402707
0.419900
0.421630
0.525442
0.441493
0.820895
0.860254
0.245550
1.316125
0.733355
2.504376
1.864377
1.668200
1.993275
0.863879
0.917413
0.699541
0.793082
0.072582
0.111601
0.239244
2.376585
0.317877
0.876507
1.125128
0.145294
0.242908
0.421539
0.457240
0.329932
1.167867
0.466139
0.614979
1.917988
0.368824
0.852527
1.603012
0.384705
0.672323
0.181683
0.518429
1.203169
0.684716
1.501458
1.447734
1.857358
1.476230
1.637961
0.782863
0.926782
1.212315
0.453278
1.595721
0.574919
0.625641
1.766368
0.806634
0.624243
2.127133
0.989477
1.790975
0.904026
1.244853
0.295157
0.935069
0.765835
2.893144
0.862711
0.707759
1.006674
1.354466
0.931491
0.220484
0.808738
2.077826
0.500960
0.422800
1.146046
0.749348
0.808194
0.910187
1.234511
0.514742
1.596382
0.173155
1.734127
0.556469
0.994949
0.273957
0.210196
0.921215
1.902051
0.778972
0.199147
0.221543
0.430621
0.825065
1.322275
0.310881
0.805272
0.814776
0.664109
0.692586
0.137813
0.526512
0.398321
0.834993
1.494403
1.897150
0.799463
1.355448
0.257741
0.727890
1.250230
0.943798
0.437820
0.314541
0.790174
1.472175
0.779718
1.555640
1.436541
0.509415
0.288437
1.452992
1.947907
1.250558
0.765614
0.417926
0.025517
0.641425
0.355431
0.617954
1.135760
0.136755
1.052452
1.252342
0.828037
0.705213
0.309168
1.466435
0.374679
0.959691
0.346683
0.557153
0.521631
0.883969
0.241177
0.646015
0.402064
1.006761
0.314430
0.331551
1.570375
0.178941
1.561132
0.441610
1.638345
0.284080
0.515127
0.730559
1.131966
0.462137
1.410200
0.326595
0.559328
0.186177
0.183350
1.021601
0.812096
2.838645
1.070261
1.011660
1.601479
1.276268
1.393093
1.566503
0.973191
0.778092
0.587924
1.928359
1.355038
0.807076
1.653157
0.263538
1.835537
0.211936
1.006884
1.506650
1.388525
0.864539
0.543099
1.078613
1.904187
1.851042
0.454162
1.182092
0.152536
0.275909
0.584720
0.436139
0.434785
0.641031
0.645049
1.542814
2.004989
1.289815
0.130868
0.422780
1.182253
0.179505
1.746016
1.659666
0.603190
1.901426
0.248477
0.267915
1.461295
0.367666
0.657510
1.334278
1.331608
1.260931
0.364537
1.031021
1.451729
1.585999
2.208241
0.837269
1.904008
1.116829
0.322599
0.553300
0.753882
0.502092
0.379289
1.054674
2.963676
1.099168
0.673666
0.719668
0.508183
1.241795
1.538359
0.574390
0.955321
0.826407
1.666697
0.743828
1.973459
1.104528
0.781979
1.124222
0.461488
1.534436
0.810503
1.187542
0.436050
0.707277
0.814153
0.777046
1.890919
0.917007
2.406928
1.031448
0.660644
1.091592
1.189760
1.116281
2.124026
0.667631
1.452400
1.482831
1.472467
0.261446
1.291699
0.865836
0.811190
1.273736
1.776661
0.610270
0.155207
1.864196
1.221105
1.210286
1.093291
0.445657
2.363910
1.700024
0.544593
1.458198
1.051882
1.582886
0.139483
0.525949
0.844671
0.437044
0.312732
1.603742
0.869788
0.706592
0.657930
1.926516
0.143397
0.995745
0.140640
1.032174
1.363057
1.477398
1.654477
1.928179
2.324680
0.602933
0.339440
1.579594
0.054005
1.296614
1.225491
0.865088
1.157575
1.548768
1.594791
0.231562
1.179151
0.639782
1.013346
0.994577
0.043266
1.085249
0.398417
0.213099
0.281176
0.420989
0.320908
0.101017
1.513034
1.427288
1.636254
0.636238
0.333073
2.315940
1.954717
1.712948
0.150261
0.699699
0.034170
0.688531
1.372226
0.396031
1.007722
0.133281
0.351376
0.261521
0.743996
0.734596
0.321723
1.119730
0.251381
0.542222
0.753996
1.547965
0.564872
1.555685
0.423219
1.817578
0.779993
0.793367
0.927194
1.344989
0.367214
0.688257
2.843726
1.568658
1.284811
0.171069
1.214404
0.672217
1.743120
0.201644
1.402766
0.161778
2.126562
1.510356
0.392992
0.477338
0.429675
0.291325
0.536928
0.249424
0.528095
0.384854
1.885355
0.512842
0.368813
0.450721
0.229398
1.400411
1.887014
0.982482
2.866628
1.388416
0.109839
0.423716
0.538422
2.373032
1.132993
0.927064
0.609850
0.520632
1.936285
0.509162
0.744835
0.732219
0.783990
0.661325
1.395851
0.385085
0.387570
1.326532
0.166108
1.046845
0.231651
0.216263
1.677157
1.004214
0.645006
1.304176
0.952238
0.329189
0.947844
0.921355
0.363487
1.890967
1.692788
0.437688
0.888265
0.572786
0.550809
0.235750
1.027626
1.780963
1.244105
1.051512
1.276827
0.370605
0.763243
0.337272
2.320607
0.067197
0.392850
0.161634
0.885531
0.848564
0.631104
0.535064
1.035603
2.640014
0.742550
0.945605
0.687217
0.650721
0.874924
0.924073
0.252379
2.006628
0.187315
0.374807
1.215668
1.893682
1.925995
0.427490
0.829746
1.304456
0.575936
0.817736
0.476273
0.689524
0.594012
0.481855
0.462501
2.449764
0.472132
0.818885
0.755063
0.561011
1.501775
1.741576
0.454268
1.257378
0.641205
0.898097
1.707121
0.231059
1.411694
0.120964
0.871267
0.306520
1.337901
1.483214
0.350984
0.518486
1.740501
0.789340
1.479720
0.488334
1.802478
1.614043
1.177438
1.557803
1.451540
0.964108
1.728215
1.055637
0.477200
0.760692
1.115016
0.280190
1.264058
1.817440
0.627849
0.063899
0.840189
0.398773
0.326117
0.187964
0.659637
0.921536
1.035725
0.644714
0.306954
1.820739
0.036004
2.598686
0.335478
0.753599
0.645723
0.115063
0.375303
1.130667
1.358551
0.962336
1.939413
0.644362
0.158350
1.050863
0.915286
1.000893
1.255867
1.860773
1.117457
1.641810
0.115702
0.363990
0.450590
0.334587
2.278730
0.449301
0.608707
2.485110
0.158875
0.461459
1.021489
0.649606
0.870644
1.593659
0.089381
0.097930
2.011875
0.189700
0.358843
1.189970
0.110375
0.835275
0.601693
0.401878
0.514277
0.611909
0.581082
0.424909
0.832224
0.457171
1.439282
0.556595
2.609579
0.538077
0.605508
0.867850
2.170845
3.417442
1.479546
0.055072
1.010473
1.354440
0.149924
0.775687
0.771283
0.393908
1.427639
0.548274
1.018460
0.375137
0.655622
0.659673
0.166828
0.984529
0.936640
1.308835
1.891027
0.354060
1.147382
0.628944
2.025383
1.099879
0.377674
0.988196
0.470580
0.840801
1.352488
0.648630
0.267127
0.784641
0.428293
0.999977
1.255920
1.245467
2.246048
0.556084
1.225075
1.258445
0.529114
0.956468
0.840496
2.999807
0.536966
1.725100
0.065958
0.814224
0.629520
0.967174
1.428515
0.102070
1.310582
0.257778
1.483020
0.613318
0.784665
0.736321
0.931349
1.073502
1.188117
0.513230
0.823905
0.604914
0.706707
0.068904
0.170404
1.192880
0.334955
0.461305
0.519057
0.125881
0.968290
0.622449
0.652550
0.339307
0.158079
1.514728
0.870014
1.141620
1.700629
0.311651
0.463665
1.133570
0.694102
2.467011
0.337227
0.927206
0.828656
0.117452
0.598669
2.671955
1.351350
0.370402
0.425600
0.646901
0.403482
0.461830
0.584520
1.046456
0.672082
0.690059
0.248454
1.924005
1.081059
0.504026
0.864654
1.868262
0.367866
0.833105
1.752471
0.582432
0.415397
0.814264
1.777656
0.725389
0.699745
0.629740
1.839687
0.364188
0.599548
0.528957
1.018927
1.177806
0.438634
0.326389
0.659211
0.975154
1.647551
0.429879
0.950093
1.345393
0.512859
1.117152
0.517309
0.451855
0.925193
0.313799
1.281438
0.692663
0.723895
1.032646
0.729711
0.500649
1.153782
0.914321
0.198811
0.954544
0.276020
0.958519
1.585784
0.583509
0.208423
0.523114
0.782145
1.889812
0.966453
0.665860
1.535905
0.963944
0.527085
0.389969
0.031469
0.245256
0.944633
2.797001
1.523612
1.389932
1.018241
1.987662
0.541553
1.056095
0.408749
0.559249
0.978934
0.421253
0.941481
0.507956
1.292103
0.493217
0.382331
0.272808
0.931915
1.199539
0.577855
0.785757
1.321540
0.237316
1.197724
0.905352
0.718024
1.004036
1.182723
1.277550
2.048097
0.038249
0.179182
1.669753
1.208127
0.917623
0.571694
0.414838
1.161871
1.144241
1.104492
0.519634
0.533958
0.447909
0.686574
0.259469
0.925294
1.596607
0.751637
0.356284
0.819224
1.589578
0.520228
0.508013
1.787051
0.658449
1.472078
1.034485
0.483779
0.784060
1.159520
0.895706
0.150339
4.484569
1.650743
1.718221
1.194439
1.212632
1.033179
1.577761
1.096964
0.199987
1.437835
0.146292
0.557338
1.334361
1.471247
1.575641
0.862951
0.434510
0.224934
0.522346
2.704337
0.290944
0.503565
0.750826
0.328025
2.078169
0.174659
0.269386
1.056298
0.522586
0.179880
