0.563161
1.160996
0.663712
0.529035
0.390452
0.305926
0.858089
0.579649
1.107366
0.482564
0.254360
0.567507
0.719626
0.936900
0.894267
0.776937
0.985196
1.111203
0.888848
0.892928
1.178492
0.761143
0.904220
0.726273
1.621203
1.005107
0.985616
0.784436
1.200926
1.010544
0.651310
1.519076
0.922351
0.678699
0.903480
0.883506
1.121886
1.095048
0.550825
0.973373
0.811342
1.105406
1.470997
1.044546
1.288917
0.761383
0.485659
1.041969
0.789135
1.011006
1.150524
0.965492
0.980364
0.729873
1.426965
0.896824
1.367628
0.985473
0.850978
1.008804
0.754185
0.693250
1.314306
0.937749
0.756557
0.720406
0.630804
1.032529
0.658808
0.737937
0.558912
0.382184
1.180349
1.438746
1.262994
0.911079
0.624761
1.287396
0.686946
1.058434
0.910432
1.084576
0.522567
0.665744
0.832637
0.780934
1.555814
0.959319
0.529337
0.668645
1.040067
0.961683
0.540607
0.923601
0.769446
0.728200
1.328352
0.807806
0.615165
0.193334
0.663223
0.292786
0.571281
1.406496
0.881607
0.903505
1.003679
1.674961
0.308813
0.992363
0.474500
1.017543
0.697666
0.861743
1.003503
1.194332
0.572139
0.658330
0.379857
0.701619
0.520779
1.049234
0.717576
0.528738
0.247726
1.358970
0.460588
0.677384
0.707611
1.269797
0.310648
0.567776
0.903473
1.409225
1.254775
0.459746
0.760124
0.821919
1.055573
0.997966
0.981278
0.259276
0.704198
0.544537
0.337020
0.466887
0.802728
0.710647
0.770402
0.659241
0.876886
1.169033
1.022367
0.310568
0.883703
0.924509
1.164376
0.912375
1.456930
0.970088
1.151284
1.020600
0.687858
0.787011
0.893954
0.932539
0.696255
1.062738
0.671037
0.607602
1.088502
0.811070
0.720591
0.446599
1.663897
1.142089
1.104358
1.330685
0.413859
1.282096
1.020394
0.621648
0.912913
1.653065
1.561701
0.912729
0.748375
1.074270
0.501456
1.001004
0.811290
0.700232
0.314511
0.877002
0.264184
1.402661
0.682250
0.668158
0.884399
0.656004
0.908706
0.326976
1.083839
0.579907
0.666239
1.024372
0.616755
0.854170
0.483127
1.013622
0.928694
1.180254
1.402982
0.744495
0.907501
1.319838
0.763813
0.951648
0.659655
0.806961
1.043492
0.628436
0.644371
1.210924
0.383348
0.981644
0.338644
1.300917
1.083129
0.478365
0.936342
0.817713
0.759772
0.594076
0.908497
0.877028
0.837013
1.081028
1.006591
0.889964
0.895500
0.269158
0.787509
0.994353
1.291478
0.621573
0.814030
0.882203
1.606944
0.852641
1.372177
0.760898
0.775535
0.966560
0.886839
0.748287
0.568212
0.354815
0.948718
0.765927
0.494306
0.782591
0.999775
0.482434
1.186913
0.509095
1.088660
1.121344
0.709433
0.733464
0.772410
1.614818
0.485547
1.356672
0.947003
1.145535
0.597310
1.301672
0.434245
1.226807
0.525455
1.063778
0.924541
0.974496
0.480147
0.963482
1.736121
0.295619
0.925260
1.356615
0.716799
0.618370
1.315959
0.629170
0.413000
1.016925
0.549585
1.673380
0.801354
1.114309
1.083562
0.537179
1.143990
0.587582
0.224487
0.737341
1.181990
0.570443
0.374536
1.006207
0.766646
0.939521
1.146808
1.112117
1.090714
1.298075
0.707782
1.008894
0.705766
1.037973
1.025179
0.842955
0.945011
0.856886
0.565892
1.231214
0.529085
1.138259
0.726602
0.724879
1.078546
0.847243
0.284253
0.532968
0.418617
0.889328
0.740116
1.014234
0.821165
0.692363
1.748144
1.029158
0.637104
0.835241
0.505955
1.256616
0.457374
1.307002
0.827704
1.317464
1.457251
1.261504
0.682147
0.303183
0.929242
0.709677
1.050425
1.193453
1.069352
1.520409
0.473984
0.885510
0.569334
1.035114
1.004693
1.181892
0.869487
1.186623
0.822896
0.603060
1.173412
0.639441
0.802135
1.571908
1.006583
0.812215
0.976597
0.412081
0.601328
1.278691
0.412423
0.612429
0.423781
0.955376
0.963819
0.960456
1.100119
0.794721
0.494580
1.127762
0.548993
1.236826
1.620141
0.675903
0.405334
0.261651
0.885930
0.845086
0.974623
0.321666
0.995839
0.748850
1.198695
0.939702
1.124311
0.843455
1.185379
1.060740
0.813085
1.296129
1.505604
0.651875
1.073863
0.642248
1.150268
1.756828
0.943758
0.969607
0.546195
0.802254
0.792655
0.938053
0.971883
1.110176
0.684884
1.154483
0.490871
1.056743
0.472215
0.705400
1.022838
1.151657
0.157589
1.262975
1.075109
0.835847
1.215048
0.634691
1.064798
1.302466
0.986619
0.856663
0.872070
0.943918
0.561010
1.229621
1.385831
1.014706
0.528282
1.354361
1.193859
1.268894
1.051390
0.975848
1.292275
1.411328
0.829404
0.640796
0.733642
1.419994
1.224431
1.413552
1.426802
0.695697
1.015964
0.852331
0.420513
0.859742
0.912487
1.187437
1.156794
0.658161
0.934949
1.195599
0.899568
0.750352
0.412971
0.642668
1.433166
1.163666
1.124748
0.483866
0.822036
0.652066
1.139117
1.222043
0.698244
1.255819
0.845251
0.546617
0.529298
1.020549
1.467528
1.311254
0.943712
0.835650
0.629469
0.978237
1.265388
1.829730
0.903449
1.018379
1.272296
1.171973
1.135761
0.341085
1.016949
0.717473
1.044302
0.951715
0.910630
1.018620
1.102259
0.678715
0.604643
0.884118
0.730768
1.327852
0.883089
0.905288
0.894556
0.989940
1.321477
0.816178
0.826103
1.247299
0.764865
0.899374
0.749793
0.762740
1.092387
1.077437
1.133805
0.694449
0.864745
0.741446
0.807829
1.037283
0.877860
1.137972
0.813123
1.039768
0.797362
0.212260
0.493936
0.719469
0.782150
0.718305
0.603528
0.603855
1.411291
0.735917
1.119909
0.681763
1.492666
0.898643
0.716823
1.176502
0.550528
0.809483
0.948653
1.013123
0.789869
0.655724
0.964243
1.085451
1.109567
0.847887
0.509695
1.270149
1.067984
1.341547
0.459792
0.723110
1.224185
0.766305
1.409113
0.728654
0.470142
1.079399
0.825323
1.070275
0.734110
0.921800
1.395846
0.588784
0.810867
0.854128
0.918983
1.122003
1.114547
0.957204
0.851645
0.617581
1.258804
0.601860
0.780271
0.988386
0.729232
0.884297
0.681011
0.317529
0.972257
0.248005
0.929876
1.071391
0.775066
0.985638
1.008939
0.849016
0.968608
1.027220
0.692373
0.611371
0.525680
0.990997
0.779799
0.898537
0.687518
0.920547
1.054408
1.025420
0.570273
0.592465
1.103271
0.879842
0.378553
1.167094
1.159547
0.911648
0.680765
1.144101
2.002385
0.285014
1.148589
1.241461
0.542256
0.966307
1.255669
1.532109
0.696603
0.678245
1.181839
0.876747
0.755483
0.974323
0.867601
0.783651
1.078391
0.852417
0.466577
0.714201
0.599734
1.088496
0.823601
0.600529
1.385685
1.303918
1.092839
1.233663
1.110991
0.977631
1.036882
1.306191
1.209103
1.254405
1.325217
1.421905
0.718282
0.385818
1.087518
0.752038
1.117191
0.549739
0.859948
1.113991
0.965785
0.685922
1.155688
0.837659
1.513552
1.691620
1.161263
0.794028
0.836811
0.553087
1.069050
0.542393
1.032149
0.640121
0.872690
0.929053
0.971810
1.334597
0.123210
1.070176
0.561275
0.953739
1.042948
0.894680
0.323872
0.587591
1.085399
0.910581
0.815144
1.379593
1.443093
0.757840
0.641861
0.886491
0.629070
1.584808
0.761702
0.482796
1.056941
0.841543
0.661377
0.987978
1.254496
0.503914
1.034304
0.817949
0.687729
1.264802
0.696701
0.846696
0.663870
1.192332
0.407798
0.975004
1.071324
0.591063
1.032373
0.350172
0.462029
1.365115
1.305921
0.807723
0.709655
0.548907
1.531451
0.527612
1.187912
0.777162
1.223256
0.498348
1.433804
1.108109
1.191302
1.228491
1.437920
1.281782
1.207743
0.901418
0.860143
1.576613
1.048422
1.177441
0.729562
1.327828
1.075305
0.512176
0.796705
0.796056
1.125970
1.054033
0.568634
0.547781
0.665861
0.925515
0.624311
0.568546
1.093837
0.723411
0.974331
0.727274
0.774008
1.045438
0.626858
1.063311
0.425891
1.151978
0.603492
0.294890
1.479494
0.763921
1.068046
0.803761
0.886267
1.316545
0.714160
1.028934
1.133164
0.745574
0.540487
0.897908
0.569320
1.400335
1.012255
0.572296
0.716620
1.166171
1.004987
0.875888
0.612068
1.156373
0.645899
1.026191
0.762718
0.381082
0.692326
0.722745
0.810028
1.114336
1.141588
1.443743
1.061807
0.673297
1.044712
1.476979
0.886722
0.511636
0.675530
0.722502
1.087211
0.885999
1.115430
0.288901
1.224274
0.539195
1.017581
0.741814
0.494773
1.227521
0.121112
0.196521
1.161215
1.091910
0.646300
0.453557
0.918594
0.473104
0.878814
0.859439
1.132185
0.823529
1.046063
1.042694
0.960230
0.534963
1.127741
1.520019
1.264531
0.941904
1.193957
0.894556
0.626319
0.768399
0.838656
1.327444
1.292969
0.956609
0.466145
0.505168
1.158455
0.288739
0.799016
0.794062
0.898696
0.798378
0.639869
1.087880
0.865440
1.187069
0.887844
1.387467
1.050425
0.475870
1.021391
0.745292
1.010278
0.565941
0.775362
0.993129
1.627603
0.744858
1.279232
0.712900
0.878909
1.342759
1.075387
1.356190
1.188128
1.133051
1.561462
1.511041
0.978639
0.931786
0.581123
0.619250
1.338535
0.510844
1.493985
0.782460
1.051970
0.917502
0.308893
1.424101
0.377439
1.325252
0.550948
1.285503
1.026590
0.910365
0.407651
0.825063
0.951863
1.255431
0.533439
0.844058
1.447481
0.763986
0.518774
0.771714
0.460940
0.772152
1.289157
0.789709
1.152559
1.311254
0.497520
0.629515
0.572692
1.279805
0.482582
1.435256
1.637405
1.431580
0.680936
0.696189
0.756767
1.121474
0.969566
0.266816
1.012342
0.985159
1.169922
0.869693
0.921222
1.185292
0.528099
1.149332
1.043732
1.353643
0.988415
0.773480
0.855813
0.729261
0.680997
0.612239
0.815224
0.653014
0.816464
0.739510
0.519691
0.838755
0.286018
0.409271
0.340396
1.006667
1.152027
0.608731
0.493374
0.702190
0.901693
1.070363
1.355190
0.299414
1.069164
0.849757
1.606095
1.060159
0.470465
1.574139
0.863526
0.966626
0.971173
0.488091
0.196405
1.157773
0.560803
0.815045
1.357959
0.939332
0.689006
0.349187
1.380096
0.738763
0.893914
1.130617
0.269363
1.082458
0.656841
0.736749
0.970757
0.621684
0.592661
0.707937
1.306228
1.419738
1.275509
0.434852
0.467251
0.765668
0.687151
0.541380
1.076790
1.124026
0.512618
1.054326
0.833733
0.967813
0.804325
0.886085
0.587555
0.942203
0.629911
0.664056
0.837407
1.056936
1.042015
1.134711
0.664321
0.750506
0.831797
1.014590
0.448813
0.994345
0.217553
0.809509
0.989614
1.131189
0.435326
1.208958
1.012221
1.126360
1.019198
0.631785
0.919840
1.381309
1.048223
0.716949
0.370433
1.299336
1.070418
0.210716
1.550569
0.954874
1.267028
0.830825
0.154651
0.587328
0.826954
1.210880
0.617580
0.894706
0.914089
1.334523
0.512224
1.052094
1.181155
1.536015
1.225759
0.945651
1.224750
0.416469
0.808933
1.010303
0.791338
1.057007
0.763722
0.780817
0.694945
1.424681
1.291164
0.773713
0.501550
1.110683
0.891872
0.640918
0.771280
1.111552
0.424609
0.952938
0.489980
1.076478
1.040684
0.294810
0.941398
1.859739
0.346992
1.535420
0.843316
0.591695
0.919147
0.820938
1.137721
1.400005
0.322531
0.999368
0.780240
0.995250
0.759666
0.846014
1.075040
0.958988
1.461834
1.035220
0.758319
0.715048
0.700379
0.875797
1.037310
0.700942
0.776239
1.293764
0.726276
1.216645
0.776639
0.676507
0.836826
1.004251
1.439479
0.695201
1.693522
1.203121
0.903965
0.810647
0.766825
0.538098
0.350066
0.600355
0.606099
1.091071
0.923288
1.290187
0.916785
1.098816
0.926753
1.053890
1.609543
0.835601
1.337323
0.718603
0.765026
1.183465
0.881345
0.586681
0.660133
0.774127
0.644361
0.843604
0.494241
0.615531
0.334012
0.673500
1.032562
0.856196
1.145939
0.373852
0.474408
0.755677
0.984993
0.946275
1.193396
1.117376
1.007263
0.420068
0.664522
0.956456
1.105565
1.223164
0.513082
0.944801
0.971310
0.965621
0.839800
0.909962
1.104755
1.676988
0.895023
1.068390
1.312262
1.047524
0.721810
0.797212
1.120042
1.063010
0.435660
0.957084
0.866462
1.186299
0.424115
0.503288
0.519212
0.495245
1.343413
1.178860
0.981144
0.795726
1.320304
1.094624
1.157800
1.263688
0.955095
0.923733
0.794524
0.922803
0.623317
0.695495
0.960375
0.466428
1.078877
1.194987
0.817488
0.974802
1.217302
0.859261
0.999396
0.565232
0.690739
0.986295
0.773642
0.746686
0.657757
0.867003
0.861939
1.255876
1.215640
1.012206
0.944619
0.694603
0.909250
0.794158
1.465517
0.962505
0.510551
1.393498
1.047358
0.814365
0.179524
0.828984
0.845178
1.223441
0.228781
0.736307
0.874415
0.388455
0.591134
0.778196
1.008824
0.964769
1.096549
1.128309
0.728445
0.796982
1.121172
0.733096
1.194592
0.512051
0.688584
0.814818
0.859024
0.929761
0.380162
0.803506
1.111346
0.281773
0.569669
1.093288
0.987129
1.074009
0.999930
0.371588
0.918419
0.929976
0.965196
0.410452
0.713807
0.626796
1.500104
1.214823
0.915685
0.393741
0.688023
0.322882
0.343518
1.075727
0.864872
0.671919
0.918458
0.363267
1.379339
1.267257
0.607533
0.493420
1.180600
0.544248
0.483072
0.951984
0.305320
0.891170
0.871396
0.705963
1.608215
1.163889
0.899660
0.479607
0.534460
0.557259
1.611757
1.229798
1.212917
0.839850
0.435141
0.749135
1.067627
1.198517
0.513277
0.767357
0.928119
0.906352
0.559163
0.372750
0.792208
1.044565
0.809882
0.968017
1.236015
0.734837
1.459741
0.279539
1.162525
1.261586
1.099518
0.565390
0.720247
1.070526
1.105642
0.991992
0.550206
0.982945
1.076602
0.867524
0.938125
0.705348
1.077350
0.871592
0.504183
1.854250
0.511981
1.451028
0.534988
0.873270
0.614019
0.726122
1.074025
0.813493
1.578254
0.572904
0.580420
0.808058
0.858206
0.805206
0.457907
0.446196
0.916702
0.819208
1.176717
1.033618
1.294771
1.067721
0.518184
0.964425
0.955299
1.419244
0.867807
1.279582
1.009145
0.500240
0.192770
0.251667
1.269929
0.821488
1.399853
0.877096
1.142269
1.296847
0.899377
0.776247
0.909139
0.589959
0.485514
0.797513
1.041877
0.266053
0.251528
0.779102
0.722553
1.229117
1.137151
1.207329
1.175771
0.827261
1.201914
0.588684
0.875537
0.783928
0.973511
1.064040
0.979539
1.080558
0.888582
1.042933
1.236595
0.637451
1.170221
1.486617
1.200886
1.103112
0.674958
0.554254
0.959135
0.586552
0.708154
1.400730
0.476069
1.112013
0.312591
0.491176
0.352536
1.082477
1.051162
0.706979
0.638758
0.811847
0.828410
1.355697
1.012812
1.444532
0.996365
0.670179
0.640406
0.592027
0.729180
1.400989
0.230466
0.687791
1.123103
0.748299
1.148851
0.515029
1.318736
1.059736
1.314613
0.910605
1.309878
0.741412
1.025489
0.883763
0.866863
1.013707
0.961980
0.601521
0.555184
0.870330
1.067178
1.586478
0.842982
0.597953
0.926027
0.727643
1.089530
1.280228
1.008416
1.386171
0.945318
0.457423
1.038641
0.934252
1.032233
1.197632
0.944213
0.663264
0.781040
0.829350
0.762958
0.540982
1.363576
1.353776
0.405757
0.613608
1.123761
0.736455
0.346512
1.318617
1.207912
1.006766
1.055475
0.823326
0.792715
1.044909
0.695421
0.775908
0.481128
0.923124
0.669658
1.072883
0.897977
0.744201
0.448560
0.447459
1.566676
0.936253
1.578469
0.840096
1.084274
1.116978
0.658807
0.567343
1.005620
0.875191
0.881520
1.226059
0.781022
1.056390
0.834805
1.110527
0.636682
0.641472
0.956776
1.451939
1.387040
0.690893
0.854792
0.835782
0.407301
0.691730
0.994544
0.750556
0.258124
0.989040
0.819065
1.104960
1.074018
0.996010
0.641499
1.026307
0.800493
1.018753
0.979786
0.878927
0.458170
0.601641
1.121607
1.420300
0.878868
0.441320
0.597393
0.543075
0.417755
0.950149
1.144756
1.283915
0.523557
0.705823
0.781152
0.864761
0.794826
0.818788
0.962327
1.013310
0.942613
1.034543
0.567567
0.824117
0.125135
0.860032
0.842783
1.062676
0.913304
0.868309
1.086797
0.979640
0.712054
1.066653
0.283628
0.781154
1.312453
1.451697
1.004233
1.212153
1.160389
0.666044
0.399227
0.953835
1.332022
0.789902
1.098079
1.304917
1.091868
0.475521
1.464777
0.838814
0.962554
1.180528
0.843102
0.461953
0.919468
0.509401
1.413621
0.804674
1.318639
0.504320
0.591975
1.465801
0.970967
1.123863
1.115417
0.301387
1.299507
0.888552
0.730463
0.300145
1.318141
1.225070
0.967553
0.671723
0.956505
1.127501
1.118845
1.050254
0.912690
0.583692
1.062197
0.749955
1.439772
1.193200
1.062138
1.224239
0.568008
0.519675
1.663247
0.727278
1.077365
0.775152
0.603723
0.993737
0.887626
1.302238
1.529575
1.384720
0.484718
1.057972
0.701609
0.936571
0.576469
1.002417
0.798055
1.002164
0.908339
0.583866
0.267611
0.928542
0.411025
1.173237
1.113102
0.928383
1.279160
0.627635
0.425305
0.728075
1.123267
0.990437
0.367355
0.565592
1.087353
0.618529
0.658991
0.866355
0.212377
1.016621
1.329024
0.499083
0.641029
0.584161
0.308431
1.192200
0.641895
1.027416
0.631436
0.935746
0.880018
1.118767
0.789790
0.794858
1.241375
1.073671
0.651379
0.571402
0.689663
1.011836
0.378247
0.855327
0.723656
0.627995
0.792533
1.511613
0.333658
0.825873
0.413285
1.215697
0.880506
0.676401
1.079210
1.248740
1.060619
0.686876
0.565082
0.824550
1.258437
1.690473
0.892230
1.109613
1.121602
0.994297
0.481310
1.098155
0.661530
0.887164
0.737214
0.727522
0.914915
1.010483
1.137712
1.301781
1.098206
0.667053
0.927881
0.578884
0.650651
0.727549
0.864798
1.055628
0.499013
0.769793
0.494309
0.565203
0.779240
0.458630
1.101094
1.493413
0.843346
1.404841
0.950852
1.012034
0.555036
1.040108
1.131088
0.670347
1.049467
1.293058
1.159443
0.824549
1.226184
0.633124
1.235790
0.736953
1.075017
1.459891
1.513186
0.409277
1.270500
0.721298
1.166301
1.182172
0.849480
0.853667
0.699678
0.523419
1.350823
1.134933
0.803112
0.930402
0.674189
1.035003
1.661163
1.349819
1.055352
0.791724
0.552561
0.275579
0.910827
0.993931
0.293461
1.100338
1.115763
0.726576
0.926110
0.956683
0.855477
0.512337
0.367416
0.792052
0.979161
1.040805
1.064174
0.865263
0.587472
1.228763
0.483139
1.269107
0.536258
0.880678
0.517885
0.513091
1.532815
1.260576
0.843041
0.886366
1.100598
0.924245
0.489447
0.439503
0.952732
0.806873
0.751574
0.947202
1.289541
1.010639
0.664187
0.914019
0.193883
1.224910
0.836912
0.491312
0.579784
0.735190
0.718266
0.950909
1.378645
0.271948
1.288172
1.184290
1.159635
1.147389
0.413091
0.945090
1.492623
0.972226
0.343241
0.586742
0.782831
1.440912
1.259275
0.818667
0.733991
1.493460
0.952275
1.653651
0.956180
0.528386
1.016492
1.080689
0.788159
0.974222
0.395751
1.661375
0.779270
0.862145
0.933430
0.131359
1.107560
0.923884
0.720990
0.490527
1.163682
1.177764
0.691855
1.274701
1.348269
1.329842
0.936521
0.762901
1.107387
1.161360
0.890782
0.776041
1.448681
0.387073
0.556830
1.253843
0.589804
0.802687
0.812957
0.564389
0.885740
0.594407
0.792197
0.260721
0.696570
1.035373
0.697398
0.767971
0.615388
1.308137
1.469286
0.604373
0.748550
0.811799
0.557747
0.477227
0.968873
0.971652
0.557862
0.764007
1.007235
1.073156
1.003952
1.182120
0.663839
0.672679
0.502811
0.568467
0.805299
0.669814
1.196834
0.734473
1.209604
0.301011
0.895533
0.923739
0.670586
0.843121
0.951133
0.423946
0.502665
0.627816
0.982247
0.766385
0.813549
1.416078
0.845678
1.416646
0.746513
1.117956
0.878189
1.239425
0.694505
1.112224
0.696287
0.418611
0.756501
0.817202
1.028559
0.722389
0.825127
0.978275
0.997455
1.240025
0.611358
0.884015
0.952734
0.750646
0.666883
1.085123
0.836887
1.001853
0.389445
1.218204
0.757975
0.280252
1.056551
0.563253
0.775529
0.666911
1.201508
1.048187
0.301756
0.595407
0.827881
1.139696
1.369038
1.029509
1.121794
0.881574
0.968002
1.175146
0.814238
0.961751
0.745699
1.413829
1.216783
1.438643
0.976788
0.980656
0.916079
0.275955
0.553741
1.061273
0.792036
0.723325
1.037500
0.940918
0.810104
0.489607
0.723660
0.888493
0.653693
0.608937
0.136453
1.008266
0.771036
1.114565
0.947530
0.905596
0.616049
0.852598
0.884041
0.381297
0.298917
0.443038
0.734378
0.949732
1.110109
0.997611
0.538604
0.661339
0.850166
0.291017
1.580587
0.825090
0.371392
0.949606
1.324317
1.005127
0.771898
0.842101
1.194619
0.893895
0.614845
0.454083
1.225303
1.294050
0.826484
0.625516
1.051797
1.145517
0.965582
0.614366
1.186798
0.952760
1.580401
1.179363
0.250576
0.897229
1.221837
0.709777
1.287821
1.207534
1.000176
0.896804
0.522604
1.159870
0.729409
1.148313
0.812778
0.724487
0.764483
1.013508
1.262016
1.131064
0.905368
0.947487
0.739738
1.024246
0.491990
0.834819
1.292135
1.258125
0.998004
0.931687
0.660660
1.073245
0.440658
0.698499
1.604374
0.792370
0.880678
0.617276
0.809310
0.431031
1.488414
1.122517
0.912755
0.489647
0.697440
1.065606
0.900309
1.005233
0.727117
0.563786
0.314556
1.047329
0.654305
1.079406
0.762221
1.112695
0.809294
1.217239
1.464542
1.287059
0.458957
1.491184
0.566536
1.163187
0.855079
1.053946
0.701187
0.297251
1.010549
1.802451
0.379328
0.938799
1.217308
1.544376
1.010742
1.136985
0.685357
1.217962
0.717726
0.464541
0.667883
0.730546
0.472710
0.586762
1.321646
0.598007
0.892419
1.173980
1.164331
0.934486
1.139872
0.786582
0.238069
0.804304
1.304322
0.870793
1.008937
0.411898
0.461975
0.529054
0.754440
0.677945
1.230023
0.856522
1.053790
1.110521
1.205879
0.995136
0.579749
1.259129
0.512688
0.915911
1.356597
0.794670
0.855505
0.494927
0.938128
0.482936
1.569377
1.259503
0.394120
0.493596
1.036746
0.177120
0.949027
0.742437
0.743344
0.889102
1.118758
1.253563
0.174947
0.938734
0.977965
1.316021
0.845389
1.104030
0.984537
0.651883
1.440854
0.993444
1.087385
1.162859
1.655486
1.152381
0.316220
0.244050
0.679685
0.833291
0.247937
0.833283
1.438107
0.532684
1.031544
1.384130
0.947464
1.136158
1.172713
0.778660
1.269943
0.969376
0.970354
0.432833
0.972874
0.429474
0.258076
1.135859
0.952844
0.768563
0.831693
0.239148
0.818995
1.464501
0.850641
0.982404
0.856348
1.173445
0.670841
1.001333
0.934809
0.437258
0.893911
0.553038
1.051719
1.678534
1.400330
1.345804
0.849248
1.070854
0.915681
1.204420
0.534961
1.059840
1.021770
0.728957
0.492046
0.697114
0.467634
1.064162
0.753627
0.537849
1.317985
1.023536
0.958175
1.525060
0.578994
0.641514
0.509339
0.734228
1.074470
0.703082
0.650604
1.259238
0.844946
0.410304
0.514051
1.027637
0.742612
1.143259
0.685261
0.325031
1.191143
0.932452
1.151699
0.733303
0.225991
0.665850
0.612704
0.910895
1.142627
0.650103
0.838067
1.035543
0.699301
1.355478
1.136063
0.524337
0.750384
0.379404
1.207846
1.169854
0.655780
1.015917
0.998957
1.080305
1.201867
1.141796
0.501936
0.870629
1.233918
0.493654
0.451154
1.191946
0.774713
1.371765
1.072210
0.472389
0.588511
0.693467
0.817343
0.385618
0.808402
0.724227
1.147994
0.987106
0.741686
0.704186
1.109463
1.129856
0.709907
0.737485
1.123501
0.422347
0.499853
0.869406
0.481011
0.823582
1.121049
1.670416
1.087663
1.108676
1.069466
0.658279
0.866375
0.371840
0.709481
0.419700
0.753614
1.004749
0.822511
0.921428
0.878542
0.601787
0.698487
1.265714
0.795527
0.909676
1.502479
0.803473
0.914769
0.883998
0.494267
1.132521
0.296320
1.023511
0.699843
0.421137
0.365052
1.133277
0.757047
0.824174
0.959871
0.689938
1.350788
1.709657
0.742356
0.989355
0.598645
0.964741
0.997558
0.658932
1.264434
1.154255
1.120648
0.290667
0.547777
0.562728
1.119161
0.377761
0.656775
1.284275
0.683809
0.708604
1.068069
1.066085
1.326309
0.760965
0.454665
0.862935
0.995639
0.837493
1.219380
1.459836
1.145174
0.935542
0.379287
0.923368
0.649865
0.959333
1.165681
1.031761
1.157605
0.741250
0.349293
0.993315
1.107895
0.461541
1.176868
1.113220
1.210603
0.772623
0.468077
0.728844
0.613403
0.811191
0.973655
0.555402
1.105033
0.706464
1.024813
1.168429
1.221408
0.974983
0.694688
0.956778
1.100582
0.806250
1.105588
1.345579
0.921033
0.706979
0.763940
0.361726
0.938009
0.767410
1.502486
0.723305
1.191571
0.826309
1.003343
1.017213
0.832647
0.626107
0.904087
0.679085
1.053309
0.700643
1.152258
0.962579
1.060946
1.572951
1.036115
0.924571
1.259699
1.006916
1.146188
0.872692
1.741435
0.645658
1.185370
0.566724
1.065077
0.700245
1.043793
1.379783
0.522684
0.302043
0.731244
0.906027
0.595782
0.919661
1.050618
0.755551
1.149080
1.685797
0.979419
1.317150
0.537470
1.158183
1.260393
1.169216
0.972173
0.959646
1.137190
1.336003
0.961331
1.088907
0.568889
0.447457
1.533498
0.885502
1.239822
1.051722
1.467543
1.348936
0.600014
1.410461
1.017050
0.987668
0.961312
0.749246
1.033921
0.870470
0.802025
1.007988
0.581538
1.352652
0.973245
1.332710
0.528621
1.191939
1.086780
1.223696
1.100520
0.842677
0.892030
0.789397
1.609770
0.955046
0.946559
0.819259
0.995746
1.004585
0.315883
0.224258
0.561738
0.876935
0.275671
0.511323
0.625516
1.142881
1.382624
0.234730
0.801685
0.719985
0.693873
0.879558
0.416045
0.911811
0.673210
1.296909
1.019353
0.855162
0.803199
1.021783
0.760269
0.640955
0.557922
1.051636
1.261814
1.030328
1.308915
1.170741
1.296244
0.525600
0.677962
1.041273
0.888346
0.673604
1.191384
0.603863
0.551229
1.466512
0.835579
1.814581
1.131176
1.049951
0.815162
1.118091
0.984192
0.238458
1.130872
1.105637
1.045597
0.961169
0.887362
1.133240
1.007898
0.770286
1.210385
1.458339
1.014670
0.890438
0.815189
0.845207
0.622324
1.059468
0.852007
0.665199
0.947256
1.170961
0.618090
0.902237
0.980982
0.550538
0.872904
0.962653
0.887875
1.097461
0.560443
0.432216
0.744735
1.378582
0.825572
0.608212
1.272572
1.449928
0.919936
0.674663
1.488656
0.682040
1.108178
1.302208
0.632269
1.038446
0.391054
1.307699
1.251638
0.408293
1.265375
1.548860
0.426899
1.263705
0.754528
1.008874
0.773740
1.151924
0.695123
0.816507
0.744966
1.122040
0.718483
0.494524
1.460593
0.888234
1.388347
1.109583
0.735081
1.184702
1.413141
0.555739
1.002027
1.317596
1.531310
0.218360
0.765802
0.360625
0.854866
0.699153
1.053953
1.148280
0.881292
1.180411
1.375780
0.337735
1.008971
1.277638
0.807373
0.523131
0.453183
0.542686
1.345011
0.890172
1.176740
0.836468
0.431230
0.934479
1.050489
1.100387
0.765385
0.869721
0.926859
0.694253
0.575370
0.392573
0.843806
0.692758
0.879382
1.124177
1.020081
0.675607
0.302610
0.655461
0.478864
1.031121
1.152178
0.657979
1.095152
0.225895
1.220914
0.729329
0.478563
0.952748
0.620031
0.857041
0.844862
1.231825
0.431749
1.306921
1.194069
0.559443
0.787818
1.073414
0.904864
1.381460
1.081161
0.502908
0.891565
0.492089
0.601416
1.000610
0.882488
1.507874
0.982363
0.961035
0.889474
0.490506
0.891287
1.078081
1.162346
1.077304
0.970390
1.096967
1.052097
1.005192
0.945166
1.078460
1.252389
1.521033
1.535700
0.662731
0.633707
1.370759
0.586789
0.824492
0.803667
0.687106
1.467107
0.209181
1.453227
1.007303
0.409576
1.025744
0.987329
1.508054
1.019578
1.255351
0.959791
0.631276
0.655275
0.603106
1.166273
1.342240
0.580741
1.510306
0.795414
1.122084
0.659326
1.376586
0.334867
1.020360
0.784598
0.818112
1.011219
1.410092
0.973347
0.666186
0.667745
0.809307
1.111178
0.504871
1.482664
1.132197
0.542366
1.537365
0.138845
0.896945
0.987421
1.058652
0.510764
1.036556
0.502602
1.173525
1.069451
1.007836
0.896426
1.057338
0.767909
0.721247
1.296595
0.210830
0.725103
1.149958
1.173994
0.471219
1.498457
1.184086
1.158793
0.186561
0.934299
0.802257
0.586711
0.579857
0.633651
0.651751
0.944576
0.693040
1.280033
1.153087
1.051930
1.105466
0.966623
0.942101
1.056308
1.303801
0.997010
0.897791
0.863210
0.779167
0.959214
0.903520
0.479777
0.682946
0.869222
0.705913
1.483077
1.312630
0.634090
1.021190
0.721901
0.846264
0.537525
0.881111
0.683884
0.665149
0.778393
0.626436
0.529689
0.368969
0.495108
0.893975
0.874387
1.152075
0.999816
0.786251
0.643733
0.548105
0.603075
0.863602
0.989456
0.988241
1.038354
0.857470
0.960254
0.781611
0.524540
0.911485
0.443883
0.690904
0.946750
1.353991
1.188003
0.700396
1.199093
1.325760
1.019868
0.523125
0.828407
0.935682
1.078676
0.083901
0.844771
0.377973
1.470788
0.718291
0.546596
1.374194
1.087910
0.865413
1.010766
0.979417
1.372936
0.557171
0.795585
0.410853
0.771264
1.184509
1.230775
0.507996
1.111198
0.892700
0.892673
0.555471
0.964665
0.566942
0.689555
0.880054
0.967684
0.495312
0.902699
0.597448
0.682696
1.034515
0.925707
0.904083
0.640069
0.413441
0.895579
0.953723
0.762408
1.124340
1.010136
0.567705
1.633532
1.089138
1.015669
0.851274
0.872716
0.713137
0.725888
1.025938
1.063904
0.759650
0.695745
1.079346
1.285740
0.786265
1.216727
0.452594
1.343733
1.176154
1.067692
0.653079
1.219921
0.940806
0.608550
0.949344
1.066086
0.502561
0.328930
0.913586
1.100957
1.461658
0.155008
1.480936
0.889306
0.645687
0.826317
0.597006
0.944526
0.378676
0.957754
1.475241
1.495003
1.111459
0.714916
1.088560
0.935955
1.218977
1.032808
1.151253
0.723511
0.835676
1.378446
1.005756
1.457474
0.597713
0.697054
0.931856
1.151895
0.677651
0.487164
0.875798
0.901788
0.896542
0.589325
1.280796
0.138617
1.069666
0.919255
0.912199
1.190725
0.905890
0.936598
0.882472
1.522272
1.137994
0.260952
0.530607
0.334501
1.168634
0.780610
0.562415
0.867506
0.811825
0.570942
0.840555
0.744518
1.297651
0.526284
1.542636
0.271724
1.031949
0.655224
0.482910
0.523753
1.203565
0.743329
0.739402
1.156725
0.862965
1.440405
1.019985
1.392246
0.837328
0.679524
0.509351
0.732754
1.108530
0.433133
0.435427
0.936185
0.844834
1.239012
1.091635
0.356250
0.900206
1.102183
0.739451
0.618430
0.799317
0.771522
1.245647
1.083306
1.271861
0.911483
1.233171
0.722782
1.176002
0.551960
0.663733
1.214936
0.532926
1.055159
0.855375
1.260198
0.737529
0.514997
0.597357
0.801605
0.908257
0.743376
0.888949
0.667023
0.517577
1.412987
0.641755
0.734528
1.367574
1.070496
0.807132
1.004710
1.364954
1.688442
1.212971
0.680674
0.997465
1.006844
0.928143
1.090925
0.408682
0.717219
1.168102
1.487026
0.651403
0.995570
1.825227
0.832611
0.749676
0.376238
1.065568
1.022868
0.979999
0.901436
1.073432
1.114987
1.037224
0.939932
0.265440
1.260549
1.042679
0.921976
0.518622
0.335626
0.694340
0.993720
1.381717
1.038025
0.704496
0.298075
0.588026
0.821076
0.924321
0.672773
0.788944
1.206540
0.995907
1.315466
0.289188
1.447642
0.681315
1.288721
0.794936
1.065480
0.634182
0.749135
0.989062
1.544125
1.099034
0.613071
0.867588
1.181771
0.799355
1.557890
0.557469
1.411949
0.913396
1.139696
1.237672
0.647037
1.246616
0.838649
0.348685
1.793128
0.831578
0.676087
0.958761
0.832531
0.916037
0.731305
1.253431
0.961375
0.987901
0.976622
0.708364
0.499440
0.806756
1.115141
1.154566
1.119031
0.934555
0.348147
0.959170
1.514166
0.961143
1.340753
0.644506
0.711744
0.389280
0.652951
1.246620
1.638113
1.132091
1.385007
0.783484
1.138901
1.580019
0.827575
0.491914
0.956842
1.021332
1.390213
0.633825
1.094234
1.319909
0.549044
1.201243
1.114068
1.374674
0.610868
1.346530
0.770440
1.112657
1.311379
0.672460
0.599668
0.938753
0.509802
0.475603
1.317794
0.957800
1.264355
0.445399
0.850761
1.405380
1.406437
0.869568
1.291234
0.902545
0.992742
0.530957
0.997008
1.079020
1.192987
0.761293
0.699884
0.292921
1.212307
1.425691
0.771702
1.004925
1.068696
1.022505
1.444945
1.257747
0.506411
1.102533
0.672169
1.085963
1.020522
0.879230
1.130758
1.141184
1.100553
1.093629
0.671092
0.890945
0.765664
1.013400
0.721923
0.925377
0.857492
0.850102
1.340042
0.838033
1.449741
0.411603
0.538622
0.584763
1.001860
0.855262
0.297358
1.000101
1.103445
1.021766
1.338565
1.417370
0.649994
0.932605
1.517961
1.249680
1.193625
0.814298
0.667112
1.028682
0.467464
0.223279
1.195600
0.801446
0.338459
0.499885
0.989984
0.646853
1.006652
1.516959
0.284241
1.278628
0.754882
0.886719
1.198741
1.133165
0.543858
0.472020
0.562079
0.904212
1.235141
0.712313
1.250191
0.711955
0.926725
0.954079
0.644137
0.625496
0.703181
0.961944
1.349540
0.538553
0.613457
0.631705
0.852983
1.103451
0.904509
1.013316
0.318891
0.550836
0.922119
1.224317
1.324792
0.820988
1.315093
0.506360
1.045901
1.131944
1.311702
1.426337
0.410194
1.264567
1.083828
0.677414
0.887322
0.579994
1.032616
1.504041
0.857405
1.246899
1.386859
1.363061
0.547438
1.067617
1.231948
0.419919
1.050640
0.849999
0.876766
0.472623
0.746350
1.115165
0.788765
0.872646
0.197331
0.776399
1.050720
0.340372
1.000620
0.543625
1.436839
0.929010
1.181657
1.113737
0.895898
0.750837
0.810893
0.957036
1.502848
1.077178
1.329889
0.783873
1.134882
1.020622
0.587000
1.291540
0.960835
0.857279
0.771797
0.495880
0.576513
0.394619
0.895718
1.067955
1.261844
1.295432
0.699264
0.449940
1.548108
0.664191
1.101732
1.239579
1.299602
0.636354
1.053421
0.507815
0.915617
0.977734
0.980203
1.509769
0.349112
1.308213
1.043629
1.223023
0.687877
0.729521
0.982056
0.967121
0.429412
0.672929
0.855149
1.155327
1.112361
1.151258
0.610903
1.198047
0.827934
1.617937
0.130859
0.897878
0.315814
1.415350
0.922188
0.374118
0.279240
0.762123
1.145171
0.743890
0.801597
1.111214
1.071594
0.843343
1.158439
0.852638
1.087254
0.602230
0.976962
1.177655
0.886753
1.373232
1.099899
1.216856
0.916229
0.489560
0.597763
0.888101
0.948336
0.538689
0.769459
1.861256
0.348807
1.029251
0.548751
0.468771
0.794468
0.457259
1.621547
0.746404
1.179350
0.693025
0.892686
0.750845
1.169943
0.956505
0.480086
1.055358
0.470813
1.177864
0.571977
0.493435
0.571900
1.054267
0.765758
0.514297
1.341291
0.570071
1.272461
0.733920
0.892700
1.293297
0.588127
1.297332
0.280511
0.587514
1.081628
0.697502
1.267233
1.051091
1.433951
1.505232
0.933463
1.247788
1.376840
0.334847
0.602462
0.807048
0.740831
0.418446
1.035586
1.080303
0.971012
0.969603
1.377058
0.719756
1.139046
0.617450
1.203097
0.955485
1.021155
1.283650
1.031190
1.029733
0.244806
0.942018
0.822837
0.494412
0.923693
1.449738
1.047434
0.754955
1.031689
1.201307
0.964707
1.133877
1.067425
1.179861
1.188821
0.497484
0.730361
0.934319
1.281958
0.512578
1.303503
0.940388
0.633839
0.946577
1.054973
0.356911
1.154149
0.971242
1.219045
0.992219
0.643621
1.558075
0.733977
1.091723
1.425005
1.340398
0.783553
1.094498
1.043351
1.190154
1.219602
0.993104
1.116590
0.440778
1.207298
0.655694
0.217067
0.408795
1.278114
0.775815
1.476049
0.991980
0.903541
0.966672
0.560349
0.668665
0.582307
0.680879
0.558583
1.163107
1.220421
0.778959
1.380865
1.309513
0.405742
0.715487
0.994633
0.606796
1.021342
0.658855
1.100102
0.493658
1.192841
0.965607
0.359734
0.590816
0.764719
0.577891
1.173642
0.651113
0.564097
0.823591
0.811913
0.904492
1.043074
1.322921
0.954596
0.864945
1.110365
1.312353
1.140733
1.206259
0.670670
0.763441
0.585359
0.787718
1.293207
1.295472
1.314704
0.912273
1.211016
0.751949
1.424987
1.575361
1.489598
0.711932
0.556852
0.687493
1.382278
0.450192
0.513183
0.817557
0.703702
0.922848
0.539487
1.134258
0.470007
0.969290
1.136334
0.798663
1.428498
1.372125
0.614190
1.624729
0.717693
0.964537
0.434131
1.222047
0.587115
1.432454
1.167758
1.208736
0.867311
0.779617
0.749230
1.146123
0.380868
0.548290
0.850983
0.830851
0.662592
1.174054
1.200487
0.700427
0.943252
1.117854
0.399506
1.489448
0.820999
0.736421
0.678270
1.314972
0.220404
0.936847
