0.954191
1.021092
0.904386
1.042761
0.973110
1.088934
1.078003
0.861548
1.158651
1.160421
1.103673
0.966196
1.142534
1.052151
1.017146
1.000882
0.939384
1.166357
0.656427
1.113515
0.799894
0.958065
1.069297
0.814776
0.925860
1.098911
0.879147
0.959896
0.791636
0.845082
0.833197
1.015474
0.878170
0.815226
1.309833
1.022914
0.934662
0.648663
0.678565
0.920965
1.043511
0.556046
1.124813
1.032646
0.663730
0.686787
0.937645
1.117058
0.829189
0.818979
0.638990
0.897699
0.567416
0.699676
1.068813
0.718594
0.783770
0.973614
0.331961
0.604728
1.096461
0.764951
1.092486
1.091892
0.905471
0.991819
0.931267
1.118091
0.971470
1.202632
0.773716
1.073778
1.091474
0.901017
0.711728
1.037574
1.074550
0.964340
1.288579
1.105491
0.890553
0.550603
0.875695
0.830536
1.120800
1.163004
0.942385
0.953608
0.980862
0.611517
0.985097
1.039075
1.294962
0.646945
0.741279
0.608168
0.921747
0.835384
1.029774
0.590632
1.234144
0.585695
1.168215
1.209591
0.977502
1.203873
0.517879
0.483552
0.973388
0.949153
0.716286
1.032637
0.887364
0.881584
0.802229
1.149331
1.023807
0.713372
0.406363
0.833772
0.958600
0.840284
0.514787
1.009125
0.922219
0.932030
0.986588
0.890976
0.797596
0.730073
1.232027
0.952934
1.130007
0.591997
0.980302
0.502732
0.767218
0.341453
0.444415
0.932625
0.794520
0.542924
1.088805
1.139273
0.934094
0.892305
1.141546
0.997130
0.698023
0.901109
0.673363
1.050021
0.978842
0.855025
1.018830
0.990979
0.917790
0.838631
0.708844
0.936200
0.485545
1.215379
1.089428
0.852713
0.991740
1.028911
1.027921
0.928316
1.118316
1.309446
0.850015
0.903227
0.881406
1.367920
1.001069
1.015185
0.814187
0.842365
0.939212
0.884361
1.008992
0.752342
0.364490
1.089381
0.814733
1.267442
0.535144
0.590598
0.876742
1.110452
1.127091
0.719465
0.496655
1.022014
0.733952
1.259153
1.187504
1.143011
1.287543
0.788783
1.027200
1.029182
0.717623
1.060996
1.101903
0.981365
0.802813
1.318801
1.185172
1.035771
1.036232
1.039084
0.936315
1.016611
0.767562
1.068227
1.061358
0.748256
0.786480
0.832377
0.825021
1.048432
0.839749
0.680392
0.809275
0.718885
1.053690
0.935459
0.859809
0.850694
1.204381
0.396890
0.866638
0.976320
0.943026
1.154559
0.857528
0.697798
1.068610
0.965063
0.710962
0.493479
1.066425
1.040039
1.117318
0.864629
0.998095
0.809916
1.108883
1.075430
0.939354
1.056503
0.627837
1.163938
0.890454
0.953950
1.190525
0.566825
0.962520
0.982001
0.804785
0.788662
0.975867
1.076270
0.641456
0.827569
0.925552
0.869172
0.807473
1.063112
1.030022
0.846586
0.890522
0.618351
0.961005
0.941743
0.937921
0.851385
0.788320
0.855344
0.948569
0.876755
0.951697
0.981450
0.653851
1.236645
1.001279
0.702821
0.899394
0.414377
0.824392
0.848766
0.763813
1.103282
1.387849
1.108434
0.991631
0.691331
0.951783
0.629689
0.656840
1.084435
0.697675
0.689849
0.668893
0.972855
1.222199
0.528017
1.166534
1.052983
0.972504
1.006529
0.898730
0.563916
0.831188
0.709328
1.156164
0.617258
0.885026
0.741398
0.770333
0.817617
1.008164
0.945106
0.983636
0.732496
1.087452
0.995437
1.089206
0.902946
0.820986
0.855044
0.857266
1.172939
1.053655
0.760879
1.064596
0.854776
1.078614
0.768236
1.005858
1.008678
0.857003
0.727270
0.984226
1.162877
1.099241
0.961052
0.642367
1.219415
0.691563
0.848346
0.783866
0.799369
0.845081
0.874949
0.725762
1.146577
0.952188
1.098991
0.706400
1.044257
0.678712
1.001582
1.068408
0.726674
0.284175
0.692951
1.259707
0.764427
0.810754
1.320911
0.840062
0.930611
1.039312
0.735627
0.997993
1.212275
0.943161
1.016532
1.154970
1.042137
1.203926
1.158955
0.976189
1.048520
0.559811
0.827988
0.734673
0.975328
0.886494
0.889423
0.755442
0.900705
0.713360
1.010277
0.902995
1.166821
0.543975
0.703375
1.223617
0.744022
1.171330
1.262943
0.757589
0.829430
0.799806
1.243184
0.940656
1.092468
1.074663
1.012206
0.875907
0.791310
0.980958
1.269059
0.495905
0.912731
0.929489
1.032543
0.898150
0.895144
0.811845
1.141178
0.371977
0.868381
1.103870
0.918120
0.690718
0.975944
0.721976
1.079496
0.749795
1.185294
0.931555
1.017399
0.931235
0.917665
0.873167
0.977497
0.838488
0.953626
0.917621
0.921033
0.907281
1.038317
0.778319
0.660519
0.267876
1.046209
0.652531
0.795925
1.303018
0.962460
1.001158
0.839110
0.965273
1.312467
1.058360
0.834493
1.244002
0.615540
1.023748
0.867187
0.798749
0.946862
0.920497
0.965229
0.742802
0.723134
1.161128
0.933678
0.948146
1.002349
1.200314
0.874413
0.744843
1.050051
0.639684
0.751355
0.811700
1.017819
0.924118
1.122879
1.014543
0.807894
1.082187
1.075371
1.102829
0.770720
0.622570
0.665212
0.948302
1.243979
1.295298
1.135590
1.038266
0.952199
1.142560
0.858297
1.098871
0.748349
0.831395
0.659774
0.960020
0.648338
0.754881
0.746330
0.740795
1.016093
0.973498
0.842727
0.990205
1.077718
0.931133
0.900644
0.779130
0.955839
0.887997
0.543315
0.827572
1.089627
1.119369
1.237215
0.936764
0.567636
1.046045
1.329159
0.788220
0.953934
0.791658
0.838675
0.923694
1.051867
1.080473
0.932688
0.757605
0.946096
0.937410
0.891636
0.900900
0.362349
0.889427
0.519368
0.718259
0.794848
1.043832
0.251344
0.876490
0.878359
1.174741
0.870287
0.920623
0.801845
1.335001
0.616049
0.810406
0.874987
0.780788
1.073021
0.751529
0.889807
1.071203
0.860334
0.830227
0.783224
1.054356
1.010039
0.718095
0.620876
0.727244
0.960344
1.009011
0.845513
1.170084
0.893740
0.793802
1.132898
0.996692
1.219926
1.207192
0.864606
1.006953
0.960142
1.204110
0.495319
0.411461
0.878892
0.684463
0.991317
0.998818
0.795972
0.923382
0.723488
0.723382
0.986494
0.943715
1.145043
0.834642
0.688821
0.627918
1.241625
0.864057
1.253076
1.051976
1.062467
1.098812
0.703942
1.185950
0.717960
1.151189
1.183709
0.598966
0.882287
0.782576
1.080691
0.877324
0.624347
0.854009
1.081618
0.896786
1.049373
1.300962
0.872986
0.678593
1.123739
1.068426
1.085726
1.141026
1.151375
1.272450
0.867894
0.610250
0.948894
1.020185
0.882706
1.263965
0.576226
1.032181
0.747717
0.689021
1.146466
1.106244
1.129343
1.057588
1.008734
1.248061
0.806183
0.769845
1.231924
0.784882
1.059766
0.809396
1.046866
0.958461
1.162176
0.592384
0.867609
1.005248
1.103567
0.838038
0.677294
0.894451
0.661557
1.057875
0.778203
0.962442
1.150058
0.948420
1.267162
0.751561
1.086968
1.072617
0.976282
0.891177
1.173946
0.973693
0.740310
1.186651
0.877017
0.650769
0.853913
1.055336
1.143307
0.835296
0.738558
0.578237
0.903176
0.776112
0.511295
1.271490
0.851320
0.463974
1.089178
1.110469
1.112351
1.061705
0.942270
0.417287
0.822854
0.860473
1.244737
1.199266
0.932479
0.817931
1.005222
1.015154
0.904122
0.622694
0.832542
0.823492
0.851577
0.976729
0.979249
1.112793
1.234273
0.945724
0.764453
0.942356
0.906890
0.939176
1.092002
1.185229
0.770687
1.028360
0.801829
0.978018
1.128359
1.129785
1.105993
1.231910
1.203252
1.206539
1.116547
1.124121
0.906331
1.157403
1.014428
1.031510
0.477278
1.192639
1.158691
1.133905
0.950236
0.764607
0.553424
0.993735
0.863582
1.107906
1.302677
0.728512
1.087036
0.592199
1.007629
0.941840
0.981698
0.973705
0.899086
1.121578
0.929500
0.736568
1.048059
0.795615
1.085068
0.577162
0.894580
1.017758
1.079233
1.031565
1.025492
0.866717
1.080226
1.016631
0.756009
0.783823
0.676034
0.564374
1.330103
0.867562
0.509002
0.667152
0.783913
0.747287
0.752700
1.011360
0.815900
0.823574
0.969254
1.131015
0.876225
0.718410
0.543837
1.162358
0.673399
1.024063
0.861872
0.439499
0.892347
1.040072
1.176762
1.095593
1.256073
1.071067
0.922010
0.811584
0.570644
0.994604
0.781239
0.942463
0.348920
0.976836
1.410457
0.801626
0.802234
1.168564
0.682840
0.858976
0.944106
0.757899
0.411562
0.748364
1.032986
0.695285
0.583291
1.244994
0.825304
0.526752
1.056170
0.822334
0.561185
0.937345
0.605830
0.907197
0.810789
1.187466
0.646229
0.662030
0.853772
1.262710
1.190868
1.061541
0.997215
0.903736
0.723439
1.293408
0.839012
1.201489
1.166182
0.836266
0.623927
0.748705
0.584219
1.055171
0.908934
0.874820
0.938047
1.166588
0.934395
0.722875
0.793750
1.230280
1.199267
0.719476
0.852886
1.236356
1.115087
0.738779
0.924415
0.825266
0.884864
0.965386
0.822008
1.210358
0.458109
0.941106
0.947327
1.196775
1.136423
0.971163
1.139635
0.772516
1.166929
1.149862
0.775255
0.998832
0.616760
0.809550
0.900812
0.993767
0.760727
0.604701
1.148572
1.100375
1.146710
1.078515
1.119424
1.008988
1.016563
0.836306
1.132525
0.344520
0.869073
0.926552
0.811414
0.829548
1.070515
0.998457
0.528065
0.369631
1.393808
0.455734
1.296826
0.766821
1.143796
0.724270
1.021565
0.574000
0.749198
1.027788
0.883694
1.256784
0.632204
1.040748
1.154741
1.046255
0.778169
1.168111
1.117722
1.151163
0.702043
1.263496
0.830450
1.056622
0.816005
0.832569
0.941993
0.897423
0.978083
1.092488
0.933480
0.536684
1.104161
0.757625
1.083203
0.725252
0.996185
0.557306
1.088406
0.803669
0.950040
0.985850
0.394947
1.260639
0.850664
0.982409
0.765149
0.970568
0.796247
0.868631
1.098343
0.909964
0.948203
0.911104
0.478961
0.926816
1.052621
0.624204
0.802646
1.053725
0.765749
0.639220
1.159127
0.899567
0.682641
0.832403
0.664019
0.901541
0.798861
0.815430
1.168797
0.693681
0.798224
0.749890
1.140693
0.728912
0.797154
1.324027
1.152720
0.752700
1.151052
0.535607
1.150296
0.711584
0.523449
1.059484
0.599138
1.123367
1.354416
1.110611
1.254287
1.082457
1.093739
1.052353
0.866854
1.015216
0.778336
0.819673
0.895820
0.530538
1.262873
0.924832
0.708020
0.761684
0.749945
0.858266
1.004623
0.954808
0.785436
0.630685
0.759131
0.714422
1.277630
1.155843
1.104826
1.136610
1.070017
0.819308
0.862872
0.972919
0.978894
0.933114
1.054582
0.976353
0.621860
1.102826
0.891409
0.809648
0.476163
0.591353
0.931563
0.927155
0.957683
0.908033
1.278663
1.215412
1.306906
1.244024
0.892555
0.884278
0.912404
0.596677
0.813472
0.737735
0.978650
0.641253
0.989129
0.786451
0.973693
0.541113
0.989574
0.968308
0.606183
1.211215
1.030279
0.771176
1.004659
0.722740
0.725074
0.906658
0.893578
0.675555
1.044619
0.938626
0.531281
0.831953
1.195067
1.112529
0.729887
1.057197
0.782144
0.879638
1.008073
0.885811
0.779082
0.860553
1.109796
0.913117
0.936932
1.099302
0.706040
0.975528
0.811713
0.973820
1.257226
0.878319
0.987277
1.316205
1.119989
0.591150
0.955181
0.873305
1.132799
0.850309
0.793524
1.039444
0.867171
0.769637
1.125924
1.058730
0.503359
1.033193
0.725837
0.470797
0.920642
1.091876
0.868899
1.014891
0.999865
0.797616
1.159181
0.972058
1.122429
0.335415
0.837190
1.078624
0.976461
0.503987
1.257151
1.112947
0.919568
0.760534
1.248107
1.054008
0.969935
0.933561
0.773580
0.970522
1.197681
0.924562
0.843402
0.873303
0.890400
0.549911
1.085562
1.046755
0.881898
0.837100
0.698819
1.223774
1.147595
0.809033
0.442862
1.071383
0.900021
1.178820
1.305076
0.702294
1.148747
1.117426
0.841739
0.776556
1.075010
0.901238
0.852240
0.753562
1.119744
0.459458
1.066474
0.872670
0.809002
0.748326
0.822688
1.166846
1.089173
0.917137
0.777303
0.890961
0.988485
1.077239
1.077076
0.958138
1.095503
0.727194
0.859753
0.730128
0.943396
0.988506
1.179542
0.929550
0.808380
0.805727
0.863176
0.420969
0.966357
0.992511
1.016426
0.768161
0.986853
0.951482
0.780259
0.751334
0.986565
1.279022
1.150283
0.765350
0.859845
0.871115
1.081844
1.095055
1.086135
0.855527
0.900125
0.852090
0.674953
0.981166
1.034090
0.831427
1.078097
0.900311
0.584654
1.182775
0.678814
0.632626
0.660542
0.954234
1.029938
0.888152
0.259434
1.162484
0.783182
0.932597
1.095529
1.127305
1.109695
0.886802
0.470210
0.806054
0.710836
0.893496
0.698846
0.979397
0.775458
1.064851
0.928362
1.313568
1.193180
0.997844
0.715815
0.552138
0.973171
1.222883
1.136449
0.797889
0.974145
0.869824
0.877633
0.559892
1.047665
0.926266
1.121933
0.585585
0.593819
0.912052
0.933607
1.244749
0.921282
1.147817
1.295770
1.005574
1.114847
1.058475
1.045594
1.008480
1.012201
1.148421
1.026114
0.909173
0.935396
0.806415
0.992803
1.087894
0.909298
1.008181
1.098737
0.839650
0.700739
0.952305
1.117616
0.780072
1.326888
0.897609
0.960720
1.078183
0.678243
0.854563
0.794084
1.106420
1.306432
1.022095
0.996598
0.973179
0.957977
0.879770
1.004103
1.013917
1.150085
0.872106
0.966544
0.843689
1.089985
0.905487
0.911395
0.944391
0.756992
0.720409
0.896717
0.592141
0.940574
0.790958
1.180981
0.866863
1.015195
0.992229
0.981136
0.975776
0.504419
0.924660
0.951513
0.852979
0.593341
0.697563
1.131156
0.972801
1.018543
1.121886
0.942930
0.503094
0.855789
1.005760
0.870131
0.639373
1.208489
0.808904
0.866584
0.875991
1.105299
0.862538
1.150060
0.576977
1.101491
0.776473
0.966078
0.855916
0.942758
0.985728
0.916734
0.698170
0.750459
0.827985
1.106323
0.822067
0.696891
0.758984
0.855800
0.536341
0.842279
0.877198
0.621018
0.871947
0.902235
1.107759
0.509109
0.834626
1.158304
0.963851
0.779494
0.879166
0.859412
0.738507
0.963591
0.897470
0.951068
0.406834
1.047510
1.051204
0.776217
0.469433
1.355373
0.971869
0.682018
0.861911
0.777242
0.988569
0.790827
1.265073
1.163417
0.686511
1.120148
0.878302
0.799295
0.877591
0.983436
0.746815
1.010079
0.922911
0.982568
0.760885
0.993135
0.825340
1.128341
0.698018
1.232018
0.861271
0.893768
0.962413
0.915893
0.247574
1.038549
1.054034
1.302861
1.000385
0.804132
1.182455
1.214669
0.943134
1.049832
1.136089
0.989834
0.792466
1.220144
1.174412
0.655070
1.002849
1.099756
1.106820
0.649290
0.833006
0.967051
0.898140
1.048618
0.883894
1.152555
1.212556
1.149172
1.333026
0.646971
1.289129
0.610949
0.756932
0.603038
0.881862
1.169653
0.825229
0.692947
0.921951
1.025549
0.910039
0.937593
1.058429
1.163325
1.245025
0.964910
0.934528
0.393894
1.100625
0.937162
1.070643
1.065151
1.090371
1.022336
1.118120
1.152817
0.615678
1.194983
0.771328
0.868409
0.597035
1.292998
1.133891
1.050394
0.887558
0.845399
0.977109
1.121235
0.985641
1.086892
0.852823
1.199405
0.842635
1.056368
1.343390
0.835077
1.072782
0.643656
1.085545
0.779767
1.013469
1.039173
1.045576
1.149102
1.049685
0.551802
0.912099
0.558055
0.836375
1.086583
0.414732
0.722101
1.016248
0.599673
0.925186
0.923266
0.891813
0.842703
0.966183
1.042982
1.196186
0.877478
0.509761
1.056280
0.901321
0.687997
1.007235
1.173041
0.948992
1.370429
1.207675
0.784050
1.009079
0.266377
0.802053
0.582585
0.793898
0.817759
0.543991
0.827189
0.888998
1.060141
0.605280
0.732212
1.031513
1.095068
1.017017
0.745547
0.941826
1.028694
0.895841
0.669739
0.937916
0.643500
0.895548
0.973109
0.716099
0.935967
1.026204
0.912647
0.758553
0.890463
0.831352
0.847729
1.071282
1.095822
0.765612
1.180911
0.717775
0.729825
0.883521
0.629114
0.834561
0.927989
1.107876
1.228283
1.142300
0.941931
0.750290
0.894728
0.876188
0.885584
1.021764
0.863250
0.641080
0.832159
0.970398
0.905576
0.592905
0.950344
0.810061
0.322585
0.980851
1.074254
0.635039
0.965783
0.748229
0.890826
0.489477
0.721526
1.031785
0.823717
0.809388
1.040466
1.270331
0.737319
1.062560
0.617054
0.622705
0.979066
0.764829
0.895003
0.922698
0.808864
0.783652
0.705971
1.205812
0.740955
1.068847
0.858494
0.857105
0.945038
0.720963
1.245291
0.982800
1.145662
0.987401
0.919107
0.967061
0.761154
0.902898
0.949576
1.152283
1.234861
1.157445
1.310571
0.985011
1.183058
0.505664
1.022439
1.314890
1.192552
0.560144
0.671709
0.927547
0.795047
0.808141
0.824237
0.506323
0.777401
0.928967
0.977436
0.953868
0.893649
0.901435
0.748807
0.738936
1.138833
0.918985
1.175076
0.518245
1.028277
0.607113
0.751791
1.157546
1.125389
1.221698
0.894558
1.036545
0.557434
0.862734
0.864007
1.114590
0.833780
0.741365
0.507100
0.571323
1.256215
0.953997
0.934312
0.473105
1.079944
1.166941
0.866261
0.955666
0.842684
1.080703
0.977047
1.006588
0.796218
0.940789
0.893198
0.677101
0.823823
0.641058
0.864248
0.783870
0.861581
0.838299
0.852297
1.118202
0.898977
1.184643
0.847482
0.905929
0.851755
1.134578
1.185650
0.834860
0.751846
1.096014
1.082024
1.093165
0.829763
0.794885
1.010006
0.913770
0.939290
0.870584
0.780205
1.014339
0.895565
0.939685
0.756614
0.899555
0.851333
1.135616
0.768140
0.687545
0.666753
0.921875
1.079679
0.712879
1.021286
1.285093
1.042283
1.252495
1.106414
0.503325
0.894226
0.846915
0.789246
0.911347
0.973005
0.841784
0.966419
1.042060
0.882021
0.825995
0.964612
0.552988
1.049689
0.792185
1.039673
0.995674
1.117635
0.676599
1.189561
0.977569
0.830479
1.161208
0.978809
1.003456
0.826625
0.867000
0.555431
0.946651
1.107752
0.974992
1.043046
1.012107
0.737228
0.859401
1.333585
0.704975
1.038804
0.774728
0.458778
1.124385
0.505697
0.525603
1.215776
0.936808
0.679296
0.888578
0.710013
0.686856
0.929627
0.693391
0.930042
0.871106
0.557377
0.348893
0.849289
1.214665
0.529368
0.868804
1.059745
0.986407
0.831782
1.133896
1.009311
0.762745
1.199887
0.727887
1.194864
1.099813
1.107563
0.800806
0.632690
0.614813
1.082017
1.018602
1.083441
0.883747
0.943382
0.416774
1.192689
0.611022
0.808884
0.904957
0.876836
1.146727
1.079375
1.008674
1.041183
0.895202
0.862006
1.150095
1.173729
0.900010
0.994448
0.915295
1.138302
0.873114
1.032136
0.749777
0.838796
0.987009
1.076038
0.886077
1.116228
0.784668
0.962578
0.972951
1.156449
0.750941
0.715869
0.881778
0.708932
1.102837
0.604401
0.628470
1.140100
0.681281
0.708710
1.172726
0.787413
1.182707
0.621575
1.166930
0.856424
0.802840
0.902526
0.829095
0.801141
0.744712
1.198245
1.109588
1.081944
0.828587
0.760970
0.549751
0.641110
1.046744
0.933078
1.048636
0.852153
0.772366
0.983143
0.446194
0.824159
0.748213
1.005223
0.936879
0.917107
0.737805
0.920368
0.749931
1.079568
0.537628
1.127576
1.023648
0.939934
0.796051
1.296110
0.958678
0.834321
1.058634
1.074660
0.734970
1.220511
0.941946
0.738505
1.376288
1.070785
1.144429
0.771034
1.124475
0.804651
0.827657
1.015872
1.005999
0.878858
0.557706
0.849895
1.038824
0.617366
0.970126
0.881885
0.998642
1.013621
0.837553
0.855943
1.101652
0.762875
1.048742
0.989443
0.972854
0.832564
0.822750
0.495795
0.862815
1.057621
1.197010
1.159530
1.119599
0.996935
0.571281
1.209327
0.933486
0.983263
1.058630
0.985200
1.341611
0.618861
1.025592
0.913356
0.747942
1.292802
0.843985
1.014106
0.905659
1.382140
0.989356
0.672973
0.784027
0.879742
0.938418
0.983982
1.201959
1.056821
1.089341
0.738157
0.833774
0.921747
0.845217
0.859176
0.981291
1.295372
0.756883
0.969873
0.941922
1.123544
1.004001
1.108580
0.770073
1.183615
1.106276
0.854581
0.969730
0.943232
1.002792
0.899692
0.811404
0.842685
0.681253
0.505291
0.889868
0.969320
0.910636
0.499010
0.721587
0.835752
0.852722
1.001475
0.773245
0.718959
1.054425
1.069609
0.891300
0.910052
0.941012
0.649714
1.004824
0.789855
0.683473
0.901339
0.898995
1.167112
0.987151
1.128588
1.023224
1.339532
0.715027
0.966725
0.901934
0.685572
0.826724
0.588574
0.997618
1.048215
0.762240
1.127449
0.787826
0.789032
1.060675
1.029076
0.807129
0.917196
0.930154
0.963554
0.570970
0.586679
0.672432
0.778278
0.668337
0.829978
1.267136
1.029382
1.108900
0.704660
0.804111
1.067851
0.939312
0.875914
0.977133
1.093008
0.704737
0.883170
0.983848
1.122352
0.812200
1.059303
0.839195
1.053601
0.535855
1.091778
1.167739
1.043541
0.735216
1.042131
1.001731
0.818451
0.902263
0.890124
0.792054
0.858877
0.883114
1.032551
0.646414
0.438238
0.542916
0.977607
0.744798
1.135929
0.507091
0.765993
1.050256
0.646591
1.090639
0.684406
0.989639
0.668729
1.002145
0.799929
1.235992
0.929645
1.071990
0.599687
1.110715
0.636193
0.947814
0.598435
1.036090
0.830705
0.934638
1.221674
1.049547
0.900361
0.743210
0.626342
0.691273
1.065031
1.015421
1.007215
1.102282
0.714712
1.092041
0.968547
1.034505
1.051499
0.518052
0.715074
1.085834
0.931805
0.769829
0.880542
0.819301
0.627425
0.848822
1.245743
0.887760
0.600603
0.731827
0.869942
1.174976
0.992551
1.146899
0.956609
0.775183
0.942232
0.778469
0.613707
1.159681
0.931077
0.470437
0.703134
0.833089
0.960535
1.157791
0.751814
0.854842
1.386211
0.745818
0.714611
0.752892
0.774729
1.120005
0.823477
0.763436
1.204075
0.943346
0.339037
0.978500
0.635868
1.194001
1.157479
0.614632
1.146456
0.834364
0.966513
0.854240
1.024541
0.778907
0.895866
0.799655
1.158631
0.774489
0.818700
1.179868
0.944328
0.820348
1.246528
1.267339
1.067664
1.073147
1.015250
1.108365
0.466124
0.779298
1.098803
0.817311
1.055769
0.917854
0.962679
1.021243
1.144760
1.209318
0.867125
0.915254
1.015424
1.293955
1.183738
0.878346
1.152506
0.670995
1.233378
0.462787
0.984474
0.888142
1.216772
1.089264
0.975654
1.056021
1.128876
1.129406
0.834655
0.817145
1.019529
0.702832
0.807079
0.914119
0.631368
1.032055
1.067633
0.744274
0.958529
1.049205
1.087731
1.110417
0.559569
1.188434
0.908153
1.080045
0.916977
1.185360
0.456305
1.133633
1.109424
1.251898
0.928979
1.119167
0.835809
0.562000
1.018019
0.865640
0.782322
0.878377
1.037680
0.545137
0.834355
0.766496
0.858537
1.306042
1.201205
1.046382
0.891512
0.566210
1.030583
0.811169
0.769135
1.283700
0.805639
0.733890
0.675723
1.100229
0.633753
0.882738
1.141443
0.812447
0.996997
0.786069
1.194738
1.029967
0.999588
0.871532
1.116886
0.684864
1.300232
1.094448
0.551004
0.673363
0.901878
0.976378
1.279099
0.934095
1.247705
0.956729
1.037250
1.206561
0.908113
0.784255
0.803279
1.292052
0.790001
0.953261
0.526704
0.590911
1.034119
0.776264
0.929910
1.411664
0.667987
1.038835
0.971078
1.363210
0.668802
1.066053
0.747792
1.017721
1.259711
0.521702
1.006852
1.184180
1.293001
0.635294
1.228659
1.019423
0.744109
0.703424
0.888969
0.996886
0.924263
1.064499
0.507660
1.355288
0.841202
0.808818
1.030047
0.903008
0.914052
0.777526
1.018997
0.622418
0.922964
0.707837
0.933267
0.840753
0.859449
1.146376
0.933313
0.592815
0.911503
1.060499
0.551251
1.102832
0.891445
1.448602
0.961838
0.835105
0.797269
0.813768
1.213823
0.931439
1.168452
0.784605
0.995670
0.813882
0.668811
0.760812
0.989855
0.906230
1.091647
0.423707
1.132407
0.591611
0.692085
0.757334
0.694622
0.856600
0.993718
0.782031
0.884013
1.160934
0.801974
0.576422
1.001765
0.626010
0.838486
0.874430
0.725929
0.882062
0.793550
1.024437
0.866232
0.396127
1.129557
0.995728
0.950739
1.009536
0.801188
1.120714
0.634668
0.965323
0.793080
0.764588
1.143184
0.685106
0.546806
0.909794
1.089681
0.645600
0.727133
0.721717
1.098699
1.013725
1.135241
0.967959
1.017602
1.218266
1.023273
0.835641
1.036163
1.109418
0.656584
0.713866
1.157090
0.723264
1.342386
0.849907
1.247537
1.085125
0.865997
0.646588
1.184951
0.760886
0.895525
1.249786
1.017344
0.735194
1.004486
0.935647
0.828000
0.848391
0.924400
0.727654
1.407134
0.879978
1.090568
1.139383
0.846246
0.926099
1.012625
0.895163
1.281901
0.830097
0.907530
0.538698
0.771069
1.221745
1.010189
0.876588
0.836436
1.051106
1.098046
0.788982
0.763205
0.991896
1.119696
0.625675
1.138084
0.805057
0.804259
1.123468
1.074529
1.142551
0.878540
1.002662
0.863342
0.899921
0.546102
0.839253
0.940469
0.942464
1.299520
0.765656
1.164691
0.827634
0.829425
0.656765
0.598545
1.169951
1.315851
0.940931
1.039666
1.028345
0.720628
1.035530
0.807778
1.243985
1.036212
1.115323
0.885702
1.183003
0.585805
0.655847
1.049326
0.686312
1.258120
1.083832
0.848276
0.881147
1.078979
0.897430
0.509735
1.184807
1.057222
1.105273
1.124127
0.756789
0.710240
1.216888
0.990805
0.981491
1.278643
1.109885
1.311075
0.822805
0.685488
0.626804
0.965530
0.961436
0.733128
0.548050
1.101682
0.984118
0.803309
0.749132
1.352075
0.762562
0.586480
0.842731
0.817719
0.690431
1.034883
0.957699
0.515695
0.963808
1.335576
1.000122
0.631527
1.151746
1.015339
0.701907
0.635576
0.951016
0.597476
1.109190
0.568999
0.972651
1.018908
0.929713
0.876865
0.503062
0.625566
1.176450
0.884124
0.769659
1.159871
1.204511
0.799809
0.889334
0.719782
0.963979
0.670043
0.778539
0.431188
1.166552
0.525421
0.663117
1.243744
1.167986
1.106609
1.090178
0.965251
0.700841
0.992298
1.156017
0.836175
1.052773
0.552774
1.223248
1.012002
0.719580
1.038730
1.210176
0.737724
0.777899
0.967677
1.123588
0.992553
1.172647
0.883094
0.765655
0.844013
0.862741
1.114940
0.750105
1.081605
0.771833
1.013930
0.718414
0.802323
0.612129
0.761006
0.819537
1.004372
0.744212
1.127697
0.793768
0.925530
0.875992
1.025109
0.684118
0.853992
0.735303
0.853360
1.088510
1.265921
0.804573
1.187811
0.607090
0.990085
0.765870
0.559977
0.987806
0.932865
1.132962
1.284115
0.749657
0.446905
0.884671
0.906053
1.074550
0.552809
1.023666
0.836910
0.658078
0.814334
1.052151
0.974724
0.678626
1.178880
1.035391
0.872750
1.048966
0.677901
0.832914
0.834720
1.268719
0.981634
0.761375
1.082413
0.938714
1.198736
1.040698
1.357851
1.022828
0.890851
0.750101
1.040775
0.856451
0.578953
1.059611
0.729935
1.165968
0.967904
0.690260
0.773039
0.591058
0.873198
0.801477
1.083677
0.950932
0.617565
0.880956
0.896146
0.982441
0.915353
0.974877
0.557733
0.884254
0.811691
1.240341
1.176552
0.938819
0.498364
1.015364
0.548001
0.952745
1.009368
0.982200
0.850573
0.821899
0.793550
0.785393
0.977650
0.942487
0.852345
0.603655
0.636799
0.800287
1.092988
0.953661
1.163021
0.664727
0.511973
0.818658
0.843339
0.745649
1.110535
0.940373
0.933695
0.838266
1.037386
0.947101
1.054129
0.924110
0.964426
0.923639
0.941122
1.197084
0.872363
1.179813
1.129006
0.892644
0.710430
0.635682
1.026154
0.591661
0.667999
0.622773
0.828294
0.954690
0.829957
0.899409
1.037242
0.812102
1.031035
0.939378
0.623479
0.931426
0.853028
0.805081
1.149457
0.956846
0.925727
0.952140
0.860461
0.987156
0.950668
0.624199
0.709425
0.909294
0.822368
1.061012
0.991110
0.998434
0.688234
1.179623
1.084411
1.004059
0.778620
0.962405
0.778670
0.949489
1.135319
1.219881
0.735982
0.800549
0.594943
0.672341
0.957254
0.814129
0.844421
0.960604
1.240120
1.045437
1.241415
1.060276
0.611482
0.923186
0.813110
1.006399
0.995938
1.080353
1.030073
1.175035
1.166390
0.856338
0.767160
0.918640
0.975272
0.848022
0.678864
0.785817
1.252294
0.986947
1.018544
0.875788
1.070917
0.818303
1.082237
1.050671
1.000594
0.705133
1.262135
0.706185
0.795661
0.548948
1.024441
0.873188
0.889056
1.040402
0.714355
0.804779
1.219926
0.993266
0.921068
1.282351
1.201934
0.611526
0.978727
0.780950
0.991788
0.989682
1.069342
0.968709
0.806670
1.103640
0.971289
0.731108
1.063653
0.715941
0.646086
0.901514
1.044941
0.993445
1.059180
1.128220
0.877053
1.076461
0.784407
0.982018
0.681146
0.760343
0.564735
1.065281
0.833353
0.645304
1.113131
0.810593
0.671942
1.084258
0.965794
0.957366
1.128842
0.832887
0.952351
0.904786
1.145975
1.094529
1.287967
1.034259
0.381346
1.141894
0.550728
0.937395
0.933529
1.241371
1.313523
0.885893
1.288309
0.632623
0.983331
0.645023
1.245382
0.905579
1.153367
0.798549
1.067309
0.546993
1.104407
1.159384
0.862154
0.999533
0.758060
0.926925
0.866476
0.902073
0.816959
0.890763
1.239681
1.005570
0.682549
1.125432
0.472485
0.917282
1.144535
0.926656
0.552016
0.636187
1.107231
0.584087
1.150112
0.550796
0.880786
0.721393
1.310224
0.638376
0.984572
0.973422
0.974434
1.058588
0.993873
1.043472
0.797244
0.685182
1.151179
1.286648
1.117616
1.295771
0.995603
0.798828
0.915805
1.036009
0.931205
0.895293
0.947043
1.279109
0.911185
1.187176
0.735570
0.751470
0.861316
0.928523
0.865701
1.130719
1.066845
0.963976
0.617855
1.275561
0.654311
0.766488
1.144055
0.541609
0.951850
0.879710
1.174144
1.007917
0.779735
1.059760
1.115798
0.669411
0.921797
0.924502
1.350298
0.663586
0.710273
0.820498
0.616737
1.203361
0.707419
0.818585
1.126739
0.807534
0.731198
0.904641
0.918891
0.844209
1.066713
1.154938
0.802485
1.020588
0.891432
1.155831
1.093400
0.715841
0.831886
0.667208
1.079171
1.035999
1.233616
0.599754
1.076894
0.953517
1.340558
0.656149
0.925118
1.045305
0.886964
0.744712
1.006754
0.721477
1.305926
0.835730
0.903834
1.270775
1.197303
0.467337
1.072434
0.961566
0.928134
0.925296
1.080057
0.734746
0.791413
1.118931
1.010681
0.386229
0.982334
1.025533
0.660506
0.996312
1.030990
0.907677
0.707147
0.976256
1.154649
0.935752
1.052479
0.751923
1.192965
0.470067
0.867317
0.856986
0.747820
0.852938
0.798493
0.805281
0.996405
0.787725
1.170228
1.033221
0.870604
1.179929
0.741003
0.935184
0.764445
1.118643
0.598819
1.192712
1.045699
1.141346
0.804557
0.967959
0.872317
1.054726
0.883247
1.035380
1.054634
1.078701
1.104902
0.999825
0.630218
1.066322
1.041374
0.725262
1.050828
0.980068
1.243435
0.814430
0.813962
1.059037
0.634817
0.862655
0.697431
0.753983
1.184124
0.540520
0.570518
1.166582
0.984074
0.879762
0.531198
0.945027
0.711436
0.977651
1.154925
0.406651
0.806026
1.041138
0.801030
1.052814
1.073689
0.924119
0.313720
0.315083
1.057335
0.658434
0.922409
0.792268
0.686116
1.244379
0.889956
0.791820
0.690367
0.540194
1.056932
1.057924
1.180371
0.976219
1.024652
0.983343
0.859327
0.684290
0.966353
1.288134
0.715482
0.880348
0.654491
0.865928
0.598447
0.803452
1.026391
0.936325
0.934072
0.941617
0.838216
0.715669
0.656755
0.640760
0.884559
0.924783
1.219393
1.051973
0.807044
0.676774
0.758506
1.226050
1.373802
0.865773
0.578093
0.940038
1.069862
0.737051
0.889796
0.877648
0.624240
0.847364
0.621070
1.204626
0.702038
0.761334
0.796299
0.807200
0.677953
1.078778
0.681715
1.059043
1.325571
0.584566
0.932587
0.945776
1.083551
0.822392
1.105905
1.084806
1.113123
1.154225
0.941127
0.893544
0.687462
0.948869
0.682627
1.246396
0.745963
0.751044
1.104047
1.108627
1.025980
0.903058
0.933341
0.333235
1.130117
0.831412
0.948007
0.473288
0.947016
0.893458
1.043909
0.792509
0.867395
0.765309
1.239076
1.053429
1.245712
0.972951
0.553144
1.096367
1.007944
0.655425
0.721027
1.147438
1.148038
0.581363
1.038403
0.938738
1.183767
1.071920
0.862776
0.829103
1.155716
0.670300
1.200254
0.798930
0.955661
1.008256
0.968723
0.985810
0.591444
1.141192
0.494982
1.040188
0.814664
0.515831
0.617672
1.160032
1.065959
1.007272
0.834763
0.787047
0.984682
0.860457
0.921414
0.544367
0.941966
1.145264
0.743850
1.360341
0.892671
0.701380
0.840890
1.189679
0.432827
1.216180
0.880605
0.684842
0.961662
0.687419
0.928266
1.060335
0.930558
0.897101
0.888161
0.818278
1.209055
1.024258
1.069926
1.026161
0.866449
0.556581
1.141137
0.870482
0.880333
1.057885
1.068124
0.970178
0.934014
1.195274
0.877540
0.666383
0.977947
0.750725
0.833850
1.269121
1.180431
0.876327
0.734988
0.966604
1.176324
0.903603
0.732786
1.089142
1.092482
0.986720
0.977125
0.869242
1.047261
0.928857
1.135481
1.199588
1.126278
1.108310
0.952472
0.870085
0.912967
0.855501
0.619089
1.157128
1.097056
1.001691
0.732793
0.762379
0.941981
1.035323
0.745013
0.946425
1.301043
0.711892
0.919521
0.899050
1.073308
0.923266
0.391817
0.734019
0.940524
0.525729
0.928723
0.954726
0.790220
0.886263
1.286876
1.180070
0.958792
1.032149
1.170074
1.063691
1.090889
0.533155
0.664804
0.865781
1.014173
0.797413
1.164193
0.769481
0.926207
0.993723
0.743755
0.717607
1.021417
0.797152
0.952510
0.912416
1.096613
0.758530
0.786886
0.863004
0.901878
0.840432
0.986248
0.762095
1.047392
1.074725
0.981084
0.962454
0.835971
0.934419
0.698178
0.734815
1.032675
0.995800
0.906099
0.630090
0.887202
0.945354
0.729213
0.571684
0.751808
1.163077
0.751264
1.122186
0.946070
1.028918
0.895295
0.177023
0.579724
0.907249
0.874943
1.423505
1.244335
0.829691
0.940771
0.725565
0.825232
0.562616
0.807763
0.715929
0.833885
0.516247
1.069652
0.918294
0.567620
0.639676
1.194851
0.736232
0.638019
0.777510
0.930817
0.738700
1.367811
0.887539
0.922429
0.848496
0.765731
0.805854
1.235424
0.768003
0.971204
0.584747
0.974761
0.973680
1.026032
1.175200
0.821676
0.990346
0.844024
1.107982
0.540332
0.973609
0.726702
1.180344
1.141698
0.704581
0.752423
1.303446
0.531118
1.025357
1.045680
0.928074
1.180535
1.428208
0.949219
1.142011
0.903842
0.937572
0.771278
0.958531
0.850999
0.706288
0.954770
1.333689
1.035663
1.168885
0.645972
0.939550
0.743969
1.001076
0.975518
0.868566
1.047554
1.252095
0.934831
0.936431
0.806555
0.638753
1.107468
0.835257
0.955642
1.117895
1.124898
1.001815
0.542056
1.028017
0.797883
0.598345
0.871816
0.992350
1.279873
0.602269
1.020322
0.981513
0.614195
0.909895
1.029945
1.104601
0.623139
0.816471
1.110615
1.272111
1.012215
0.828846
0.970168
0.952009
1.054322
1.158360
0.759491
0.535542
1.208061
0.769986
0.704058
0.935681
0.694278
0.954299
0.842880
0.868441
1.132680
0.757263
1.036071
0.863571
0.424238
1.172016
1.112005
1.225208
0.685227
0.922028
0.851178
0.621175
0.894388
0.904308
0.879190
0.724392
0.849361
0.780816
0.973601
0.351943
0.937117
1.029785
0.632346
0.878267
0.541803
0.946326
0.936572
0.985333
1.063612
1.317804
0.827224
0.841084
1.173489
1.087880
0.922080
0.539046
0.587329
1.035699
1.018134
1.227416
0.845846
0.639682
1.126340
0.955928
1.107901
0.944374
0.998987
0.698657
1.318490
0.807577
0.987358
1.139152
0.988130
1.262189
0.585542
0.839751
0.970089
0.782253
0.645078
1.045348
1.085598
0.861475
0.967369
1.081823
1.156947
0.674457
1.216498
0.755811
1.003886
1.207089
1.086657
0.940773
1.372805
0.724857
0.589323
0.800122
0.958192
0.693254
1.011952
0.685900
0.965732
1.075231
1.141896
0.679886
1.136694
0.913262
0.892517
0.715090
0.844713
0.635594
0.752274
0.723382
0.772847
1.143895
0.920530
1.090578
0.873040
0.769462
1.315954
0.928594
1.086087
0.997220
0.842390
1.066186
0.878109
1.103031
0.736303
0.970577
1.201790
0.832627
0.578287
1.027831
1.045735
0.722452
0.931560
0.951922
1.037107
0.854686
0.903725
0.852650
0.815849
0.886231
0.894625
1.059143
0.855444
1.022640
0.987491
1.043514
0.552306
0.514665
0.923004
0.983420
0.821629
0.775554
0.691659
0.827074
1.143792
0.995423
0.655495
0.989658
0.752101
0.733191
1.019638
0.676207
0.728913
0.937249
0.785924
0.975362
1.164951
0.361098
0.605046
0.922274
0.906331
0.945018
1.180821
0.682857
0.609793
1.198331
0.808355
0.825331
0.591730
0.862613
0.860299
1.177059
1.097679
0.879503
0.720581
0.749796
0.963842
1.050137
0.775695
0.563292
0.830893
0.832192
0.477550
1.384243
0.934814
0.952446
1.162079
