1.122182
0.916714
1.018485
0.734112
1.086781
0.661624
1.073766
1.190555
0.580793
0.994804
1.023583
0.577636
1.025331
0.657987
1.212548
0.849893
0.963837
0.801214
0.620666
1.073257
0.947098
1.172532
0.882905
1.142717
1.115335
0.909870
1.176046
0.879720
0.730588
0.687062
1.148966
0.909743
0.532270
0.874560
0.826618
0.972224
1.199921
0.902225
0.582077
1.154092
1.040669
1.083254
0.823687
1.017889
0.787890
0.675004
0.944525
1.197181
0.750506
1.137488
1.159086
0.991728
0.693763
1.184832
1.229160
1.244199
0.855926
0.820684
0.697899
0.930821
0.997588
1.090977
0.855181
0.710730
0.916958
0.492090
1.248250
1.166154
1.121581
1.084884
0.752757
0.749401
0.594767
1.248970
1.044807
0.844525
1.068868
0.661558
1.048907
0.767737
1.074125
0.857649
0.814037
0.826352
0.936476
1.000340
1.055780
0.770499
1.195781
0.955457
0.665993
1.349416
1.081475
1.203772
0.943611
0.772338
1.058840
1.114346
0.544200
0.529330
0.749903
0.613075
0.827409
0.843327
1.201987
1.026676
0.903045
1.376914
0.832852
0.702009
0.815116
1.020819
1.034977
0.910354
0.943846
0.803408
0.981795
0.898301
0.628522
1.102315
0.995391
0.645249
0.933591
0.892783
0.947815
0.923348
0.977663
0.480236
1.124350
0.873808
0.886402
0.809155
0.929085
1.226906
0.822934
0.887064
1.085486
0.577235
1.254863
1.151846
0.493198
0.971453
1.042831
0.770429
0.701340
0.609078
0.774083
1.070898
0.901955
1.139539
1.078187
0.940453
0.957584
1.027251
1.211042
0.988221
0.812729
0.514450
1.127885
1.050365
0.613679
0.845404
0.662366
1.059962
1.201957
0.922036
0.949084
1.012850
0.787509
0.916116
1.061110
1.044989
0.890684
0.828307
0.809237
1.417375
0.978773
0.887405
1.029976
0.945026
0.684303
1.251710
0.700151
0.877585
1.123396
0.715044
0.896731
0.837661
1.094143
0.808236
1.042690
0.915762
1.246672
0.616286
1.114113
1.040287
1.078626
0.584440
0.447829
1.019338
0.992338
0.785416
0.718065
0.790858
1.091137
0.963245
0.711083
0.777458
0.831153
1.073693
0.588044
0.854090
1.099868
1.119849
0.917361
0.565439
0.986746
0.942386
1.029643
0.778554
0.633763
1.004165
1.107526
0.847910
0.933479
0.947710
0.603011
1.159627
0.722121
0.835353
0.760042
0.856562
0.708340
0.805951
0.742519
1.169701
0.759144
0.583478
1.081010
1.028083
0.834455
0.726938
0.456619
0.996865
1.441895
1.073133
1.252295
1.120286
1.170975
0.667060
0.972312
0.698725
1.355767
1.006452
0.495701
1.025640
1.040962
0.900546
1.093164
0.709718
0.891735
0.822355
1.030057
1.085700
0.977725
1.195874
0.667273
0.894174
0.833828
0.693648
1.061293
0.942930
0.631712
0.576213
0.817420
1.230962
1.174615
0.745911
1.185923
0.854903
1.161973
0.956432
0.953293
0.711305
0.854945
1.106153
1.138518
0.881630
0.858304
0.620992
0.712578
0.739120
1.025896
1.227567
0.844428
0.800945
0.891769
0.872925
0.966018
0.887237
1.014715
1.021490
1.114810
0.907738
1.027794
0.993160
0.771328
0.844159
1.309819
1.284065
0.785158
1.064245
0.834202
1.080675
1.167718
1.188732
1.054072
0.445683
0.820582
0.716646
0.927928
0.573596
0.572672
0.761841
0.739070
1.006479
1.159718
0.862968
1.068268
0.663611
1.048198
0.791220
0.981720
0.719444
0.777969
0.726072
0.826232
0.855663
0.846008
1.098104
1.242779
0.903691
0.954748
0.773890
1.038093
0.934354
1.355503
1.109217
1.025811
0.841206
1.271797
0.605837
1.014992
0.943834
1.122940
0.560918
1.118894
1.056850
0.973838
0.729630
1.009448
0.889471
0.986979
1.025322
0.816682
0.731871
1.004415
0.882621
0.826023
0.841850
1.013104
0.482923
0.962351
0.711925
1.023244
1.016720
0.983274
0.856493
1.327989
0.849103
1.068384
0.873088
0.919437
0.727067
0.903777
1.238601
0.930212
1.297040
1.125479
1.206337
0.538804
0.814990
0.879491
1.166926
0.317367
1.105573
1.007909
1.197818
1.194169
0.864392
0.648590
1.105495
1.043479
1.144385
0.919975
1.107075
0.750248
0.610477
1.005811
1.037031
1.168409
1.121162
0.585888
1.123220
0.729023
1.148875
0.818784
1.091445
0.972921
0.836817
1.102480
0.948070
0.876666
1.016074
1.013396
0.939946
1.130078
0.786800
0.726642
1.021567
0.661002
1.245321
1.226938
0.836808
1.133181
0.994261
0.796239
1.316928
0.740723
0.847759
1.094537
0.891001
0.796944
0.612158
0.849344
1.140527
0.545055
0.922383
1.018891
1.201937
1.228576
0.971536
1.099060
1.004292
0.788659
0.534229
1.182662
0.679637
0.928380
0.851092
0.738739
0.979132
1.134761
1.312257
0.840513
1.411446
0.989170
0.981798
1.217334
0.382815
0.975549
0.998022
0.732314
1.047639
1.110620
1.060247
0.675101
1.323619
0.936328
0.743470
0.677783
0.917579
0.809950
0.810259
0.753654
0.739615
0.908498
0.537670
1.161951
0.951913
1.027823
0.508424
0.585178
0.592595
1.337204
0.737437
1.221301
0.449107
0.860325
0.581861
1.367236
1.260415
1.046267
0.922828
0.720532
0.986441
0.797660
0.554750
0.833287
0.753245
1.009157
1.099930
0.423815
1.011206
0.925660
0.793956
0.929574
0.778587
0.639482
1.021196
0.925517
0.874689
0.763071
0.915610
0.860145
0.927574
0.852012
0.786395
0.879432
0.791111
0.547376
1.239520
0.904638
0.771307
0.709668
0.226837
0.948106
1.269570
1.169711
0.829728
0.649856
0.892036
0.833603
0.761220
0.770642
1.029942
1.045253
1.297139
0.457737
1.182016
0.844227
0.871780
0.845287
0.505132
1.259948
1.110395
0.774940
0.749208
0.556986
0.796497
0.652568
0.662816
0.911970
0.879043
0.995342
0.933840
1.105519
0.937936
1.082587
0.796801
0.828779
0.858804
1.045234
0.993168
0.806054
0.818767
0.990878
1.336577
1.095779
0.448705
1.337733
0.822217
0.897332
0.799732
0.822426
1.262517
0.788615
0.998210
0.754834
0.543155
1.138470
0.799332
1.046049
1.067030
0.716724
1.025308
0.846704
0.792476
0.615096
0.563166
1.021848
1.065252
1.067773
1.043584
0.925913
1.071248
0.913774
1.012365
0.925354
0.540752
0.939356
1.085814
0.862587
1.137118
0.699529
0.996871
1.163474
0.730655
0.981251
1.086151
0.739469
0.856038
1.316772
0.709132
1.158056
0.795810
0.887232
1.270341
0.570804
1.143375
1.028809
0.727520
0.751289
0.920044
1.180939
0.814839
0.748260
1.132034
1.187602
1.108775
1.153666
0.704760
1.020474
0.767447
0.707053
1.117224
0.904222
0.851702
1.036791
1.068384
1.021350
0.925950
1.023399
0.637471
0.651443
1.222606
1.224526
0.651925
0.933316
1.024309
1.131549
0.900108
0.808951
0.797775
0.806581
1.040229
1.079076
0.555345
1.062600
0.752786
1.090965
0.941372
0.681959
0.728745
1.049685
1.205581
0.711656
0.947333
0.503861
1.107049
0.754260
0.957561
1.321491
1.112818
1.093169
0.847433
0.621648
0.974227
1.105343
1.069774
0.384893
1.087612
0.772478
0.814390
0.860560
1.315043
1.003111
0.750232
0.839027
1.112493
1.114010
0.732617
0.976320
0.812672
0.794396
1.013436
0.837809
1.060993
0.955404
1.079870
1.091105
0.593938
0.855760
1.015480
0.933538
0.732166
1.323909
1.001503
0.952440
0.753603
1.218005
0.975707
1.017501
0.858866
1.094805
0.516156
0.704978
0.759545
0.690169
0.961397
0.775014
1.043774
0.806036
0.822105
1.128432
1.051557
0.877899
1.085793
0.797280
0.940999
0.652335
0.830742
0.609844
1.141307
1.114832
1.314740
0.721578
1.149861
0.978854
0.842346
0.582091
1.001524
0.512403
1.109314
0.846891
0.618766
0.863622
0.980521
0.691432
1.128124
1.085874
1.224103
0.930652
0.980209
0.896779
1.027277
0.934102
1.085622
0.551025
0.308225
0.843549
0.957110
0.802724
0.880333
0.679206
0.645620
0.872077
0.903064
0.804463
0.749169
0.960850
0.813684
0.800998
1.016063
1.038271
0.528552
0.750843
1.124259
0.773479
0.698987
0.861121
0.769503
0.917097
1.165150
0.833844
1.149850
0.760152
1.085825
0.853368
0.718220
0.781303
0.692055
0.901045
1.186774
0.759290
0.892876
0.728414
1.050864
0.666074
1.064020
1.165388
1.015614
0.670609
1.078910
0.845485
1.202872
1.011934
0.628619
1.000436
1.001472
0.925091
1.042525
1.243031
1.096505
1.310813
1.105879
1.083044
1.139174
1.155968
0.842120
0.903763
0.718463
0.967295
0.938166
0.951230
0.571747
0.804392
1.109905
0.810423
1.078319
0.881367
0.828023
0.662440
1.326666
0.591911
0.993279
0.671238
0.824006
0.415680
0.968853
0.927561
0.921167
0.966590
1.244650
0.755992
0.967689
0.781835
1.014561
1.061642
0.988811
0.771306
1.159527
1.038745
1.129554
0.672859
0.681647
1.072124
1.043675
1.036092
0.999423
1.336159
1.061566
0.960747
0.903867
0.608084
0.864661
0.751362
0.756043
1.244106
0.691291
0.359517
0.761309
1.076703
1.110454
0.776973
1.384641
0.769740
0.883352
0.740093
0.769915
0.833627
0.893214
0.754379
0.828245
1.136023
1.088746
1.100305
0.977732
1.032407
0.860444
1.239969
0.957422
1.037067
1.109382
0.611625
0.999950
1.284947
1.117862
0.879566
0.985177
1.188153
0.458433
1.097692
0.603772
0.780324
0.847610
1.102569
1.125201
0.699164
0.978797
1.046775
0.807654
0.920721
1.039956
0.768398
0.934253
0.960762
0.745750
0.547252
0.865592
0.787461
0.976545
0.969956
1.117725
1.114640
0.840527
0.859927
1.003254
1.227844
1.183986
0.973223
0.932179
1.147307
0.512496
1.018461
1.202911
0.924570
1.070207
0.755540
0.771312
1.085549
1.125214
0.680370
0.920713
0.435646
1.383971
0.824574
1.327509
1.200039
0.948664
1.285778
1.049835
1.002211
0.901109
0.723294
0.889373
0.950127
0.940972
0.848828
0.944603
0.999157
1.171583
1.021890
0.660736
0.926610
1.105375
0.626174
0.821619
0.910196
1.125516
1.009374
1.204978
1.067769
0.844219
1.058265
1.057251
0.805620
0.784611
0.912045
0.958376
0.987659
1.063936
1.001725
1.048997
0.708555
0.476881
1.133523
1.101579
0.475232
0.582195
0.878003
0.686317
1.120970
0.924100
0.918189
0.685475
1.059526
1.071180
0.953988
0.879326
0.904221
1.012295
0.950346
0.959603
0.787134
0.872034
1.377639
0.912560
1.237348
0.576408
0.843143
0.481038
0.707125
1.060829
0.861497
1.132639
0.759476
1.084528
1.138078
1.088145
0.638754
1.042133
0.643922
1.075628
1.215837
1.120759
0.832008
0.975999
0.725041
0.813963
1.018201
0.952133
1.067456
0.707839
1.082002
0.706155
1.306690
1.051298
0.787996
0.601270
0.921227
0.885940
1.008691
1.292164
0.611129
0.603306
0.964662
0.521224
1.172792
0.821892
1.145541
0.779238
0.492487
1.006241
0.701692
0.936945
0.992442
0.792686
1.246332
0.986106
0.660436
0.942698
1.094990
1.086999
0.937546
1.132922
0.865530
0.938826
0.815385
0.848066
0.718800
1.037697
0.847130
1.004058
1.088989
0.694792
1.034593
1.221157
0.753080
1.065986
0.868527
0.930825
0.891435
0.756934
0.823870
0.848656
1.148044
1.061635
0.994958
1.270625
1.492415
0.974187
1.163982
0.989943
0.784057
0.791924
0.867530
1.349412
1.059449
0.533468
0.924599
0.660613
1.039781
0.658242
0.886041
0.964140
0.976573
1.248821
0.310742
0.851916
1.286669
0.859261
0.959953
1.206339
0.768778
1.182347
1.077661
0.941806
1.213871
0.969791
1.134633
0.995940
0.730305
0.846317
1.151313
0.665286
0.906458
0.830896
1.082230
1.035428
0.960854
0.722844
0.501266
0.905923
0.871644
0.855416
0.958570
0.925432
1.015615
1.030768
0.940139
0.656790
0.568303
0.624931
1.226581
1.224622
1.031782
1.339672
0.978884
0.975880
1.126939
0.807972
1.052230
0.932408
1.227122
0.781134
1.055538
0.650175
0.689894
1.142731
0.754850
1.081062
1.247679
0.740302
0.928994
1.279060
0.863378
0.797824
0.867567
1.130724
0.595035
1.073058
1.139612
1.066228
0.771171
0.695756
1.112636
1.226923
0.806409
0.841058
0.875450
0.942477
1.055179
0.845825
0.812923
0.716973
1.172793
0.772392
1.195591
0.904488
1.088152
1.365454
0.749811
0.982411
1.164359
0.428284
0.890075
0.924926
0.485649
0.744885
1.031133
0.965023
1.263881
1.017185
0.984556
0.734930
0.830695
0.910484
1.130110
0.721453
0.797303
1.126643
0.440250
0.851729
0.883738
1.266622
0.693397
0.615281
0.910564
1.003747
1.289094
1.132133
0.851034
1.057111
1.126605
0.855661
1.190292
1.117371
0.468350
1.106397
0.696304
1.291570
0.890368
1.204493
0.698663
0.808444
0.726987
0.902483
0.566037
0.919727
0.910899
0.713242
1.063006
0.715010
0.872329
1.093500
1.103361
0.857334
0.846329
0.934834
0.866327
0.912317
1.344168
1.344833
1.129999
0.541807
0.788928
1.003809
1.170783
0.851566
0.546939
1.237473
0.608712
1.085801
0.942455
0.819282
0.352593
1.038000
0.743759
0.815465
1.165157
0.933994
1.040331
0.991625
0.832560
1.168747
0.604371
0.750230
0.945048
1.181173
0.552537
1.134912
0.902504
0.917733
1.119272
1.160741
1.052944
0.770683
0.559091
0.831129
0.826828
1.145464
0.712204
0.998881
0.887019
0.982243
0.974752
1.041799
0.973104
0.804350
0.806808
1.111161
1.101484
1.018248
1.190460
1.123934
0.815340
0.810930
1.277846
1.102267
0.789337
0.989543
1.061577
0.718103
1.008036
0.984181
1.007919
0.590214
0.861247
0.551189
0.661801
0.769582
0.999697
0.851376
0.906290
1.039064
0.890564
0.966549
0.870643
0.980439
0.990702
0.498614
1.120708
0.879625
1.125484
0.815028
0.937566
0.806970
0.819053
0.673477
0.883103
1.124400
0.817086
0.778395
0.741091
0.922569
0.881780
1.120526
1.022584
1.265792
0.744540
0.535326
0.947420
1.057435
1.033641
0.696389
0.668582
0.714671
0.827202
0.490783
0.777092
1.260587
0.730280
0.993767
0.911200
0.827158
1.154267
1.295182
1.035210
0.393067
0.866649
0.756229
1.034823
1.183340
0.883583
0.929512
0.664291
1.223780
1.109183
0.919563
0.870831
0.965375
0.891207
0.937795
1.006458
0.956328
1.118028
1.256830
0.981624
0.804846
0.936433
1.096971
1.152967
0.910944
0.711267
1.071451
1.089132
0.603626
0.849174
1.045605
0.628432
0.895261
0.813446
0.861703
1.311399
1.090177
0.744294
1.098331
0.419144
0.903112
0.621909
1.077893
0.651999
1.059043
0.835900
0.732639
0.959109
1.097283
0.713955
0.492564
0.991232
1.098649
0.666949
0.403391
0.927600
1.037356
1.083160
0.712583
1.132305
1.064753
0.854720
1.082250
1.151962
1.026194
1.026103
0.846616
0.929248
1.138299
0.857521
0.848960
0.748846
0.774742
0.571948
0.949508
0.584722
0.828965
0.820807
0.949263
0.824662
1.162890
0.633715
0.706178
1.154079
0.849741
1.032000
0.709575
1.164610
1.059081
1.081472
1.092117
0.607279
1.057200
1.110791
0.994582
0.885684
1.127646
0.750029
0.825894
1.230005
0.957524
1.264601
0.939554
1.058448
0.930989
0.836474
0.845202
0.962785
0.606297
1.026221
1.063816
0.907458
0.865491
0.894894
1.016620
0.935836
1.021443
0.835238
0.875276
0.859848
0.825156
1.014315
0.493527
1.009848
1.121928
0.982242
0.852741
0.418621
1.133218
1.009847
0.931437
0.962296
0.728241
0.855284
0.674874
1.067260
1.072747
0.849040
0.544572
1.182912
1.036916
0.623232
0.656404
0.842968
0.870243
1.136557
1.250430
0.934171
1.076651
0.741418
0.916055
0.824739
0.923230
0.825436
1.102542
0.957534
0.965612
0.738628
1.113634
1.129941
0.743167
0.817132
1.024575
0.934800
1.137154
0.992593
0.913300
0.637980
0.612664
0.817716
1.080229
0.899461
0.793415
0.340581
1.094444
0.793143
0.863354
0.729147
1.190410
0.557813
1.193088
1.216514
0.992984
0.749597
0.551646
0.884380
1.061993
1.016533
0.777820
1.005399
0.857577
0.839491
0.854376
0.889492
1.036928
0.694168
0.968114
0.809619
1.091810
1.105432
0.732636
1.057380
0.700941
0.758522
1.237760
0.745522
0.940645
1.151611
0.922729
0.962490
0.524514
0.880821
0.833277
0.762062
1.083232
0.843838
1.208236
0.838278
0.878170
0.933787
1.193945
1.138465
1.094136
1.224995
0.884210
0.911447
1.263298
1.048577
0.991295
0.784528
0.949228
0.704984
0.705229
1.098671
0.647580
0.824273
0.930406
0.775445
0.764219
0.947616
1.160687
0.895417
1.069601
1.005036
0.760529
0.982200
1.029726
1.129422
0.630860
0.746292
0.971087
0.963104
0.613039
0.428771
1.198479
0.999435
0.954166
0.833829
0.752692
0.913518
0.743701
1.210631
1.061818
1.238626
0.843676
1.123905
0.668177
0.950056
0.813969
1.015599
0.859096
1.113671
0.999269
1.072833
1.122382
1.212061
1.046263
1.010917
0.901148
1.225193
0.756919
0.907696
1.011218
0.693222
0.942888
1.254983
0.941801
1.208778
0.565004
0.644164
0.687933
0.910076
0.666939
1.098257
1.047375
1.159340
1.071871
1.122161
0.812006
0.800455
0.908486
1.265362
0.787545
1.301785
0.951985
0.465894
0.998417
1.072954
0.675399
1.238929
1.051698
0.795634
0.408868
1.001292
0.559259
1.102772
1.077979
0.919820
1.131960
0.843999
0.736126
1.185733
0.849720
0.820027
1.158899
0.978427
0.744220
1.101792
0.847756
0.674798
0.975547
1.214050
0.861723
0.801551
0.981041
0.955094
0.997481
0.744517
0.729141
1.283122
0.710462
0.765733
0.641749
1.145078
0.711092
0.832199
1.431295
0.824807
0.739559
1.169860
0.949999
1.163814
0.776622
0.714787
0.878965
0.991707
1.310503
0.719667
0.749371
0.889676
0.819642
1.034658
0.714789
1.072196
1.027977
1.308832
0.966213
0.939504
1.046223
1.117622
0.999302
1.013884
1.017065
1.029043
0.879983
0.318148
0.970230
0.476594
0.832997
0.702613
0.985751
1.211842
1.000124
0.832812
0.964068
1.028095
1.131444
0.811702
0.753466
0.880138
0.574245
0.809795
0.997218
0.659449
0.859782
1.185069
1.025065
1.115313
0.766404
0.766356
1.090993
1.077622
0.658347
0.903144
1.087962
0.944708
0.889258
0.697483
1.177330
0.840014
0.953619
1.212473
0.506941
0.883264
0.951051
0.882861
1.116572
0.973123
1.165299
0.575492
1.289395
0.841561
1.131072
0.924922
0.942239
0.935079
1.049279
0.902069
0.663298
0.744422
0.479299
0.934353
1.044796
0.793370
0.991093
0.898498
0.821633
1.081994
0.422589
1.160565
0.662423
0.934795
1.105616
0.991062
0.725012
0.771383
0.978485
0.935494
1.173403
0.746419
0.929899
0.939130
0.778570
1.209235
0.830377
1.017157
0.849271
1.043097
1.009974
0.720518
1.135790
1.249344
0.516373
0.640152
1.002960
1.027940
1.090509
0.990825
1.252571
0.858769
0.838188
0.936189
0.771553
0.949606
0.524748
0.702349
0.886542
0.792769
0.694622
1.398094
0.955017
0.825306
0.937721
1.083303
1.058658
1.055137
1.246066
0.907393
0.638964
0.911426
0.725092
1.001585
0.714658
0.630174
0.769831
0.776554
0.710136
0.838359
1.163927
0.727271
1.229069
0.579098
1.071101
0.720249
1.114467
1.323110
0.490441
0.799793
0.840885
0.800108
1.057979
1.084054
1.020690
0.998880
0.804160
0.883559
0.935108
1.256620
0.889570
0.972704
0.625282
1.163501
0.967051
1.045547
1.057192
1.038038
0.874655
0.912042
0.975546
0.943670
0.607669
1.053429
0.691808
1.069143
0.701692
1.139464
1.070123
0.807045
0.917895
0.914730
1.143121
0.777470
0.837099
1.018178
0.857276
0.671126
1.244729
0.322318
1.003139
0.886985
0.507342
0.899102
0.714325
0.906941
1.206959
0.775654
0.801659
1.146008
0.633594
0.826043
1.115604
0.592367
1.063318
0.703127
1.271875
0.949479
1.201081
1.254212
0.967298
1.186512
0.614834
1.004626
1.217511
0.839139
1.033148
1.230514
0.884539
1.092759
0.724694
0.869432
1.011234
1.193188
1.282287
0.971374
0.734005
0.895075
1.117401
1.110081
0.760030
0.918999
1.151894
1.192735
1.229923
1.080618
0.892808
1.213203
0.513874
1.041878
0.722505
0.851551
1.448307
0.919353
0.969833
0.608857
1.273130
1.006559
1.220057
1.097954
1.109272
1.212428
0.827522
0.993280
0.882871
0.518357
0.787252
0.796233
0.846235
1.000163
0.558179
0.681419
0.675109
0.802781
1.246165
1.007902
0.963944
0.595042
0.732555
1.116668
1.023174
1.314909
0.877267
1.197707
0.804738
1.200921
0.703749
1.166338
0.674133
0.960167
0.980586
0.721771
0.750697
0.950593
1.091704
1.130945
1.014330
0.314193
1.222339
0.574659
1.004704
0.518084
1.062273
0.953811
1.298853
0.841704
0.865542
0.864006
1.288433
1.114199
0.822848
1.030153
0.999165
0.834262
0.695296
1.039281
0.815910
0.557771
1.109070
0.933677
0.993747
0.932656
0.953372
0.563775
0.814863
1.072979
1.112186
1.047951
0.845505
1.028297
1.025541
0.988650
1.149930
0.703764
1.117456
0.829619
0.674657
1.023095
1.002321
1.007983
1.058121
0.731632
0.963894
1.051450
0.518248
1.255067
0.658635
1.098866
0.959343
1.071022
1.015102
0.769759
0.444374
0.761291
0.957174
0.680483
0.641338
1.139578
0.388066
1.157440
0.985038
0.771998
1.382142
1.034404
0.836084
0.739779
0.942943
0.918043
0.938223
0.809705
0.809247
0.724004
0.883955
0.783875
0.903431
0.695689
0.916055
1.097615
0.663044
0.934581
0.919492
1.127724
0.964042
0.971941
0.839671
1.428348
0.482923
1.297594
1.300101
0.898217
0.688450
1.227232
0.623006
0.528076
0.805209
0.941305
1.045561
1.187084
0.850574
1.068503
0.861479
0.982569
0.794631
1.060164
0.830932
1.174181
0.627285
1.203451
1.011832
1.005481
1.045673
1.148431
0.779245
0.881365
0.695738
0.923316
1.112980
1.185501
0.669579
0.977359
1.040757
0.913487
1.217875
0.992152
1.061432
1.115537
0.978331
0.801900
1.144310
0.962455
0.613820
1.161230
1.045377
1.096545
1.334263
1.027203
1.176267
1.044326
1.137320
1.018476
0.634055
0.691465
0.989044
0.614215
1.070908
0.736778
0.993343
0.872494
0.786089
0.870467
1.042095
1.210420
1.029905
0.356532
0.804354
0.853929
0.760134
0.997672
0.707070
0.838580
0.650166
1.119711
0.908355
1.053300
1.009600
0.809768
0.913380
0.978560
0.859990
1.236792
1.082173
0.749812
0.438744
0.784927
0.768733
0.803426
0.990433
1.241695
1.126950
0.963456
0.851287
1.203297
0.810185
0.826278
0.686136
0.768172
0.738799
0.863423
0.887140
0.727007
1.038367
0.430236
0.833466
0.652799
0.886939
1.103879
0.709109
1.200087
0.818337
1.136277
0.475577
0.809449
0.797425
1.318296
1.119942
0.816131
1.184148
0.942505
0.997975
0.955594
0.488513
1.066549
0.631427
1.069784
0.449437
0.782608
0.955882
1.093656
0.656738
0.713719
0.308307
1.043892
0.769909
1.172403
0.500854
1.017849
0.946077
1.123574
0.720308
1.066621
0.928965
0.968574
1.141780
0.886140
0.675257
0.945971
0.539990
0.990848
1.017094
1.248384
1.096056
1.165854
0.891828
0.781930
0.724695
0.785152
1.111523
1.378678
1.122662
1.159508
1.007101
0.648729
0.644378
0.840280
0.721361
0.901856
0.826756
0.914577
0.921850
1.080857
1.182386
0.958340
1.028584
0.732448
0.684954
0.908629
1.109271
0.978586
0.847857
1.178226
1.118362
0.898305
1.002263
0.898509
0.719028
0.764545
0.958624
1.110094
0.863474
1.058181
0.907897
1.043564
0.813671
0.665777
1.107753
1.315132
0.946976
1.022901
1.063574
0.658756
1.194998
1.072527
0.916488
0.880709
0.516700
1.106566
1.034318
0.975825
1.145396
1.111178
0.616093
0.724713
1.113075
0.537152
1.134829
0.495180
1.010675
0.910535
1.025712
0.474025
0.815588
1.249793
0.621425
1.080114
0.542173
1.019969
0.973224
0.914876
1.027644
1.205979
0.859655
1.132007
1.211647
1.061055
1.028717
1.027936
0.626983
0.848789
0.354224
0.845032
1.142051
1.047047
1.009928
1.071810
1.131033
0.686089
0.804445
1.003123
1.127454
0.720186
0.981970
0.845652
1.238936
1.215952
0.979244
0.832868
0.982048
1.253171
1.061104
0.819147
1.056838
1.286043
1.008375
1.162823
1.299851
1.094549
1.049758
0.923464
1.031527
0.894306
1.091072
0.672745
0.937687
0.930430
0.560693
0.843710
1.215441
0.820361
1.026763
0.964183
0.718039
1.165386
0.630877
0.997842
0.546317
0.603324
1.029430
1.244858
0.710842
1.030941
1.313092
0.853682
0.979317
1.274839
0.842597
1.016676
0.948687
0.742794
0.992670
1.053305
0.872423
0.638842
0.834891
1.093759
0.912677
0.892884
0.933127
0.875387
0.869533
0.789647
0.913595
1.082654
0.965578
0.781797
0.789663
1.110104
0.842842
0.888688
0.685086
0.691096
0.552817
0.723956
1.090524
0.945312
0.900703
0.727362
0.737771
1.057586
0.973325
0.900228
1.025140
0.622966
1.329072
1.094169
0.817130
1.104229
1.134481
0.995055
0.914436
0.940461
0.753537
0.767433
0.972111
1.157756
0.612881
0.526570
0.961671
1.156795
0.719526
1.066590
0.485076
0.880131
0.713771
1.101289
1.039325
0.979940
0.583648
0.825181
0.853104
0.885871
0.960315
0.950513
0.898208
1.092738
1.095524
0.884101
0.862549
0.966953
0.906661
1.348054
0.756160
1.002084
1.089392
1.026779
1.162236
0.844954
1.311030
1.166869
0.791430
0.688996
0.949854
0.856767
1.046256
0.570341
0.944479
1.121271
0.466318
0.868529
1.034053
1.111397
0.851360
0.845483
0.604323
0.996281
0.706552
1.109122
1.209845
1.008316
1.218801
1.240363
0.973967
0.695596
0.843598
0.666684
1.107230
0.825537
0.802305
0.745311
1.065413
0.879715
1.288348
1.266646
0.748483
1.259223
1.100847
1.234901
0.897894
0.984491
0.878731
1.296408
0.891840
0.754054
0.662854
0.772845
1.034640
0.453269
0.822398
0.873454
0.772651
1.145538
0.922103
1.016096
0.849991
0.856834
1.024047
0.398595
1.154489
0.752853
0.523160
1.044746
0.974154
0.526189
0.869931
1.081313
0.964787
1.111631
0.995195
0.989369
0.861206
0.970392
0.877815
1.044167
0.511378
0.672203
1.260788
0.975730
1.270770
1.181237
1.086843
0.506135
0.875842
1.140958
1.048613
0.920594
1.045155
0.883775
0.848701
0.994676
1.155586
0.377401
1.150253
0.961412
0.980355
1.107787
1.110503
0.787214
0.791881
1.130739
0.887954
1.083694
0.798441
0.942654
0.970662
0.893698
1.034067
1.071821
1.200850
0.580988
1.023233
1.130060
0.966951
0.871477
1.227435
1.007277
1.009097
1.046334
0.853680
0.311329
0.488001
1.212885
0.790097
0.835647
0.642016
0.883415
0.931262
1.012747
0.927940
0.609610
0.732324
0.709514
1.017149
0.679918
0.977642
0.621424
0.904146
0.963106
0.742065
0.924122
1.230485
0.825364
0.654354
0.863160
0.673580
0.918436
0.733247
0.758528
0.867877
0.909029
1.042264
0.967327
0.877958
0.573059
1.043533
0.928691
0.849307
1.167999
0.716216
0.891016
0.892354
1.162920
0.827231
1.028357
0.983382
0.998145
0.694572
0.955556
1.062110
0.891018
0.697847
0.953171
1.340048
0.835362
1.116696
1.046886
1.010707
0.654575
0.584724
0.679122
1.085175
0.755809
1.322135
0.610475
0.994705
1.045769
0.652818
0.827069
0.891024
0.746666
1.049672
0.672619
0.971217
0.538731
1.024777
0.611039
0.861233
0.615049
0.648267
0.512168
0.382333
0.957298
0.856229
0.749381
1.206988
0.942986
0.993094
0.923107
0.652780
0.937214
0.785564
0.717630
0.499770
1.174336
0.905861
0.933805
0.970518
0.962580
0.897254
0.974851
0.754522
0.956890
1.048127
0.696815
0.952153
0.798136
0.881983
0.794248
0.753794
0.994037
0.782121
0.723605
0.759932
0.912266
1.215944
0.667330
0.768823
1.337500
1.187790
0.985712
0.638774
0.763586
0.903721
0.790232
0.943112
1.364321
0.870159
1.008786
1.057415
0.859840
0.973733
1.173011
0.899968
1.160508
0.916450
0.875379
0.996509
0.856114
1.242564
1.210319
1.160608
1.025049
1.128718
0.495176
0.979043
0.986765
0.866333
0.647596
0.951559
0.841715
1.228017
1.107403
1.183190
0.997592
0.636524
1.000069
0.944145
0.999057
0.729830
0.880501
0.886602
0.794145
0.774779
0.606971
1.023937
0.781594
1.041743
0.977519
1.142729
0.976327
1.127964
0.929084
1.168454
0.767278
0.977148
0.809287
0.890482
1.059547
0.605017
0.738357
1.027164
1.033768
0.497551
1.092468
0.902372
0.784105
0.822273
1.243187
0.660428
0.575096
1.072762
0.781535
0.833746
0.430102
1.095241
0.922142
0.598882
1.040665
1.011806
0.536626
1.034877
0.644029
1.121679
0.671363
0.654259
0.863120
0.987201
0.702673
0.869087
0.993230
0.887136
0.929464
0.844686
1.018381
0.518617
0.965900
0.838575
1.164956
0.835902
0.910825
0.795855
1.183019
1.218725
1.307566
0.872363
0.909873
0.990943
0.597832
1.154787
0.752336
1.008323
0.856136
0.897735
0.802579
1.122497
0.873270
0.609764
1.100284
0.511354
0.702737
0.941057
1.084765
0.537507
0.745050
0.635720
0.927524
1.175093
1.009206
0.938669
0.709089
0.705881
0.827138
0.854794
0.734873
1.089534
1.135998
0.762056
1.195844
1.197441
0.934760
1.257504
0.805664
1.089251
0.504029
1.156782
0.821857
1.125040
0.965634
1.108819
0.729861
1.080221
0.584400
1.190170
0.941754
1.007616
1.076402
0.971970
1.120564
1.246630
0.988732
1.099883
0.697482
0.913636
0.741156
0.816209
1.040836
1.118970
0.899455
0.865589
1.238257
1.007772
1.169489
0.900689
0.737035
0.957706
1.243992
0.964921
0.863359
0.923999
0.974484
1.264580
0.883309
0.648261
0.565051
0.654375
0.810011
1.266655
1.309735
0.818290
0.568859
0.880204
0.811353
1.014890
1.220495
0.423339
0.891859
0.893233
0.853202
0.984448
1.075923
0.580416
1.027834
0.769686
0.947700
0.929368
0.902370
0.616025
1.035905
0.936165
1.019270
1.246329
0.948653
1.057932
1.174518
0.639001
1.151658
1.113309
0.939617
0.952117
0.809258
1.052007
0.837946
1.046672
0.487010
0.656131
0.860890
0.730060
1.098203
0.781451
1.110064
0.916001
0.950294
0.543116
1.021336
1.088283
0.653490
0.620818
0.729769
0.593498
0.781442
0.880606
0.682250
1.156790
0.904893
1.126406
0.958070
0.593733
1.071628
0.974012
0.795195
1.191394
0.992019
1.046290
1.114809
1.091179
0.959556
1.186324
1.146091
0.975954
0.885141
1.000493
0.846649
0.477158
0.960478
0.556600
0.822112
0.974734
1.138357
1.057969
0.820265
1.085373
1.187999
0.484890
1.101039
0.771020
0.940386
0.803779
1.246615
0.412163
1.104031
0.762023
1.235188
1.015701
1.290936
1.117381
1.067023
1.154128
0.801591
1.329303
0.640697
1.098297
0.994150
0.935347
0.728490
1.239393
0.731420
1.075617
0.671625
1.248962
1.184294
0.538461
0.883776
1.167225
1.163567
0.983877
0.978178
0.806076
1.049900
1.352003
1.193005
0.257080
1.025299
1.287630
0.814785
1.245984
0.624926
1.231294
0.795494
0.917403
0.723442
0.952717
1.496024
1.036094
0.455425
1.040961
1.075027
0.674042
1.079275
0.901030
1.276551
0.925680
0.881923
0.950338
0.972529
1.134747
0.921777
1.299192
0.883897
0.529844
0.668819
0.884799
1.070669
1.313872
0.736598
1.154403
0.862979
0.447308
0.852187
0.887208
0.709936
1.141344
1.167111
0.645840
0.843742
0.800350
0.988707
0.693059
0.926263
0.573740
0.678020
1.224750
1.083583
1.140599
1.024683
0.572769
1.197069
1.169897
0.812422
0.743727
0.757295
0.636289
1.189940
0.765463
1.124419
0.661425
0.711050
1.088577
1.090859
0.908760
0.824447
1.084422
0.947498
1.116436
0.866368
0.875387
0.853933
1.199788
0.512754
0.657865
1.339460
1.221687
1.297301
0.916937
0.596127
1.065159
0.973298
0.597167
0.802533
1.267006
1.201568
1.002398
0.848874
1.087336
1.093848
0.634390
1.029693
0.514901
0.617918
0.950583
0.894632
0.906196
1.112988
0.683976
0.488715
1.204314
1.104692
1.044631
0.616689
1.027738
0.705783
0.954496
0.977223
0.936352
1.029086
1.102719
0.668151
1.241545
1.042970
0.867190
1.227791
0.742503
0.680668
0.779734
1.028331
1.308896
0.938580
1.072895
0.920144
1.427735
0.788872
1.012170
1.038943
1.253302
0.910224
0.904036
0.887243
1.067235
0.645172
0.924873
0.618806
0.956890
0.583370
0.834838
1.057003
1.082615
1.102494
1.066823
0.743113
0.701795
1.045058
1.006732
0.580748
1.118201
0.986567
1.391113
0.829516
0.776588
0.993375
1.242614
1.142035
1.015653
1.133836
0.928359
1.226534
0.911403
1.141723
0.478315
0.384870
0.868420
0.717816
0.589392
0.503621
0.915503
0.876006
1.219255
1.023286
1.381689
0.501668
0.938269
0.730581
0.925354
0.922037
1.029666
1.031078
0.916689
0.487653
0.738654
1.304364
0.756807
1.038504
0.994157
0.990623
1.141888
1.114052
0.755027
0.960689
1.005799
0.800771
0.371088
0.976162
0.810101
1.116800
0.950187
0.883749
0.624768
0.853859
0.948193
1.163392
1.173934
1.072965
0.769372
0.763062
1.250350
1.284055
0.791494
0.575355
1.030007
1.072004
1.064783
1.231436
0.855242
1.220716
0.852502
1.111401
1.304169
0.783941
1.050337
0.886760
0.832275
0.906024
0.921101
0.875354
0.764073
0.761929
0.763531
0.604399
0.887792
1.079098
0.999729
1.091837
1.199721
0.988078
1.120967
1.024286
0.556742
1.233708
0.633423
0.512419
0.709954
0.960583
0.889456
1.156802
0.902630
0.543972
1.122574
0.787212
0.502297
1.086400
0.719920
1.163479
0.860696
0.896447
0.973943
0.671841
0.592081
1.010289
0.966264
1.046181
0.797893
0.469167
0.795826
1.167214
1.019295
0.744108
0.761269
0.839778
0.642194
0.896133
0.965697
0.498935
0.846256
0.961239
0.738050
1.040153
0.940684
0.951072
0.952697
0.813071
0.964847
0.562863
1.243118
1.247383
1.134685
0.635303
0.739375
1.022691
0.995154
1.127479
1.254600
1.003402
1.140335
0.698937
1.223941
0.846308
0.756997
0.845914
0.909144
0.662426
0.864263
0.645713
1.036002
0.652690
0.747523
0.878304
0.865459
0.805271
1.089527
0.904487
0.789963
0.943227
0.975856
0.893291
0.665286
0.824882
1.153006
0.893021
1.064254
0.979966
0.728626
0.858836
1.043106
1.185263
0.557567
1.053780
0.804193
0.721799
1.217123
0.695464
1.138363
1.088706
1.157607
0.719952
0.799883
1.345867
0.878649
1.018190
1.006478
1.109014
0.877388
0.631382
1.077525
1.037159
1.129013
0.816287
0.979678
1.161404
1.009277
0.845543
0.290967
0.427264
0.906045
0.883955
0.788178
0.668239
0.969547
0.845989
0.655578
0.483562
0.894413
0.723844
0.791535
1.214986
0.854194
1.061016
1.219885
0.850825
1.184742
1.222609
1.267169
0.911356
1.115124
1.021013
1.046448
0.777359
0.943269
0.747445
0.944181
1.099070
1.082563
1.164316
0.656069
1.094872
1.014436
0.860807
0.886206
1.147110
1.118188
0.767349
0.977434
1.046636
0.939940
1.058136
1.036560
0.800629
0.592168
0.544921
0.634552
0.939109
0.555061
0.986674
1.237346
1.423991
0.898516
0.659182
0.792748
0.723748
0.934708
0.741397
0.422355
1.035259
0.777317
1.009406
1.282343
0.553197
1.282740
0.998170
1.085340
0.716509
0.813057
0.981313
1.152883
1.329246
0.543831
1.063925
1.060663
0.912150
0.916865
0.919651
0.778601
0.348655
0.898174
0.944673
0.907733
1.173823
1.171460
0.959022
0.856335
0.915020
0.486560
0.804352
1.051865
0.793324
0.783010
1.101377
0.987299
0.928876
0.837741
0.810211
1.101197
1.171685
0.873978
0.951629
0.888965
1.140834
0.735493
0.535757
1.262706
1.255718
1.164473
0.933710
0.899331
1.077886
1.025648
0.994387
0.620112
0.848366
1.423578
0.966277
1.219912
0.665765
0.637273
0.786821
0.901067
0.800507
1.163904
1.182019
0.725527
0.735401
0.904873
1.023070
0.931277
0.879835
0.896551
0.986613
0.628677
1.123137
0.831588
0.942751
0.874833
1.020804
0.725492
0.816371
0.885131
1.085724
0.705224
0.415108
0.598350
0.973410
1.212780
1.252360
0.907760
0.605271
0.872424
0.575704
0.525107
0.841290
0.898165
1.263801
0.823332
0.359294
1.103020
1.049002
0.585527
0.649294
0.613198
0.633097
0.898607
0.676258
1.089797
0.835745
1.257985
1.201853
0.590498
0.847582
0.790814
1.341954
1.032135
1.067095
1.177572
0.927380
0.783883
0.858439
0.803651
0.564501
0.980732
1.046537
0.852410
0.740473
0.648989
0.958749
0.886055
0.872877
0.885079
0.940916
0.927647
0.737276
0.645557
1.136364
1.109076
0.730248
1.021047
0.968371
0.691161
0.817398
0.903839
0.895710
0.633338
0.457629
1.142465
0.665089
0.813739
0.847535
0.631394
1.061542
1.082648
1.070013
0.967688
1.029317
0.308408
1.211088
1.044337
1.055717
0.556420
0.695171
1.076235
0.600338
0.949301
0.829729
0.978134
0.641552
0.427357
1.091165
1.115675
1.108345
0.918935
0.956739
1.035396
0.780074
0.916923
1.104081
1.021480
0.663411
1.109451
0.959995
0.900841
0.900356
0.933771
