0.979019
0.993305
0.987087
0.992951
1.006436
1.009139
0.998054
0.965768
1.003674
0.989163
1.001625
1.000589
0.974963
1.001918
0.997251
0.969494
1.012161
0.993111
1.010000
0.972000
0.980674
1.014571
0.995396
1.008187
1.004724
0.995627
0.997802
1.004007
1.003580
0.963788
0.990005
0.991149
1.006105
1.000474
0.991298
0.987816
0.989639
0.991958
0.962215
0.989792
0.997145
0.993208
1.000428
0.995806
0.990475
0.997170
0.988289
1.016648
0.981142
1.000097
1.000940
1.002610
1.025126
0.998366
0.988687
0.936396
1.013348
0.992977
0.993695
1.013289
0.993020
1.007997
1.006396
1.004368
1.000308
0.956744
0.941522
0.996985
0.999547
0.980077
0.990263
0.979988
1.012935
1.001452
0.980711
1.004068
0.980921
0.994956
1.010158
0.926305
1.023034
0.972924
0.998291
0.924155
0.988279
0.981195
0.986432
1.001450
0.986533
0.978922
1.011734
0.984835
1.000499
0.949877
0.987341
0.966423
1.005924
1.008462
1.016438
0.966777
0.996226
0.973447
1.013331
0.973426
0.984389
0.970087
0.997060
1.010246
0.995361
1.008057
0.977762
1.003474
1.024572
1.020592
0.981997
0.977988
0.988953
1.014626
1.007154
0.991039
1.000291
0.995068
0.978366
0.987802
0.964707
0.945917
0.959416
0.985405
0.997473
0.981780
0.950998
1.006031
0.957821
1.010239
1.001794
0.998465
1.003146
0.975211
1.004261
0.997987
0.984339
0.979062
1.005918
0.984256
1.005537
1.009562
0.982169
0.970988
1.017706
0.991012
0.992009
0.996072
0.965536
0.995198
0.987967
0.970567
0.988420
0.985331
0.970701
0.989183
0.991162
0.965135
0.979680
1.015351
1.002805
0.958831
1.004020
0.987501
0.979592
1.005368
0.987207
0.957085
0.997445
1.000624
0.960680
0.974698
0.981331
0.959248
0.996362
0.995035
0.984902
0.949072
0.973596
1.007623
0.991609
0.990410
0.996486
0.994586
0.944554
0.981474
0.994355
0.951216
1.008186
0.986939
1.005965
1.009800
0.992218
0.982504
0.957761
0.967359
1.012866
0.999258
1.006792
0.980775
0.995167
1.006929
1.008596
0.981465
0.990510
0.994366
0.998522
0.991051
1.002048
0.980577
0.988589
1.007179
0.978346
0.991291
0.960432
0.977597
0.993139
0.990060
0.974745
0.982509
1.018821
1.002433
0.981654
0.991017
0.994542
1.003825
0.958912
1.008041
1.007825
1.008585
0.999119
0.974086
1.005681
1.004270
0.984963
1.003447
1.008288
0.980802
1.000065
0.985744
0.986531
0.974357
0.981099
0.976403
1.005275
0.992538
0.993683
0.991072
1.007147
0.968367
0.990389
1.003495
1.005076
0.981619
0.995276
1.004506
0.985207
0.981254
0.995571
0.992217
1.001444
0.990281
0.999588
0.984324
1.002125
1.014387
1.000567
0.975709
0.991327
1.003904
0.992348
0.973342
0.980674
1.002167
0.984036
1.007451
0.994170
0.992232
0.981086
0.980141
0.998725
1.015080
1.008633
0.987879
1.001583
0.995585
1.005259
0.977928
0.985835
0.996881
1.004374
0.998562
1.000382
0.973524
0.987497
1.001524
0.989602
0.993395
0.996150
1.010452
1.003978
0.984354
0.979730
0.989143
1.012468
1.007736
0.980021
1.016687
1.006241
1.003582
0.996400
0.970686
0.960035
0.980138
0.974455
1.006914
1.013725
0.964094
0.999505
1.002786
0.995104
0.980694
0.986946
1.003155
1.002965
0.992403
1.009198
1.002710
1.002641
0.972279
1.016976
0.991043
1.005062
0.972755
1.008574
0.994227
0.985261
1.000654
1.013982
0.988608
0.965286
1.015974
1.011207
1.005012
0.976720
0.989122
0.949814
0.971475
0.997236
1.007293
1.011565
1.003408
0.991118
0.990936
0.962044
1.006333
0.998624
0.961286
1.012435
1.016608
0.979584
1.022597
0.994493
0.995147
0.967983
1.005806
1.002684
1.013202
0.992696
1.003324
1.009183
0.997167
1.000012
0.907444
1.003416
0.991228
1.005814
1.016992
0.994205
1.018507
0.982959
0.995008
0.992901
0.983466
0.995511
0.985568
1.012096
0.997661
1.003821
0.987810
0.985961
0.987163
1.022956
1.005149
0.998104
1.002097
1.004031
0.990793
0.999180
1.000385
1.002674
0.988935
0.997032
1.013424
0.998947
0.996560
0.985914
1.011105
0.989465
1.005340
0.980765
0.979560
1.013100
1.002301
0.982867
0.996066
1.018053
0.988894
0.985864
0.996531
1.001342
1.004042
0.985364
0.984182
0.966854
1.007561
1.001837
0.985828
0.984159
1.008571
1.004776
0.981772
0.983684
0.993818
1.013826
0.996214
0.979959
1.001003
1.007848
0.998674
0.973609
1.016066
0.983155
0.986685
0.988041
0.968213
1.002534
1.012853
0.969714
1.003000
1.005334
0.993200
1.023439
0.995210
1.009752
0.995362
0.985825
0.999372
1.016445
1.004452
0.998967
0.994364
0.984297
0.975003
1.005010
0.990494
0.992972
0.991446
0.984293
0.993821
0.985403
0.974733
1.003521
0.978247
0.970103
0.981345
0.996421
0.991489
1.002835
0.999395
0.984231
0.997423
0.998023
0.989803
0.983271
0.986536
0.984868
1.016798
0.959491
1.012154
0.984099
1.009939
1.001356
1.001915
0.992888
0.997642
0.977906
0.981786
0.984693
0.994947
0.985457
1.017793
0.989539
1.009205
0.987704
0.991644
1.007242
0.982128
0.989353
1.009425
0.975081
1.021011
0.984232
0.976572
0.943749
1.014995
1.016338
1.014839
0.999675
0.984883
0.996418
0.975928
0.999016
0.999985
0.969042
0.989382
0.981823
0.982237
1.019150
1.001376
0.994083
0.998249
0.993421
1.000938
0.988419
0.983571
0.990181
0.996027
0.992900
0.959525
1.005406
1.011433
0.949277
0.989544
0.977572
1.010846
0.976867
0.996336
1.005090
1.009851
0.989863
1.013554
0.955271
0.956531
0.981147
1.014584
1.010988
0.956614
0.997965
1.023636
1.002122
0.980041
0.952294
0.995937
0.989823
0.971603
1.004089
1.017016
0.984201
0.999432
1.011681
0.976320
0.991347
1.002293
0.994758
1.011263
0.999648
0.983372
1.019125
0.980791
1.002417
1.010228
1.018375
1.016834
0.993190
0.991229
1.012292
0.988868
1.019927
0.997002
1.007351
0.971224
1.003662
0.985932
1.019896
1.010185
0.996336
0.929793
1.000787
0.987830
0.984834
0.951214
1.004770
0.970131
1.003623
0.996247
0.997637
0.989896
0.997286
1.015454
0.970963
0.996802
0.984834
1.026884
0.986994
1.009511
1.006937
0.979550
1.010828
0.987925
1.008909
1.001761
1.009198
0.999915
0.984307
1.002668
1.001102
0.971655
1.010486
1.001363
0.959339
1.023746
1.003957
1.009800
0.979188
1.008198
1.010573
0.989938
1.010650
0.977901
0.992540
0.967994
0.975266
0.949251
1.017338
0.989588
0.977466
1.002776
0.988335
0.963086
0.999009
1.010360
0.966222
0.973987
0.967386
1.004421
1.002208
1.005489
0.985879
1.003413
1.006312
1.008917
1.011798
0.998021
1.013943
1.005913
0.992751
0.971159
0.981070
0.960116
0.993181
1.003714
0.997908
0.991847
1.010669
0.982357
0.996258
1.022933
1.002949
0.988430
0.999891
0.970151
1.005926
0.975359
1.008387
0.989685
0.997695
0.987906
0.990151
0.978090
0.975856
0.972292
0.989538
0.995774
0.970442
0.988483
1.013437
0.987509
0.965915
0.986752
0.995805
0.992223
1.014419
0.971435
1.011068
0.988228
1.003500
1.005617
0.997380
1.000779
0.954101
1.016534
0.979054
0.977476
0.986502
1.007800
0.997757
0.968841
1.016665
0.983178
1.016615
0.976064
0.987821
0.993019
0.966374
0.994860
1.012493
1.003721
1.012119
1.000530
0.973619
1.002718
1.006106
1.007578
0.991933
0.939960
0.973082
0.978679
0.959019
0.972775
1.009879
1.002352
0.974951
0.991647
0.961467
1.017769
0.982799
0.992244
1.017105
0.989742
0.954438
0.991072
0.981583
0.996043
0.983032
0.994733
0.963339
0.950436
1.001494
0.985582
0.984206
0.994461
0.996097
0.981109
0.995141
1.001142
0.997147
0.997328
0.988469
1.004606
1.015988
0.965203
0.994434
0.938277
1.003766
1.001750
0.989032
0.988062
0.994472
0.965222
0.954462
0.996296
1.004056
0.982996
1.012967
0.994060
0.994661
0.992308
0.996452
0.912984
1.005275
1.008243
1.009226
0.992579
0.999164
1.007384
1.004132
1.002704
0.984897
1.007667
0.963617
1.016967
0.998206
0.996381
0.975321
0.995183
0.986301
0.989692
0.991417
0.998451
1.007170
1.001039
0.981864
1.014649
0.996029
0.966983
1.007259
1.015009
0.983358
1.003063
1.000669
1.011155
1.005491
1.008768
0.938671
1.012193
0.997168
0.990313
1.010414
0.975550
1.010805
0.988105
0.997632
1.008701
0.999443
1.011815
0.978467
0.986081
1.011833
0.983258
1.019444
1.004249
1.010502
0.985464
1.006497
0.982977
0.995073
1.009217
1.004018
0.975450
1.010905
0.965686
0.987546
0.987823
0.984662
1.002133
1.004647
0.988042
0.996552
1.003231
1.003762
0.998687
0.993925
0.987791
0.994674
0.992939
1.012570
1.007082
0.960182
1.010911
1.007207
0.994561
0.992422
0.998356
0.998665
0.987963
0.997785
0.987167
1.006354
1.012829
0.991888
0.967703
1.004349
1.001528
0.986196
1.014583
0.958374
1.002817
0.993955
1.022874
1.001798
0.993798
0.995881
1.007455
1.006449
1.015184
0.990841
1.002928
1.009537
1.009438
0.970356
1.002438
1.008130
0.989168
0.984426
0.956126
1.009833
1.021591
1.002017
0.990244
0.993771
0.999066
1.000693
1.007297
0.996569
1.005184
1.004859
0.992025
0.988126
1.001699
0.968409
0.988289
0.984380
1.016805
1.000374
0.990262
0.983200
0.998539
1.020002
1.006010
0.985862
0.975744
0.991601
0.991570
1.013315
0.952884
1.010151
0.975880
1.001183
1.012900
0.934117
0.996162
0.988560
0.989377
1.006736
1.001433
0.982078
0.992058
0.967958
0.978766
1.007180
1.014410
1.004958
0.950388
0.989313
0.992047
0.936662
0.999593
1.010473
0.985445
0.984698
0.965375
0.962388
0.991333
0.962762
0.991819
0.970791
1.021639
0.988481
0.980308
0.990248
0.963548
1.011485
0.950686
0.999124
1.011816
0.996513
0.973942
0.974278
1.013344
0.998493
0.980155
0.995207
0.989023
0.989070
1.011451
1.014201
0.983168
0.997612
0.998406
0.997876
0.982382
1.015647
0.994000
1.013535
1.006350
0.977296
1.004207
0.981082
1.004707
1.011238
0.999126
0.957642
0.974336
1.021654
0.998261
0.998706
0.997197
0.995604
1.014440
1.001495
0.974795
0.990460
0.980264
0.987029
0.962834
0.982050
0.988936
0.986095
0.996268
0.997942
1.007323
1.001785
0.998497
1.008484
0.996053
1.007902
1.006460
0.948424
1.012676
0.997331
1.001011
0.980634
1.001035
0.978436
0.981213
0.986836
1.009482
0.991860
1.004769
0.995112
0.986609
1.007990
1.003973
1.014488
1.018785
1.011185
0.936664
1.003639
0.995376
1.013403
1.000754
1.005086
1.006897
1.016874
0.950134
1.011754
1.007500
0.980162
0.999244
0.991795
0.987648
1.003192
0.998624
0.961963
0.995585
0.969807
0.931584
0.976905
1.008632
0.995842
1.014884
0.994409
1.003345
1.011409
1.003965
1.014798
1.003696
0.986816
1.003655
0.982084
1.004914
0.996169
1.005893
0.971728
0.998893
1.003110
0.962891
1.009739
0.994754
0.989527
1.022038
0.991348
1.004690
1.010525
0.995035
0.997382
1.002588
0.999745
0.977249
1.015870
1.005421
1.010251
0.936671
1.013496
1.005880
0.999982
1.004445
0.943757
0.995926
0.995115
0.987766
0.993147
0.985972
0.990660
0.981004
1.010846
0.971788
0.997117
0.976732
0.969556
0.981225
0.957889
0.960032
0.941127
1.014846
1.006960
0.974898
0.986355
0.993005
0.983322
0.983342
0.965623
0.993995
0.982992
0.960083
1.017726
0.996446
0.984008
1.011240
1.008818
0.997797
1.017617
1.009958
1.007247
1.013105
1.005254
0.999196
1.008418
1.011961
0.997551
0.985315
1.012150
0.987448
0.999604
0.976021
0.994891
0.994234
1.001629
0.982627
0.993798
0.975609
1.006136
0.996819
1.006890
1.012932
1.009204
1.014523
1.000790
0.996741
0.979966
0.992963
0.991926
0.987919
0.990091
1.000665
0.976915
0.994645
0.997445
0.997306
0.983520
0.979811
0.991868
0.991624
0.980808
0.968461
1.013170
1.015746
1.008638
0.954968
0.974510
0.996888
0.979536
0.977172
0.983246
1.015009
1.010979
0.976407
1.000304
0.976062
1.003082
0.990951
0.991549
1.016424
0.982814
1.019203
0.987430
1.014201
1.007154
0.949289
1.009155
0.991717
0.955675
0.932554
1.011819
0.997433
0.979402
1.014426
0.964201
0.990268
0.982761
0.985713
0.967593
1.015405
0.963251
1.006721
1.004560
0.997886
0.964818
1.013588
0.986484
0.976206
0.991310
0.999005
0.997415
0.992594
0.922348
1.020374
0.988069
1.000591
0.974483
0.995627
1.002975
0.985151
0.986410
0.997052
0.971578
0.986595
0.959427
0.994404
1.011660
1.015238
1.011664
1.001612
1.020583
1.010738
0.984876
0.998016
0.987323
0.961721
1.001005
0.995409
0.998082
0.999042
0.999401
1.006835
0.978347
0.972379
0.965401
0.989666
1.001735
1.011028
1.011750
1.010106
0.993644
0.970502
0.993468
1.008585
0.977466
1.012569
0.991756
0.997388
0.981077
1.006020
1.009438
1.002537
0.993125
0.992992
0.946630
0.970178
1.002323
0.980761
1.005029
1.013607
1.015988
1.018409
0.973629
1.024228
1.011277
0.983325
1.003444
0.982461
0.962202
0.974209
0.954176
1.003559
0.997126
0.985960
0.984409
1.005286
0.994735
0.991339
1.016282
0.976392
0.959768
0.965316
1.005154
0.996224
0.995294
1.004915
1.006963
0.925296
1.014604
1.005567
1.002236
0.982762
0.999509
1.008096
1.015812
0.962164
0.998886
0.971661
0.996253
0.984595
0.985603
0.993367
1.014281
1.004707
0.971713
0.983629
1.013256
1.006035
0.990906
0.985571
0.974609
1.000742
0.988483
1.003838
0.986578
0.974748
1.013609
0.990158
0.990438
0.990158
0.965884
1.003245
0.981030
1.009216
0.972881
1.000398
1.000231
0.992070
0.977347
1.005181
0.999378
0.994810
0.986772
1.018252
0.981426
0.971143
0.980584
1.015207
0.996205
1.014171
0.999249
0.988258
0.962851
1.013469
0.972787
0.991576
0.979742
0.992086
0.991490
0.965898
0.994842
0.983672
1.008569
1.017457
0.971188
0.983109
0.982968
0.989111
1.010597
0.985140
0.989518
1.012468
0.981998
0.989438
0.972307
0.986800
0.952405
0.998961
0.997326
0.977313
0.969425
0.981874
0.988394
0.991750
0.959606
0.935547
0.978134
1.007666
0.992715
0.987196
0.991209
0.987482
1.001431
1.003212
0.971122
0.999539
0.963406
1.019695
0.994958
0.967121
1.014929
1.005328
0.996971
0.969206
0.995476
0.998251
0.992273
0.991675
0.989229
1.003373
1.008334
1.000376
0.995206
1.008992
0.985667
0.989604
0.970963
1.018324
0.950439
0.994586
0.972985
0.987785
1.007740
1.002840
0.972493
1.005816
0.981906
0.994807
1.000728
1.003509
0.998080
0.985091
0.979430
0.985970
0.990465
1.001061
1.017141
0.982617
1.002647
1.014350
0.996697
1.014450
0.997841
0.946765
0.981264
0.953391
1.007221
1.007369
1.002428
1.016705
1.011349
0.986873
0.995150
0.994512
0.994577
0.940780
1.012179
0.989365
0.968733
1.022039
0.983503
0.982351
0.965586
1.009643
0.998396
1.002619
0.984909
1.014977
0.995052
0.988936
1.018811
0.997261
1.006216
0.983688
0.991686
0.952101
1.004150
0.999675
1.010669
0.982331
1.018055
1.009088
0.981669
0.999215
1.001715
0.994210
0.998406
1.009507
1.001707
1.000010
0.974291
0.980677
0.966526
0.972494
0.972493
1.015835
0.990867
1.001379
0.993843
0.997341
1.009919
0.992205
0.965753
0.909561
0.978424
0.950610
1.002605
0.988354
0.998948
0.949571
1.017458
1.011657
0.992010
1.016530
0.995108
0.947330
0.958698
0.980062
0.996804
1.006936
0.986024
0.995976
0.988435
1.006410
1.000919
0.949735
0.984500
1.005110
0.977561
0.997047
1.008341
0.991078
0.989541
1.012234
1.006424
0.970443
0.990439
0.972915
0.984554
0.959375
0.991806
0.975956
0.988996
1.025171
0.969031
0.979920
0.979916
0.998120
1.022718
1.001164
0.992231
0.988247
0.979122
0.980008
0.985178
0.965690
0.947499
0.993406
0.964569
1.007769
0.973299
0.962855
0.987974
0.987906
0.989123
1.003165
0.966200
0.990065
1.016285
0.948212
0.997779
1.021228
0.985863
1.012210
1.004785
0.995618
1.002412
0.969997
0.991800
0.986445
0.990814
0.971927
1.002391
1.009799
1.012777
1.001823
0.994549
1.012273
1.000589
0.993931
1.001737
1.000040
0.994533
0.946606
0.989022
1.001393
1.004098
0.988827
1.007096
1.014536
0.995154
1.012406
0.953647
0.992250
0.982498
0.971171
1.005352
1.019674
0.984115
0.938257
1.005049
0.998025
0.988194
0.990616
1.013951
1.006134
1.002087
0.997929
0.981411
0.972623
0.986058
0.958653
0.978086
0.994362
0.999273
1.002779
1.015382
1.001477
1.020343
1.002274
0.991417
0.978221
1.010531
0.998808
1.018411
0.983628
1.008199
0.985902
0.992850
1.001226
1.019958
0.994867
1.005158
1.005641
1.018514
1.002467
0.990180
1.002425
0.994972
1.002990
0.977981
0.985450
1.000300
1.006407
0.991753
0.961920
0.991684
0.989076
1.002401
1.002588
0.939412
1.014230
0.959198
0.994688
0.998749
0.999629
1.002147
1.009383
0.997935
0.983033
0.995691
0.954076
0.968742
0.987108
0.997337
0.991761
0.994108
1.001244
0.990532
0.979621
0.966212
0.979879
1.000224
0.970486
0.997485
0.963471
1.009168
0.947158
0.976312
1.005711
1.027851
0.950828
1.012161
0.996404
0.989825
1.010589
1.005794
1.008389
0.974144
0.985675
0.980470
0.987128
1.008428
0.998851
0.970089
1.008875
0.982354
1.004976
0.999417
0.984635
0.953810
0.977832
1.009276
0.978471
0.988465
0.997550
1.002422
0.982318
0.997183
1.013742
1.013615
0.998257
0.992811
0.999211
0.989788
0.964313
1.012930
0.988440
1.006626
0.982603
0.999516
0.992867
0.939950
0.969304
1.027003
0.978008
0.979819
1.002124
0.978207
1.001641
0.969978
1.007992
0.988396
0.985312
0.999489
0.990131
0.994813
1.007447
0.978105
0.999828
1.003689
0.995823
0.972234
0.996608
0.978197
0.967097
1.004855
1.008006
0.991444
0.968783
0.986735
0.994537
0.997503
0.987949
1.002488
0.969723
1.009507
1.019489
0.999234
1.003967
1.011098
1.011666
0.973395
0.948366
1.001342
1.008580
0.992879
0.960751
0.980687
0.996898
1.002626
0.999399
0.997421
1.007026
0.971203
1.011930
0.972110
1.000406
0.960190
0.994185
0.990722
1.003092
1.001401
1.006235
0.964917
0.978878
0.987638
0.982754
0.961038
1.000834
0.990744
0.991170
0.995508
0.986105
0.990088
0.977957
0.995092
0.983075
0.986079
1.007450
0.981147
0.995227
1.000892
0.983912
1.012485
0.992790
0.975330
0.996473
0.876167
0.981261
0.994173
0.997031
0.998479
0.974452
1.024634
0.996949
0.967171
1.003595
0.998926
1.016592
0.972938
0.978593
0.993175
1.015344
0.950152
0.995096
0.974953
1.008340
1.000712
0.979349
0.965263
1.000146
1.011245
1.014085
1.003746
1.004310
0.984240
0.995359
0.995221
1.003213
1.003446
0.985331
1.011902
0.990349
1.012599
1.013666
0.980556
0.974611
0.984976
0.967486
1.003140
0.968313
1.005955
0.966406
0.998956
0.998547
0.946285
0.982802
1.019322
0.985940
0.968524
0.995523
0.962909
0.973962
1.003355
0.985911
0.953646
0.998515
0.995750
0.994815
0.971779
1.013962
0.962770
0.981942
0.956029
0.953544
0.966955
1.013802
0.997696
1.009667
0.979885
1.011651
1.019208
1.009989
0.960512
1.006993
0.985134
0.988661
0.991942
1.007183
0.977261
0.994932
1.015198
1.008515
0.989880
1.012961
0.974825
1.009411
0.996656
0.983734
0.964294
1.004230
0.997181
0.966919
0.951256
1.007698
1.019572
0.987385
0.998849
0.981312
1.003948
0.992260
1.006059
0.979215
0.991314
0.978945
0.970652
1.031975
0.999379
1.002923
1.012387
0.981074
1.001148
0.997985
1.014829
1.001632
0.988905
0.967563
0.944884
0.983969
1.006354
0.971032
0.996572
0.996798
1.009495
1.004077
1.015024
0.996782
0.996343
0.971466
0.976189
0.980514
0.974174
0.998730
1.003822
1.006237
0.922669
0.993367
1.004879
0.988773
0.996228
0.977175
1.003238
1.004910
1.003393
0.996043
0.983932
0.994870
1.001425
0.986974
0.972299
1.004883
1.008188
0.993699
0.994647
0.989687
0.982514
0.993961
0.961288
1.003294
0.989874
1.005521
0.992558
0.988547
1.011817
0.999179
0.981570
0.965693
0.976617
1.009343
1.001628
0.996028
1.008340
0.991314
0.989718
1.000767
1.006695
1.000230
0.990889
1.000180
0.980192
1.007464
0.988036
0.979322
0.982656
1.000035
0.997206
0.978264
0.992901
1.009175
1.004580
0.996621
0.990463
1.011383
1.003319
1.012486
0.995780
0.977625
0.989112
1.006538
0.992770
1.001242
1.009567
1.006193
0.999012
0.956337
1.024002
0.972621
0.939720
1.003329
0.982693
0.920549
1.014179
1.011843
1.004736
1.013193
0.995519
0.983382
0.976623
0.981458
1.012522
1.003896
1.001047
1.001400
1.010912
0.983723
0.961753
0.995677
0.984104
1.021401
1.010711
1.000319
1.005980
0.976630
1.014011
0.971601
0.972207
1.006296
1.013031
0.992709
1.003231
1.008865
0.994143
0.993442
0.992393
0.975327
0.985836
1.015294
0.977146
1.007976
0.985828
0.986288
0.969532
1.006091
0.988856
0.997325
0.965785
1.022697
0.975132
0.987748
0.989012
0.982672
0.985596
1.018339
0.997344
0.968680
0.991419
1.010875
0.955084
0.956707
0.999125
1.006259
0.996333
0.991557
1.000116
0.989708
0.981255
0.994459
0.983027
0.985989
1.026529
0.985236
0.978432
0.978899
0.984106
0.993030
0.995528
0.985268
1.006289
0.992165
0.989395
0.968482
1.014117
0.983993
1.000722
0.988137
1.021391
0.966500
1.012481
0.996233
0.995779
0.998575
0.958530
0.996687
1.016903
1.006454
1.002012
0.985654
1.000307
0.983871
0.975232
0.996715
0.994777
0.978283
1.007294
1.017322
0.945913
0.999636
0.988040
1.007423
1.018560
0.983864
0.974369
1.006039
0.974939
0.959780
0.993086
0.962268
1.013556
1.010013
0.994077
1.014410
0.965663
0.997159
1.005816
0.986444
0.970373
1.008568
1.011610
0.985874
1.003147
1.007438
1.003501
0.961265
0.943504
0.970945
0.988084
0.989860
0.987269
0.973078
0.972626
0.996933
1.010962
0.996328
0.993766
1.010240
0.997834
0.993856
1.001698
1.008512
0.987578
1.015561
1.010162
0.978307
0.999531
0.994550
0.999009
0.985703
0.999709
1.012247
0.922674
0.995921
1.003787
1.001391
0.992951
0.982860
1.007639
0.994561
1.004238
1.010567
0.999144
1.007501
0.979055
1.011859
1.017165
1.014092
0.993779
0.977613
0.993643
1.015147
0.996774
0.995822
1.002673
0.959228
0.987000
1.005350
1.005130
1.000160
0.976377
1.001978
1.005940
1.007155
0.995235
1.005368
0.989814
0.983950
0.998969
0.991936
0.988969
0.970345
0.992532
0.993601
0.978642
0.977184
0.999829
0.992500
0.989232
0.995846
0.981059
0.991216
0.947035
0.990692
1.015921
0.991568
1.001469
0.940135
0.994736
0.974108
0.984626
0.965717
1.008475
1.001809
1.003329
0.974707
1.000307
1.020354
0.990024
0.970590
0.994407
1.014330
0.911071
1.003315
0.934185
0.995766
1.004566
0.967082
0.974484
0.981056
0.983942
0.999677
1.005067
0.926096
1.004529
0.978180
0.977738
1.013102
0.991129
0.989590
1.003877
1.016238
0.998979
0.948984
0.966071
0.992695
1.011346
0.986911
0.963373
1.009407
0.982032
0.973093
1.005354
0.988045
0.977374
0.999874
0.996261
1.010710
1.027467
0.966847
0.952548
0.991194
0.976341
0.995610
1.015027
0.988801
0.929374
1.002414
1.001893
1.005117
0.990571
1.003270
1.006326
1.009723
1.007221
0.961104
1.004632
0.993206
0.988813
0.972038
0.988740
0.975209
0.948959
0.990440
0.982954
0.994528
0.930561
1.017717
0.998457
0.996812
0.995035
0.974964
0.983954
1.013144
0.969718
0.994354
0.989173
1.000637
1.004157
0.976151
1.009694
0.994547
1.000969
0.985284
0.952015
0.957402
0.971628
0.979774
0.995082
1.005411
0.993184
0.991701
0.994251
1.009711
1.000477
0.971760
0.991885
0.955507
0.988437
0.984029
1.012952
0.988687
1.000632
1.017694
0.976630
0.976817
0.995518
0.992712
0.983922
0.982678
0.985198
0.980368
0.985493
0.987520
1.023920
0.949405
1.003415
0.989458
1.000754
1.001626
1.008886
1.015520
0.993708
0.998789
0.955821
0.974772
1.008015
0.984687
0.987083
0.999927
0.982703
0.993463
1.012132
0.998393
0.971856
1.014463
0.948478
0.994483
0.992062
1.003202
0.958365
0.958106
0.987295
1.015225
1.013418
1.005074
1.006938
0.990340
0.999572
1.005505
0.990079
0.998166
1.004270
0.963709
0.975834
1.002714
0.962767
1.015538
0.994719
0.996476
1.011492
1.013228
1.000755
0.994636
1.009279
0.994525
0.997461
0.972300
1.009751
0.993428
0.939304
0.968744
0.990437
1.002031
1.006067
0.959339
0.970327
0.976526
0.987996
0.984714
0.985244
0.966275
1.001255
1.004696
0.968113
1.020725
1.004607
1.008106
1.007818
1.002467
0.945387
1.013890
0.979214
1.004283
0.979474
1.010927
1.007356
1.008920
0.969321
0.998390
0.984442
1.009756
0.988459
0.994543
0.985722
0.987762
0.944218
0.993720
0.979478
0.996569
0.979775
0.999732
0.983694
0.969230
0.975617
1.001640
1.001790
0.994235
0.977507
0.975959
0.972971
0.993316
0.967029
0.987042
1.015355
1.010131
0.977407
0.989662
0.990999
0.952728
1.008024
0.992403
0.997327
0.988795
0.952477
1.003261
0.993097
0.981859
1.017676
0.992527
0.997930
0.978933
1.003064
1.010527
0.989726
1.017006
0.988943
0.994008
1.013138
0.978451
0.983927
1.012956
0.956367
0.996628
1.002135
0.988192
0.997247
1.016067
0.987958
1.009612
0.979823
0.994106
1.017438
0.991291
1.009192
0.988853
0.999803
0.990867
1.004133
1.011335
1.021823
1.000663
0.989221
1.003870
1.005432
0.937722
0.968868
1.008651
1.004488
1.017711
0.972367
1.004999
1.007040
0.991590
0.967965
0.989202
1.005702
0.979755
0.939780
1.007155
1.021405
1.007783
1.000776
1.006551
1.013243
1.010226
0.977571
0.998268
0.988316
0.998400
1.026804
1.018029
1.000594
0.968770
0.983919
1.000172
0.987915
0.984056
0.983830
0.986189
0.995657
0.990339
1.004713
1.001151
0.960538
1.007515
1.014532
0.978118
1.002649
0.996583
0.996953
0.982623
0.992733
0.989715
0.995012
0.995075
0.986981
0.998426
1.016621
1.002424
0.988962
0.984894
0.998969
0.990217
0.973166
1.023013
0.933919
1.013554
0.987998
0.992278
0.979531
0.988412
1.004310
0.975278
0.987934
1.006254
1.002938
0.995494
0.997639
1.010416
1.003600
0.957767
0.993340
0.991533
1.002252
0.989555
0.991859
1.002704
1.004776
0.973621
0.996842
1.011064
0.997550
0.995498
1.002547
1.014473
0.989602
0.986620
1.005747
1.003908
1.002578
1.024233
0.985355
0.981271
0.956567
0.982095
0.976649
0.979501
0.981121
1.012897
1.010433
0.989085
0.992125
1.003888
1.001591
1.001510
1.012793
1.009582
0.986357
0.942936
0.984674
0.991761
0.973305
0.989764
1.001760
1.016329
1.002844
0.982265
1.018694
0.995823
0.975662
0.996881
0.975940
0.992079
1.017902
1.008435
1.009953
0.998621
0.997890
0.988548
1.007958
1.006874
1.015990
1.004165
0.991117
0.961419
0.999373
1.021148
1.021657
0.961295
1.006707
0.986973
0.994202
0.997638
0.977778
0.989496
0.954524
0.989691
1.013240
1.015190
0.974419
0.977789
0.992945
1.004079
0.911937
0.989130
0.989135
0.990979
1.005014
1.010435
0.991192
0.970593
1.008347
0.989429
0.975826
1.012794
0.980170
1.001874
1.010535
0.981813
0.999457
1.001814
0.998947
0.990316
0.993100
1.017321
0.969612
0.941080
0.999714
1.003002
1.003216
0.991967
1.007534
0.972442
0.994810
0.983865
1.003783
1.004422
1.004847
0.991023
0.986711
0.979684
0.988116
0.999049
1.027528
0.996479
0.997561
0.989692
1.007353
0.980574
1.025759
0.989572
0.961438
0.992733
0.957069
0.983931
0.988721
1.014973
0.985981
1.002744
1.004223
1.013051
0.970897
0.990765
0.999597
1.001655
0.979915
0.980781
0.974852
1.005460
0.962908
0.984286
0.984310
0.915277
1.012998
0.969172
1.007131
1.017071
1.010618
1.003930
0.985253
1.001771
0.984285
1.013471
0.996004
0.979958
0.995968
0.934870
1.002543
0.959810
1.004343
0.997801
0.978985
0.994923
0.989046
0.993409
1.000799
0.984114
1.007697
0.984779
1.004046
0.979381
1.007269
0.994046
0.966230
1.018853
1.000822
0.991458
0.996437
0.996951
1.001887
0.995159
0.978184
1.002072
0.976874
0.995019
0.992116
0.992733
0.998893
0.997233
0.973107
1.004566
1.000532
0.954477
0.999192
0.991514
0.974586
1.000728
0.992770
0.990212
1.012251
1.003176
0.990746
1.000180
0.992767
0.990128
0.987957
1.015484
0.985712
0.999866
1.010962
1.024164
1.009780
0.982017
0.960988
0.988064
0.985777
0.994008
1.001587
0.997745
0.981807
1.003901
1.002619
1.024244
1.010501
0.990278
1.014950
1.001011
0.976863
0.985318
0.980507
0.982335
1.000408
0.990443
1.011409
0.979607
0.958247
0.996583
1.008146
0.999072
0.937735
1.002482
0.998610
0.997598
0.994334
1.007520
0.969027
1.003412
0.992937
1.005834
0.971822
0.957017
0.988049
0.976006
0.978283
0.981278
0.929818
0.950451
0.969940
0.968730
0.993409
0.978480
0.984263
1.009347
1.002093
0.997599
0.956066
0.966324
1.008776
1.011889
0.988395
0.970547
0.942798
0.954604
0.997003
0.977064
0.969693
0.987200
1.011546
0.943862
0.992706
0.990386
0.999538
0.997549
0.999982
1.016293
0.990878
1.010792
1.007568
0.998299
0.960263
1.000884
1.004799
1.009830
0.983477
0.955669
0.998357
0.996112
0.973693
1.004605
0.948506
1.002954
0.985339
0.943561
0.976608
1.006802
0.978766
1.004649
0.999473
0.993444
0.967292
1.001695
1.014878
1.011880
0.979395
1.019963
1.012474
0.971646
0.983199
0.986112
1.005459
0.976433
1.017972
0.997509
1.010326
0.986213
0.993336
1.015657
1.007412
0.988716
0.949479
1.018219
0.948954
0.943234
1.012192
0.978612
0.980009
0.997111
1.005493
0.991121
0.988859
0.997985
0.980910
0.999390
1.002178
0.994236
0.986373
1.008073
0.998129
0.987945
1.000814
0.994494
0.952786
0.995870
1.015930
1.005318
0.969336
1.000416
1.010636
0.999976
1.004637
1.007244
0.999734
0.998573
1.018376
1.011412
0.998130
1.011077
0.951211
1.014671
0.992781
1.023689
0.995023
0.977539
0.998581
0.988568
1.024385
0.964483
1.012980
0.991725
1.000990
0.981654
0.974849
1.014850
1.007221
0.987748
0.901000
0.988202
0.988950
0.962995
0.976004
0.950203
1.010707
0.993047
1.006116
0.974157
0.949039
0.983846
0.985803
1.005812
0.995099
0.992849
0.952176
0.989329
0.984143
1.000322
0.989739
0.985587
0.976045
0.974807
0.969906
1.011071
0.997319
1.016077
0.998966
0.930359
0.988669
1.013243
0.978695
0.990551
0.991223
0.998194
1.008588
0.989833
0.971660
1.006680
0.989116
0.979441
0.977632
0.996649
1.009787
0.992810
0.997584
0.992265
1.006762
0.979296
0.955876
0.978845
0.991515
1.003529
1.013224
0.991187
1.001621
0.992245
0.985601
0.971599
1.003540
1.005607
1.018095
0.972906
0.999731
1.007530
0.976675
1.005921
0.981373
0.986938
0.969278
0.999408
0.980938
0.994115
0.993852
0.998379
0.995288
1.017983
0.958164
0.991454
0.961866
0.974383
1.006476
1.000223
0.988184
0.979163
1.018903
1.005336
0.990057
1.008129
1.011554
1.021274
1.006578
1.023836
1.017294
1.011985
0.989443
0.996049
1.003009
0.980899
0.980998
0.985453
0.927365
1.026809
0.972339
0.969241
0.930814
1.008495
0.989100
1.008849
0.994001
0.958004
0.999136
0.998292
1.014068
0.981110
0.988723
1.016838
0.987505
1.014582
0.987234
1.003102
0.985611
0.988120
0.985881
1.003143
1.013894
1.016521
0.998724
0.988323
1.024486
1.002673
0.968592
1.008338
1.012773
0.976903
1.018927
1.002103
0.974915
1.001130
0.995361
0.976453
0.995935
0.998136
1.007683
0.960414
0.989465
1.016105
1.004658
0.979360
1.012034
0.997240
1.000712
0.977951
1.002868
1.001857
0.987598
0.993167
0.997956
0.986644
0.972090
1.005413
1.003135
0.993229
0.998027
1.000112
0.999655
0.974799
1.014728
1.013553
1.002239
0.982915
0.951569
0.994359
0.993469
1.023320
0.966116
1.009222
0.993493
1.000268
0.985411
0.975222
1.016912
1.008990
0.998275
0.991321
0.983304
1.013454
1.005707
0.959089
0.981451
0.994413
0.947941
0.970853
1.009800
1.005038
1.007305
0.959939
0.991843
0.995058
1.003250
0.984493
0.979527
1.016995
1.011993
1.015289
1.005025
0.964201
1.004850
0.988133
0.983241
0.990022
1.003475
0.978329
0.958449
0.957290
1.002669
1.003133
0.989096
0.961041
0.998107
1.004523
0.998200
0.994398
1.008614
0.991932
1.013847
1.005503
0.994400
0.974138
0.987750
0.996431
1.011391
1.001754
1.019760
0.975902
1.003244
1.002680
0.982741
0.984281
0.994830
0.997625
0.996204
1.007504
0.999345
0.967315
0.996239
1.001437
0.991041
0.954784
1.022486
0.970056
0.956561
0.992155
0.992460
0.999684
1.010150
0.998369
1.008042
1.003570
1.019671
0.990998
1.008886
0.998158
0.982360
0.985660
0.997859
0.911642
1.003191
1.004801
0.960152
1.007866
1.003389
0.975452
0.977126
1.004074
0.969651
0.988267
1.009395
0.996944
0.973398
0.992263
1.004663
0.983028
0.984555
0.975537
0.988540
0.976922
1.019571
1.002869
1.004437
0.999526
1.005528
1.007912
0.994604
0.970233
0.974012
0.992892
0.993466
1.009297
0.980455
1.001757
0.991499
0.996229
0.985800
1.000156
1.010514
0.976097
1.005793
0.980755
0.979809
1.017011
0.950482
1.004806
0.993061
1.011068
1.014545
0.979818
0.987610
0.969522
1.007107
0.989968
0.999710
0.998356
1.003725
0.971970
0.980455
1.005714
0.974395
1.003837
1.002607
1.017347
1.000807
1.005355
0.984503
1.012571
0.993639
1.003512
0.993251
1.005117
0.948666
0.969249
0.994506
1.026830
1.008717
1.001807
0.999230
0.971029
1.000005
0.991873
1.003197
0.990974
0.977916
0.987442
0.949348
1.008075
0.985411
0.971656
0.972157
0.988735
0.973984
0.976000
0.990930
0.974628
1.000192
0.992551
1.017927
1.000288
0.993084
0.984833
0.989986
1.010237
0.984008
0.989067
1.010596
0.997035
1.003508
0.998612
0.971921
0.997138
1.012436
0.977348
0.997391
0.986961
0.948806
1.002794
0.996622
0.967863
0.999080
1.006821
0.992912
1.009018
0.969256
0.989094
1.011165
1.015915
0.949435
0.977766
0.999922
0.997202
0.995214
1.011821
1.000423
0.994670
0.997631
0.983543
0.981238
0.990894
0.970045
0.981621
1.021289
1.004969
1.003402
0.992372
0.986517
0.977953
1.014686
0.993848
1.008848
1.004816
0.986374
0.970545
1.007554
0.994152
0.954846
0.963239
1.010181
0.981891
0.977595
1.007669
1.009020
0.994917
0.996175
0.987395
0.976458
1.011880
0.982661
0.964915
1.021894
0.973356
1.004272
1.007627
0.995555
0.999859
1.011480
1.009986
0.990543
1.012028
1.016621
0.984948
1.003592
1.005879
1.008065
0.991301
0.961623
0.990788
1.011301
0.979464
1.007363
0.992012
0.982468
1.004559
1.002494
0.979528
1.006932
1.004613
1.005459
0.981574
0.995278
1.000553
1.011667
0.985781
0.991775
0.993293
0.992977
0.979945
0.961269
0.973385
1.015242
1.001888
0.999320
1.019934
1.005564
1.015509
0.977042
0.983474
1.011055
1.006018
1.007352
0.987001
0.985625
1.000269
0.959312
0.990794
0.998720
0.983561
1.019140
0.994485
0.972245
0.976629
1.005637
0.992861
0.990566
1.002612
1.010958
1.014660
0.999193
1.003335
1.007589
1.006367
0.957671
0.992370
0.986583
0.994532
0.999729
0.973200
0.993927
1.007731
0.991330
0.995968
1.001271
0.992516
0.996547
0.993744
1.006763
0.969513
0.979636
1.007700
0.986909
1.005802
1.010171
0.997467
0.970523
1.006132
1.003339
1.008320
0.993576
0.966922
1.004225
1.011032
0.985013
1.013737
0.987626
0.993684
0.994280
1.008610
0.977081
1.000803
0.972620
1.011659
0.981989
0.977678
0.995896
1.012644
0.980665
1.015550
0.989454
0.959898
0.994311
0.925324
0.994452
0.997119
0.996976
0.984638
1.000573
1.000188
0.989643
0.947092
0.939805
0.998969
1.002219
0.979344
1.007391
0.985665
0.990089
1.003684
0.982648
0.988388
1.007214
1.005898
0.997707
0.958394
0.995707
0.997982
0.990327
0.983404
0.989682
1.008152
1.015746
1.012558
1.013074
1.003542
1.008466
0.960328
1.002331
1.013041
0.987557
0.986911
0.995823
0.990280
1.013085
1.000453
1.011976
0.985727
1.008703
0.984499
0.990083
0.954872
0.986164
0.970946
0.972854
0.983342
0.990869
0.993619
0.995201
0.977214
1.003276
0.993246
0.982358
0.986821
