323.356837
321.650734
337.233973
321.486803
321.717806
321.864920
321.910220
323.709793
321.809635
317.081846
323.885814
319.938466
322.119188
337.846759
311.262101
320.843415
322.501082
321.744602
321.909419
324.223582
321.332760
323.742657
320.898531
316.910083
321.142836
317.152394
322.919545
319.704046
319.573416
319.680741
322.175734
321.880007
322.196904
321.732358
319.978291
324.242579
325.400175
329.862328
322.615798
322.831874
321.399183
322.139339
322.019131
323.558784
320.648632
318.195430
323.507951
321.655244
321.152957
321.443784
320.033312
321.531735
321.769342
321.126908
323.329393
323.598412
321.934156
318.819098
322.823924
323.029821
322.816675
324.540214
323.941354
345.332958
321.685249
321.504749
325.134146
328.802161
325.318402
321.137837
326.119388
323.155479
324.783068
319.956860
322.435106
323.182805
291.745698
322.128389
321.119400
329.672059
322.200921
320.950413
313.994152
321.067285
321.323302
323.028941
322.797239
321.643212
321.884049
323.588310
321.176390
321.551123
312.571194
321.418083
322.653925
323.050766
321.164715
321.186898
321.482694
322.171867
325.446689
321.705559
321.586555
322.434197
321.493476
321.390069
343.754324
317.528967
320.107181
323.187208
322.731643
326.475140
321.024450
320.700109
320.364619
321.343651
322.212807
320.994679
321.899508
324.721983
320.290533
340.907982
332.336858
322.955931
323.298326
322.697177
320.461095
318.599565
322.115499
322.808634
322.394679
321.711620
309.542106
324.041981
322.312803
322.513267
326.547058
318.197259
321.751786
320.027284
321.533031
450.948282
321.596740
321.383101
321.195853
320.014880
294.312630
325.444995
319.347598
402.454179
322.388814
321.866376
355.560701
319.469897
321.985918
320.357102
322.385557
324.395087
319.250802
324.482169
320.560528
320.198879
320.742552
325.841871
323.417223
288.454520
323.169628
322.000864
322.748254
320.776413
322.312531
319.828578
321.076167
323.030536
322.319130
321.729441
329.570880
322.401675
323.290892
323.171682
320.985399
323.129948
321.704930
321.025097
324.040493
322.713414
323.019488
321.609009
673.586311
319.721199
320.719197
321.931986
319.465110
321.489630
321.821560
329.247269
322.235077
321.920285
316.325535
319.721660
322.043139
321.912650
322.482101
322.968982
323.865420
290.915939
322.443334
322.009254
288.511687
319.620575
321.734961
323.703998
318.543921
322.132742
321.263578
322.206954
321.938945
322.273525
372.077605
321.007531
321.146544
323.075476
321.795629
317.148929
328.247654
319.703404
321.239047
322.203589
321.516322
320.775093
325.802265
325.324991
321.349872
310.646172
311.371840
321.246100
320.605196
319.263218
321.737135
329.391864
321.697635
322.408804
323.749940
324.882890
332.989307
336.132281
323.630015
320.568554
321.933112
319.320654
316.013768
323.501970
326.618546
321.369900
321.895728
322.461777
323.921761
318.474204
320.585881
321.134430
321.175799
321.961691
322.269398
321.334823
301.341193
321.915371
319.173047
319.438776
321.404559
320.795079
319.148548
321.229940
328.281344
321.357719
323.365037
320.128884
322.953068
321.900602
322.513418
321.929974
322.255193
322.334395
321.443437
323.129702
323.175797
321.467288
322.258047
318.779294
321.203940
321.542155
322.139752
322.120259
322.731056
320.402103
322.127738
324.643575
322.503294
321.880934
321.762461
319.792695
324.772046
321.807920
322.425822
324.176176
321.392779
322.001008
321.141423
322.026023
321.730945
321.826519
309.830957
321.724966
323.058388
319.086285
322.796367
321.227765
321.927677
321.086070
321.555266
320.772372
319.974286
322.603297
318.582652
328.387325
321.487488
320.692388
322.673967
322.799499
321.378030
321.653149
321.616432
321.029325
321.566144
325.306413
324.121425
321.716275
321.376256
323.375914
321.382935
322.335859
323.040406
320.751558
321.349345
319.596585
340.260121
322.507567
321.535688
322.552554
322.733318
317.273441
317.159662
320.501396
322.225978
322.891390
322.617427
322.163701
324.505440
322.342403
324.690495
309.767774
322.637161
320.740034
321.605827
312.633706
322.693455
322.171491
310.359437
322.727657
322.355106
320.232489
321.523702
321.847312
322.819110
321.024727
326.887698
321.633335
321.882311
324.335132
321.181007
321.279177
322.885658
323.469717
322.277098
327.804919
317.470458
318.556394
320.041913
320.439948
320.904561
325.454753
325.096072
321.748880
317.047348
321.106746
322.133262
319.821645
321.386024
323.569511
321.729571
322.769450
321.965341
321.429099
317.048980
321.487810
323.085603
320.466825
323.705740
321.517432
330.329021
319.655734
322.617542
324.868530
322.889428
323.162990
321.329656
322.503760
308.883863
438.605660
326.404204
315.615347
320.851382
321.590150
319.798366
322.174346
323.800339
320.828504
309.744463
326.203432
322.157700
315.917868
321.436424
425.162658
319.205718
324.346449
338.435629
320.872945
320.257145
321.481301
322.157096
323.318557
321.090087
321.790228
312.298450
321.559671
323.563823
314.110133
322.815897
311.978888
322.057265
321.106656
319.797269
321.552145
324.966749
321.746397
321.703794
321.984083
322.529827
330.070622
324.748063
318.786602
314.240869
319.785568
321.408666
321.585726
323.138582
318.716519
315.770945
321.802890
322.754868
322.400608
322.728885
320.895219
-115.023121
320.462181
318.863436
323.129303
322.748155
321.861982
322.450407
320.984499
320.524318
321.744277
321.213315
322.709889
320.729657
320.309129
320.474682
322.823262
321.398306
322.185327
322.977267
324.354665
322.446449
322.091012
322.727692
320.923435
323.989409
322.205155
318.602493
325.398069
321.395914
322.414089
319.700315
324.985937
324.670609
321.669556
323.987113
324.659108
321.331805
321.622957
320.318714
320.553593
289.600244
326.009220
326.940706
324.586012
45.956830
322.016227
321.683508
320.730422
320.928181
321.243005
321.212276
319.238290
323.315114
330.863874
316.726838
322.031601
323.213124
319.683312
322.267292
322.125197
320.715849
322.178749
321.071307
321.185514
313.056447
320.382457
323.049080
321.030597
321.825515
322.644680
351.247948
321.154140
322.081224
318.719676
279.516856
320.278035
306.113784
321.333771
325.618280
320.326961
321.739029
321.367213
321.439995
321.071830
319.356792
323.333414
320.060131
322.519667
321.382653
321.557257
355.234970
323.278889
320.750313
319.750088
316.737032
322.677588
324.909384
319.523801
319.166673
312.495470
321.870192
320.002036
321.915153
319.965490
320.240717
321.918711
322.545619
323.685931
320.206579
321.751082
322.530917
317.863430
322.084120
320.105156
321.730838
307.390961
319.233528
319.298362
322.294920
320.308256
323.323198
321.783268
324.453905
321.021805
325.043012
321.215664
320.409464
324.295120
321.396958
320.738500
313.502513
320.350295
322.578911
318.400484
321.613227
322.306484
321.742153
321.798125
320.824550
321.643122
322.601522
320.831407
324.102554
323.125937
316.689103
321.226596
320.055483
325.310131
322.108234
322.989704
323.467370
320.481607
327.618152
321.661698
318.353903
321.748067
321.401594
320.460955
322.266562
329.552529
322.628702
319.326080
322.826059
317.444076
320.982842
322.265547
323.084738
322.267705
319.720035
321.284679
332.089924
321.169843
322.025660
323.720699
322.476220
320.481090
320.380559
322.403856
320.931527
321.418300
321.446880
322.604076
321.944995
321.729412
323.394633
323.274145
322.572504
322.858818
321.883519
321.040930
322.380233
279.897103
322.004690
319.105496
320.258783
321.988368
321.411364
319.816543
321.746279
322.852403
321.835942
322.731678
322.522704
319.753167
321.232356
309.086024
321.542618
320.936534
320.844870
321.623994
330.700297
323.198275
321.536173
321.615956
322.042669
325.331823
321.753447
317.922461
322.180471
322.114938
321.550784
324.851863
324.087192
322.233621
321.383434
323.084322
321.719348
322.109452
320.846760
323.277140
321.242656
321.438828
419.013451
319.319104
322.260454
322.271182
322.458531
322.058464
320.756281
320.266201
320.823696
321.198872
323.266411
319.328015
319.905457
319.956474
321.678258
321.714124
321.404348
320.236823
319.852444
320.825435
316.828287
318.560869
321.597975
320.393716
310.901137
322.406999
320.504367
321.743625
322.266555
319.759205
321.920851
321.486252
321.336374
322.635017
323.193367
320.928502
325.812199
321.828260
320.748759
321.218840
321.263933
321.731990
320.347345
321.486637
321.048736
321.840656
320.811713
317.834048
335.160140
321.241636
322.220017
320.772028
324.367247
321.891086
320.909841
315.425356
322.532712
323.303073
321.002747
360.256233
318.904049
319.824494
300.421488
324.503752
322.657550
320.726782
306.478415
321.080318
322.377775
321.110206
314.487020
321.976245
317.189212
323.752686
323.203988
321.161278
323.299870
316.173857
323.730890
321.622776
321.913743
320.529968
320.277468
322.809180
320.900246
319.782060
322.907472
329.166266
321.219437
321.360389
321.216540
313.747934
317.266829
321.958129
321.810304
314.073294
321.508103
321.989141
323.345070
320.918009
321.762361
319.009740
321.642105
324.963144
321.561544
321.414156
321.189856
322.650370
258.108314
325.232424
272.164481
319.086362
323.383158
322.901145
320.822307
321.560165
340.841497
320.968607
321.921787
321.200721
320.919509
321.619934
319.776505
327.078092
321.174506
321.527053
320.462091
321.065999
315.799064
322.282453
322.202625
321.035330
318.004715
320.088171
333.394059
322.281205
322.068921
324.826217
322.084104
318.952940
323.503605
322.104108
311.343043
322.533900
323.937762
320.872731
321.198668
323.125730
321.592284
311.151568
319.262032
321.251999
321.564661
328.797040
321.337089
326.962154
320.395873
321.547668
320.900302
320.987855
318.757414
321.501141
323.097540
323.073180
326.499372
311.672485
320.095443
322.756783
318.953643
322.166001
322.088824
322.443201
321.668643
321.339583
319.489886
322.027635
322.265425
321.202745
326.687109
321.199867
327.245942
323.264405
319.459491
324.988743
324.306929
320.830880
320.504475
321.074596
321.268207
321.158484
321.585464
320.661393
320.958579
344.316050
321.344631
328.079098
327.491511
323.567998
324.274871
350.186205
325.787408
321.525410
323.386302
320.052198
321.032307
318.659266
320.884281
322.163283
322.200948
321.021306
322.174259
321.808664
325.232573
325.010364
318.399825
322.724236
322.052225
317.095475
321.462823
320.857289
320.722355
322.834606
319.912043
320.922877
323.586143
323.058504
321.715852
324.500433
320.212331
322.513140
322.074399
321.066777
320.330627
320.648322
322.035595
317.757961
323.953090
320.622791
319.330405
324.322198
322.078649
320.610299
323.752042
323.720059
323.365309
321.316755
322.090395
321.777716
318.441090
323.083659
312.496771
321.951890
189.179539
320.795752
324.546581
321.165026
319.678113
321.984328
321.534073
321.897966
322.212760
322.148897
318.881676
293.920496
316.870861
320.881095
319.971964
315.679616
273.545267
321.401151
322.312841
324.182199
321.767247
324.272454
321.345492
323.345445
321.920195
338.680257
323.203161
321.378963
323.691618
320.928150
322.369168
320.913928
320.305566
322.786766
321.668419
310.371170
322.303023
321.783188
321.418076
319.941864
321.707210
322.117601
326.590248
321.366731
