22.552440
26.518081
25.062782
22.827242
24.832025
28.162841
31.167967
25.041629
26.861603
24.897119
22.981506
25.813633
25.563301
24.858855
25.267664
25.268193
23.994801
473.995178
25.952643
20.996287
27.198142
25.348774
17.084792
26.300910
23.097365
13.887746
24.463357
25.642129
24.613695
31.148691
24.834600
24.409240
24.821046
24.296397
28.139083
25.729946
25.250057
23.785501
24.705943
49.092575
28.464162
24.983318
23.420656
24.487007
23.621527
25.600475
26.160680
22.350890
27.406771
18.119232
26.873942
22.779897
25.752350
23.973232
22.834570
22.315561
24.530108
27.262726
25.453212
25.521993
24.023175
23.883556
21.155140
25.080042
32.824720
25.090582
22.929576
24.731991
24.826155
25.425409
24.599045
21.874953
25.343743
9.666106
19.524469
29.929900
24.602475
23.301892
25.113754
25.780252
24.817043
26.678982
26.602204
25.893758
23.240177
23.759826
24.269723
30.038886
18.554041
-15.869042
24.937846
25.129775
25.168703
25.236954
69.595670
30.769743
23.879728
25.234973
24.594421
24.759087
25.228033
25.666976
26.269609
26.101574
13.595336
21.426096
28.315696
25.540997
16.194549
25.085259
24.117509
24.968432
26.652330
25.288429
28.821869
25.239742
21.449273
25.587245
25.594538
18.856071
22.031420
30.649274
27.096365
23.437686
24.045183
25.391342
25.471012
23.078780
25.614158
24.218186
16.419011
28.705183
24.557510
23.593458
25.288534
24.648682
23.503214
32.406036
25.125816
27.239780
28.212192
26.722356
23.449335
26.018183
25.207168
23.853515
27.527876
25.785136
24.497280
26.247662
24.904364
3.854489
24.231975
25.293933
26.093401
25.141905
24.826027
25.602881
25.566240
16.883684
27.000847
25.151683
24.685447
25.755898
25.113665
20.581645
39.111850
21.157983
22.528101
23.862489
17.662124
24.790509
27.074987
25.980021
27.457315
25.734335
27.044778
24.686932
25.436549
23.443426
25.445844
22.770761
19.529106
30.255730
25.312130
24.578710
26.023453
25.833386
23.926490
25.107488
25.378242
24.400430
27.085396
25.478259
32.910815
25.004654
24.270838
26.030209
25.604236
25.536274
25.805399
25.636532
24.737920
19.185966
24.077293
25.216157
28.364528
26.723219
25.472295
21.749534
25.831933
21.982013
15.851882
24.498763
15.721653
21.723004
25.669349
22.402530
26.023877
24.639211
22.271123
25.857798
23.857189
27.582672
26.351882
26.979942
26.478745
25.796087
23.994560
24.212378
24.118793
25.420441
24.042758
25.314580
25.039821
363.152243
424.585702
25.563909
23.734977
14.248458
24.376238
21.106925
24.043387
25.445634
24.412701
25.581054
26.251710
24.882973
23.945897
24.500754
24.921877
21.807328
12.638766
25.048159
25.000017
23.200103
26.293341
26.193668
26.174070
25.330940
26.363471
26.178924
26.132676
25.388634
24.972489
25.308065
24.285648
21.394123
26.071180
25.463362
26.199281
24.960270
-27.214540
25.470147
24.336847
28.191844
24.678788
25.394844
43.444498
25.308981
25.432336
25.189443
29.448643
24.173663
35.661447
24.160872
23.608835
25.093081
23.745748
24.787631
17.444526
28.137035
19.239386
19.932384
13.097373
23.526637
24.223322
25.589117
25.393402
26.691368
131.069098
25.645776
24.588135
24.869001
25.375044
24.009356
24.734255
24.941571
25.244282
25.751585
24.791153
24.743039
24.339965
25.519588
23.983876
26.728105
25.994358
22.937026
27.779721
22.389249
25.145963
24.507041
24.020603
24.578663
24.294951
32.510900
25.384729
23.388162
25.222383
22.728367
27.895944
-156.864061
24.279836
29.468339
0.830259
34.611431
24.655120
25.876036
24.876426
25.626544
25.204226
25.246210
24.418676
26.543237
25.017053
20.880267
23.090266
26.291042
27.036460
18.950509
20.880741
24.591370
24.837757
24.673981
25.670564
25.719609
29.266088
28.685966
20.731670
25.638685
21.807556
25.417293
25.569016
23.510834
24.129950
24.770051
24.629184
27.046777
25.157828
22.214208
36.309781
25.187876
25.045089
24.459250
27.158160
25.269963
25.704574
25.198739
24.393393
25.629988
27.459391
23.901823
25.062306
22.972036
27.792352
25.106398
34.912247
26.031231
26.422541
26.302821
-20.787271
51.216775
26.367909
21.481432
24.091223
27.870738
25.772943
24.691804
22.589963
30.147704
23.974156
25.463864
26.292709
26.207034
24.163776
67.039212
27.670653
14.882245
24.609405
23.154529
26.230828
24.599369
24.219536
24.928450
25.143901
25.127825
23.569345
25.547820
25.853818
23.389197
25.431193
26.827448
24.993146
25.480073
25.895789
26.200251
26.404332
23.375640
24.331841
20.465769
25.390327
25.714368
47.771588
22.273401
26.536738
25.615550
25.033882
25.385592
25.648626
26.434206
24.036160
18.747631
23.541485
24.262915
24.611081
24.655763
24.547202
25.646538
17.670689
31.172822
23.617790
24.541110
26.936293
26.324276
25.354937
24.519267
29.486410
25.012500
25.178928
24.861278
29.626364
27.186735
22.436442
26.843653
23.356044
23.000754
24.676311
35.381766
27.195506
25.362048
23.915863
25.616721
27.360737
22.453874
143.266106
18.995812
25.180327
28.877408
23.760570
25.310176
24.159346
26.201221
26.199652
25.919485
25.314334
24.404517
27.717708
25.193318
25.719762
22.341872
22.947513
23.985389
17.512402
24.835444
23.017332
25.258481
25.360479
24.471439
25.022711
8.832915
24.654072
16.061297
54.138065
24.245446
21.565780
25.806306
24.089648
25.420523
23.309132
26.650287
19.521905
29.770398
24.684574
25.138164
27.546382
24.190608
25.016983
26.679940
24.933022
25.606249
24.216720
31.697419
25.117509
25.605668
27.735042
24.656564
25.383958
22.707512
25.472023
24.630574
23.761666
23.247371
25.785818
25.795808
25.083867
25.515654
19.643501
21.315632
22.771928
24.943832
24.372509
24.662984
25.003684
24.444232
25.581720
26.141514
25.808679
25.121176
24.738497
22.004801
24.353595
35.234977
25.126349
25.486196
24.654843
25.975668
25.788601
24.594534
24.936008
24.063830
25.054239
23.608320
24.468147
23.544738
25.565671
24.774676
25.123127
25.841881
21.741619
27.818696
26.683094
24.551320
26.190142
25.266579
21.673806
24.267907
24.992627
26.077829
24.199045
58.465031
25.996607
24.084638
24.914837
21.741515
21.612675
24.979904
25.684044
25.474091
25.938584
25.484281
12.993069
27.261704
24.510413
25.717168
26.156707
1.779998
26.017204
27.998839
26.084282
24.398940
25.223346
24.638082
24.189216
24.196216
27.795531
24.227537
1.135607
26.074449
26.475447
23.556156
24.377588
29.116394
25.975402
25.517243
19.949305
28.257842
24.792032
36.543980
25.839530
25.614978
24.478455
24.804667
25.684572
26.146360
24.265543
24.008196
23.164812
24.703799
23.832293
24.630369
27.675885
25.768326
24.963296
28.264655
20.221637
19.505320
24.974622
26.449869
26.614688
24.151873
26.986501
23.176500
22.267569
25.467161
25.119387
26.911576
25.541841
24.814332
15.843980
27.864676
28.503978
26.015730
20.815994
24.993116
25.485160
22.529531
40.432750
27.116283
20.919085
24.339641
23.614599
24.859960
24.770077
24.665978
29.677422
21.500622
25.527603
24.536551
25.556819
25.327082
17.659282
25.502924
25.006079
25.155948
24.218191
25.528568
22.081705
24.017500
26.626021
26.380980
27.801874
25.042059
28.772471
28.650496
24.664297
25.506956
25.470243
14.992517
25.069438
40.420057
25.191658
22.946374
25.483912
23.734628
25.105577
23.105689
25.224725
25.023529
25.472981
25.205627
30.621647
26.519182
24.933808
21.066484
35.897721
24.479641
23.902792
24.771768
25.307534
25.386617
22.346410
23.977572
24.351931
24.883677
26.880039
21.086696
28.461789
19.775429
24.094420
25.328687
24.983799
24.122117
35.467130
23.622091
23.686821
27.670134
20.674136
28.870063
25.505529
25.166087
18.699257
25.137001
18.117607
23.713820
25.066552
26.197630
24.545994
26.519527
25.064652
29.009852
25.189620
20.854735
25.389231
25.842653
22.406213
26.477855
28.724557
25.294980
26.914618
24.353233
26.299554
23.598106
25.672025
26.281030
23.259789
24.928914
24.871910
27.075959
25.923217
25.031318
24.648549
25.061224
23.619018
24.823716
38.823275
24.653443
24.850648
29.649416
25.116986
24.757136
20.682572
24.606316
22.979720
26.433382
27.957763
25.497509
22.691999
27.221433
22.881093
28.940785
27.614558
24.102561
26.000654
32.619950
24.366668
22.475696
43.847686
26.555432
23.926916
23.953704
25.157404
24.615076
26.170700
23.721775
25.274697
23.784202
25.285728
37.960269
36.653762
26.827565
24.210123
25.104603
24.996747
24.495009
23.076849
24.735926
20.732784
23.086131
24.874649
22.890552
24.287750
25.187352
23.500806
24.958848
24.863409
25.028851
25.418694
28.586028
25.514004
27.812054
26.388937
30.888027
-64.640750
27.026188
26.702795
28.047578
29.987517
25.366210
26.184513
38.946490
25.116738
24.092580
26.533664
25.366422
24.655198
26.844263
26.364612
24.359459
24.497361
25.397242
24.469097
24.834385
25.818539
22.074175
25.431988
26.486773
30.834520
25.198633
25.004802
42.066281
25.564328
22.003633
26.349119
24.916618
24.965059
24.946250
25.245188
20.198707
25.968784
25.283582
23.977946
26.739201
26.217896
17.527046
25.773336
12.581431
25.752497
24.128545
22.963218
25.494584
23.998578
24.063237
31.730934
25.099604
24.498720
26.527054
25.122146
23.589886
26.545698
22.416992
26.132216
24.351951
23.662668
25.122421
18.310559
20.208073
22.469952
27.421824
25.034012
24.843592
27.352200
8.006132
23.723043
24.922889
25.621499
25.173256
-71.766650
25.529454
24.042662
63.565585
31.832856
27.446402
22.566690
24.123647
23.227517
25.096739
26.440017
24.257127
25.151813
25.961911
25.038220
25.206166
23.321088
26.658958
23.732015
-0.565214
25.832285
25.358114
24.979987
25.031474
24.949593
25.282977
23.341271
20.948160
25.741639
21.998865
24.438102
16.665277
25.240948
25.266524
23.711127
27.299171
20.635060
23.668250
24.170771
26.514170
24.803270
26.752731
45.681705
52.011871
25.967648
24.507089
23.521106
27.409686
25.262018
24.304346
26.861256
17.051565
24.452593
22.860167
26.080949
23.297887
26.470989
23.869985
22.920071
24.311702
26.100250
20.342448
25.099097
24.541008
24.714956
20.876794
25.613109
23.936497
24.273372
24.269470
24.716247
21.258601
22.054123
24.163208
25.372063
24.363978
24.989958
24.985449
25.930117
32.504551
24.138977
-11.131033
34.493203
25.483716
-1.495918
24.848507
25.515094
25.630530
24.092697
24.307859
24.557909
24.881069
24.811769
27.956062
23.017212
28.164426
24.728547
25.563601
24.785879
25.748472
25.629244
26.472649
30.698715
25.353078
