-14.910002
-13.394769
-12.213073
-14.161088
-14.307101
-16.071659
-13.273519
-13.656992
-47.938548
-13.394135
-11.067430
-10.866848
-15.740073
-18.429175
-16.130789
-15.787021
-13.608707
-14.165079
-14.671882
-11.457955
-4.032581
-18.515127
-13.029123
-13.059952
-13.695420
-15.624531
-97.278710
-13.460254
-14.600872
-7.071824
-13.756058
-15.239514
-13.626032
-11.318457
-14.526619
-15.303398
-15.519554
-14.160736
-12.326379
-13.698687
-14.923740
-12.714923
-14.493913
-15.473128
-13.718617
-10.829545
-14.045314
-10.850661
-19.517989
-12.907205
40.989432
-14.913961
-24.645427
-13.622303
-12.529154
-15.227639
-12.728078
-13.557916
-17.589849
-14.568659
-14.384835
-15.948432
-15.321923
-14.423963
-10.380884
-14.412684
-27.437096
-14.484437
-14.606099
-23.952521
-14.671941
-14.529400
-11.501158
-13.099296
-13.886769
-15.205184
-14.761323
-13.821465
-12.677488
-13.940325
-17.901936
2.441924
-10.728008
-14.432999
-13.827746
-48.647702
-13.527811
-13.731109
-14.678204
-14.802049
-14.607296
-13.446176
-17.459177
-14.497677
-11.903981
-14.601647
-16.983594
-14.359526
-14.791239
-38.816312
-13.711874
-16.764876
-14.812416
-14.473860
-15.349870
-14.623759
-12.178980
-12.246073
-12.786721
12.314295
-18.037658
-14.741603
-14.427335
-16.509833
-12.852652
-13.953161
-14.857136
-19.089972
-12.032376
-14.954217
-14.325172
-16.807145
-9.149213
-13.687279
-14.387256
-15.253428
-13.021748
-15.180218
-13.825485
-14.462122
-13.307520
-14.947349
-18.429620
-14.712038
-14.173395
-14.377470
-13.356879
-14.414780
-15.137047
-14.685690
-12.957757
-14.371090
-14.244671
-12.599200
-11.893313
-13.991548
-13.566180
-13.819429
-12.804159
-20.139794
-14.047325
-15.266665
-22.070187
-14.826213
-14.603684
-13.172718
-13.792103
-13.194756
-19.061045
-13.421497
-13.479597
-14.470078
-13.963406
-15.033154
-14.829697
-12.461294
-14.570115
-14.674909
-13.767923
-9.393035
-15.484444
-18.498768
-15.196424
-12.603640
-14.322812
-14.932439
-15.037230
-14.333287
-13.647885
-13.600495
-15.180846
-12.450538
-0.011888
-15.509147
-13.745566
-29.044448
-14.884711
-14.276994
-14.056413
-12.724110
-20.200392
-4.813162
-13.608671
-14.421348
-2.220648
-13.367851
-14.422640
-15.732859
-13.076386
-14.717039
-13.428997
-14.095469
-12.427737
-14.536723
-14.432866
-13.729235
-14.508532
-12.222987
0.744522
-14.465040
-14.915272
-14.570326
-13.964458
-12.513848
-13.079621
-14.955174
-12.200999
-13.709896
-12.744187
-13.495072
-13.600349
-13.613996
-13.665427
-13.598818
-14.687970
-14.572311
-14.006954
-13.661806
-13.449807
-15.846873
-11.758312
-16.875014
-13.749766
-15.687832
122.628509
-13.863419
-14.354478
-18.211474
6.410214
-15.415649
-13.898063
-10.329194
-16.590712
-14.197557
-15.498170
-13.930280
-12.890077
-13.898652
-14.159391
-12.352399
-4.238410
-15.109151
-13.921220
-12.015906
-52.500352
-12.541257
-16.516469
-13.715665
-2.237216
-13.971883
-14.466970
-16.215483
-13.892701
-15.197004
-23.859362
-12.278483
-12.752219
-12.962337
-15.827957
-13.247436
-14.449147
-12.837306
-13.706462
-15.732616
-11.589867
-13.969763
-12.948984
-14.617729
-15.500343
-12.922686
-14.938613
-14.572053
-16.687619
-13.460719
-9.997762
-12.476291
-15.030835
-13.822674
-13.820436
-14.022321
-14.703469
-16.453864
-13.763687
-12.885418
-12.236279
-14.646923
-12.633769
-14.989056
-13.003493
-14.323606
-13.597564
-21.944270
-3.987844
-12.487851
-13.046239
-15.426287
-12.250838
-13.232151
-13.545098
-17.631663
-14.944265
-13.636332
-13.994721
-13.664828
-11.992437
-23.043922
-14.716117
-13.476299
-13.824110
-13.833061
-13.983089
10.148087
-14.063172
-11.350264
-11.400811
21.239054
-16.982898
-20.433025
-13.966038
5.484832
-14.478150
-13.080523
-14.778096
-14.567482
-12.463400
-15.450550
-4.448227
-11.975335
-13.249984
-14.604548
-14.220081
-11.604435
-14.055054
-11.308411
-13.867763
-18.272779
-14.021192
-13.247586
-14.365032
-13.919686
-9.759017
-2775.559992
-14.225258
-16.199621
-15.122926
-13.615334
-12.802250
-14.813501
-15.276446
-50.689405
-14.486423
-17.063179
-14.745143
-18.113720
-13.852511
-13.834792
-15.540856
-14.686620
-14.007212
-16.032590
-14.555661
-16.559034
-13.153263
-15.075998
-12.075521
-14.363126
-14.216785
-10.481415
-16.793376
-8.736318
-13.398131
-12.725711
-13.801586
-14.911470
-13.699509
-17.902456
-13.079453
-18.835708
-13.960468
-14.414740
-12.223034
-10.678790
-11.415760
-14.174429
-13.986096
-15.582188
-15.518977
-14.453474
-18.936166
-14.536589
-14.465799
-12.712506
-14.401335
-15.219702
-12.979581
-12.846160
-17.014985
-12.332285
25.971510
-7.068482
-14.317715
-15.118320
-13.910650
-13.260218
-12.076504
-14.868573
-9.529587
-5.100993
-13.392040
-14.477117
-14.060826
-15.038104
-4.420848
-11.979302
-15.421469
-13.392396
-15.539758
-13.366904
-13.805392
-12.201211
-8.830782
-7.693651
-10.794710
-11.598444
-16.369818
-14.367143
-12.272262
-26.055872
-15.401042
-14.384014
-12.782931
-13.331100
-15.250082
-13.772372
-13.795434
-13.932044
-14.434475
-13.783366
-10.888893
-15.461561
-15.196788
-11.631780
-14.350463
-12.142320
-12.576342
-14.321486
-13.347720
-13.503917
-15.730370
-14.126824
-14.157297
-11.361346
-14.133533
-13.788789
-14.193388
0.224462
-13.456759
-13.260644
-17.408200
-14.189679
-84.749837
-13.680100
-14.960885
-14.342047
-16.029355
-27.217848
-13.580696
-16.609595
-14.575110
-14.360166
-10.401376
-8.377144
-15.052934
-57.687626
-11.570858
-15.485446
-13.985626
-15.842129
-13.762300
-40.340782
-13.431629
-14.177926
-10.051713
-14.451776
-17.597474
1.222695
-16.514877
-15.155255
-13.026554
-15.193044
-15.912534
-15.371849
-8.933878
-14.337014
-17.485278
-13.496771
-8.664378
-14.434671
-14.340232
-19.380930
-12.707669
-13.329282
-16.731174
-14.331282
-14.706280
12.013992
-14.643302
-13.300114
-76.107154
-14.365801
-12.741856
-13.233522
-15.154212
-11.769775
-13.805462
-14.754227
-14.504591
-14.857200
-9.919329
-16.185236
-15.984491
-13.038616
-14.579538
-13.696590
-14.450087
-21.323604
-13.981662
-14.644187
-14.029003
-14.177431
-12.176599
-12.399422
-13.164231
-13.932528
-14.194369
-13.577801
-14.774644
-13.346576
-12.269512
-15.303041
-13.779700
-13.989845
-13.854390
-13.900088
-15.055597
-15.196328
-14.152750
-13.409631
-18.973875
-13.634752
-14.429102
-13.950486
-5.722669
-13.674661
-14.074790
-20.127193
-15.084914
-14.692115
-14.316052
-14.106400
-15.899478
-15.344409
-14.378976
-12.676380
-13.073997
-13.396343
-57.947870
-16.689454
-13.726604
-14.059698
-8.839527
-13.451889
-14.260850
-14.552313
-15.213743
-12.795261
-14.589410
-17.216521
-17.511536
-14.456565
-18.777540
-15.329864
-16.530667
-14.665082
-31.010024
-13.232150
-14.524018
-13.763184
-15.771010
-15.206767
-14.228206
-11.231695
-13.980217
-13.618477
-10.623785
-18.595561
-7.794086
-14.764155
-13.390062
-14.977412
-12.908043
-15.932620
-14.640558
-23.210184
-15.553342
-15.444018
-15.006707
-13.938968
-12.120888
-14.641921
-15.663205
-22.564013
-14.760575
-12.457455
-17.342765
-15.426687
-14.296840
-15.019959
-16.963500
-13.838554
-14.357404
-14.743031
-11.435348
-14.033138
-3.722213
-14.313755
-11.977301
-14.006760
-16.312082
-12.526741
-13.911105
-14.955036
-14.044827
-13.606915
-13.854385
-19.271649
-13.349285
-21.035711
-14.440816
-14.243432
-13.310650
-15.802295
-129.241768
-13.256560
14.965568
-13.785779
-8.983471
-15.684986
-13.024465
-16.009786
-14.548348
-11.393206
-15.295940
-13.891070
-17.723263
-14.228293
-13.617781
-14.686420
-14.369781
-15.175412
-13.687562
-14.567341
-16.204597
-15.665212
-13.762743
-13.851825
-15.963353
-11.293939
-18.334062
-13.416422
-13.592349
-14.091965
-13.920758
-15.044517
-14.523231
-13.979533
-14.905256
-13.208317
-12.223266
-14.269368
-13.319923
-13.620449
-15.155777
-14.135980
-13.995752
-13.881241
-13.143020
-19.401617
-13.472275
-17.050537
-13.011774
-14.330348
-13.325141
-12.694415
-12.723890
-25.974214
-14.456881
-13.461888
-13.271074
-15.550282
-12.483460
-14.868234
-15.519716
-14.078198
-0.440643
-12.965812
-12.403370
-14.506264
-11.738789
-14.787370
-14.653558
-14.468377
-15.612866
-12.892322
-17.540438
-14.025742
-14.498481
-14.295134
-10.781684
-3.894500
-12.829855
60.240628
-14.267336
-6.496035
-10.860408
-11.369793
-14.920031
-11.200074
-13.765674
-13.576161
-14.432747
-14.073740
-13.818776
-13.600895
-13.839925
-18.009981
-13.731605
-14.449967
-13.068491
-14.824631
-21.616082
-16.297250
-14.174119
-13.746870
-10.459908
-13.226538
-12.949855
-13.591929
-13.266965
-12.888534
-11.067600
-15.942461
-190.863139
-13.272507
-14.358874
-14.107784
-13.958979
-14.690134
-13.564484
16.175704
-13.965398
-13.418313
-15.141327
-11.114953
-14.706215
-19.085356
-13.539025
-19.504331
-15.463096
-19.519462
-17.023616
-14.125228
-13.995120
-14.309489
-14.612305
-8.764483
-16.224981
-65.092852
27.380292
-12.182115
-0.644171
-15.534925
-14.447817
-14.342897
-13.108710
-15.229327
-17.477233
-9.811071
-14.434524
-19.629296
-13.925366
-15.627546
-25.192507
-14.095486
-15.762726
-13.548983
-14.056093
-14.938636
-15.372951
-12.330548
-18.564635
-13.513775
-14.327181
-20.740665
-7.074982
-13.449121
-14.616017
-12.866435
-12.416111
-15.299479
-13.776788
-15.466740
-17.242799
-13.819880
-11.611749
-3.833463
-13.975670
-16.713292
-11.730312
-15.076785
-12.285166
-12.929643
-14.583218
-13.865784
-11.982700
-14.406854
-14.948022
-15.768244
-14.796220
-13.945066
-13.689211
-11.895889
-13.059958
-10.834693
-15.105087
-12.815839
-15.760316
275.190375
-13.454507
-14.602294
-13.762319
-12.599980
-12.525867
-14.941257
-13.682826
-15.929719
-14.683345
-10.989305
-14.720226
-15.103805
-13.484360
-13.904634
-13.663123
-17.952219
-4.075166
-20.736389
-11.432164
-13.653917
-14.412156
-19.046580
-10.503716
-14.359402
-13.059200
-14.297428
-14.947141
-24.638219
-14.730629
-14.329106
-14.123411
-6.658488
-14.738970
-14.197889
-12.694058
-13.379095
-13.840527
-14.391044
-16.154811
-15.235239
-11.418737
-11.322060
-15.512170
-14.176223
-16.325163
-14.412088
-14.108849
-14.271488
-13.386448
-15.741322
-15.022792
-13.040924
-16.866711
-14.251414
-15.311623
-14.679569
-13.968252
-14.318446
-19.800724
-17.684258
-12.886128
-14.639605
-13.523324
13.648074
-29.161777
-14.141131
-14.208227
-13.881514
-13.961869
-13.899451
-13.784386
-11.927861
-14.187242
-11.871512
-14.559789
-12.935716
-13.566405
-13.317998
-14.477413
-15.435554
-14.500966
-11.025275
-14.506179
-12.119968
-15.314760
29.445836
-14.181526
-11.655960
-12.209244
-12.946566
-17.213947
-15.136453
-19.887883
-13.929791
-14.372385
-13.316303
-10.470464
-13.649275
-15.107961
-16.323849
-13.560032
-12.075007
-14.339237
-13.611600
-14.579411
-13.685515
-13.861596
-14.661869
-14.577284
-44.805604
-13.524143
-9.564770
-14.828349
-14.300125
40.833748
-13.658493
-13.821206
-10.553766
10.038218
-14.004052
-14.316672
-14.918351
-13.328723
-13.666163
-13.999601
-13.612261
-14.729894
-14.605790
-15.109740
-13.887026
-19.115618
-14.498471
-14.452703
-14.253679
-13.613259
-13.972061
-13.109537
-13.701376
-10.696285
-19.005594
-11.171861
-12.488927
-16.567303
-13.813439
-17.764767
-24.274925
-6.708825
-15.116370
-15.520332
-13.864571
-13.298376
-14.940409
