-310.642100
-309.243353
-302.820703
-312.240803
-313.036747
-309.875979
-309.381142
-308.833502
-313.351747
-310.507863
-310.387685
-313.402917
-315.465066
-287.975333
-308.687357
-306.073229
-310.520067
-309.627173
-305.326829
-309.938336
-309.539902
-315.567963
-309.251092
-307.770822
-310.665364
-308.760754
-311.304930
-309.141324
-308.077299
-310.829635
-310.526268
-309.449160
-311.292910
-306.374863
-309.933990
-328.430287
-309.113298
-306.992622
-309.970900
-311.804159
-310.089297
-310.772758
-313.631251
-311.459537
-310.151251
-308.874022
-309.678403
-309.869809
-309.223060
-309.225156
-306.439622
-310.684656
-314.187245
-310.665823
-307.622427
-308.149802
-307.525194
-309.403879
-306.245340
-308.866673
-310.006814
-308.889525
-313.778490
-309.370525
-312.337189
-309.255135
-308.997255
-307.561637
-311.961939
-244.890254
-310.175562
-276.925497
-309.847224
-310.157351
-308.350767
-308.717094
-319.014576
-314.524391
-278.484344
-312.028929
-316.874649
-309.984136
-312.736401
-305.188791
-306.770449
-302.743486
-307.879302
-317.015455
-305.276746
-341.687380
-309.087794
-309.579019
-329.391704
-307.450009
-309.731651
-307.899925
-308.542389
-308.985665
-320.250373
-346.335504
-312.153333
-310.332674
-312.209482
-309.287713
-306.458720
-309.229259
-310.723766
-310.886161
-309.873189
-316.752891
-308.670814
-311.334777
-309.498365
-307.733045
-308.265777
-309.417032
-308.955956
-309.632103
-310.404808
-309.506980
-311.316648
-311.432635
-313.120100
-303.114503
-309.440358
-308.054022
-313.092213
-314.417803
-305.949016
-309.286526
-313.800835
-302.479055
-305.127861
-311.390651
-1887.942687
-310.399546
-309.654109
-307.453554
-308.959915
-309.160914
-313.109325
-311.639674
-309.067944
-307.816788
-308.762486
-307.129976
-309.358902
-309.430711
-309.848472
-301.207507
-310.210925
-309.313903
-302.739319
-311.255852
-309.410063
-309.616221
-309.564561
-303.246209
-308.190712
-310.447783
-309.683791
-311.794442
-307.778216
-310.827333
-308.763424
-308.547199
-310.056992
-309.546587
-310.121447
-308.452585
-307.940316
-315.199434
-297.240936
-310.265200
-311.341256
-312.332885
-309.551326
-308.950287
-310.706733
-309.340669
-309.877283
-310.109215
-308.667273
-308.837953
-310.451597
-309.863375
-301.497461
-306.644538
-310.217991
-307.674149
-307.362665
-303.300809
-309.820720
-310.160198
-310.119363
-310.779687
-310.501896
-309.177986
-321.542826
-309.528022
-309.509596
-310.346228
-308.606648
-310.964394
-312.424618
-305.606002
-310.185834
-307.283007
-308.254413
-315.228861
-307.743582
-313.328843
-312.703701
-308.001688
-309.540037
-308.001069
-309.626845
-309.732613
-308.305835
-309.262290
-309.312488
-315.235089
-310.675626
-307.507128
-307.213356
-310.395355
-309.178332
-310.720171
-309.814793
-313.754235
-310.238368
-317.059766
-313.018248
-300.342579
-309.974204
-309.493547
-308.484538
-311.426331
-308.599577
-310.249992
-309.180656
-309.770670
-309.909843
-310.441032
-308.399678
-309.134912
-305.617107
-299.665458
-309.420529
-309.240288
-309.905418
-310.649324
-311.566526
-310.092196
-309.412738
-309.942487
-307.681744
-309.230081
-311.705598
-307.910655
-308.817020
-308.849715
-309.682386
-309.336905
-308.071941
-309.805767
-311.875865
-311.272041
-314.931298
-312.482926
-310.796772
-307.289870
-310.923201
-309.707429
-308.666520
-309.224043
-283.166923
-297.258844
-309.638689
-308.573340
-312.718956
-309.681188
-307.960875
-311.464702
-309.312078
-307.996790
-311.408346
-308.856605
-310.452658
-310.206399
-310.517899
-309.986305
-309.588501
-311.116115
-311.580986
-310.145514
-311.478423
-324.492253
-310.566543
-311.263307
-310.542297
-308.702085
-311.314531
-309.893516
-307.918337
-309.132964
-308.765316
-307.754525
-309.973432
-310.197314
-310.045958
-310.636333
-377.900604
-311.778850
-316.066653
-309.970724
-308.968980
-310.190902
-309.340596
-328.569723
-310.871153
-309.813158
-314.915270
-299.883807
-312.206072
-306.584467
-323.742517
-309.886976
-310.402082
-309.067066
-308.717611
-309.024186
-307.619560
-312.130020
-335.651310
-307.802855
-269.473305
-309.394054
-307.575344
-318.749204
-439.882822
-309.396274
-308.614682
-309.326056
-363.297039
-310.850992
-312.211584
-317.836809
-299.444993
-309.138290
-309.596664
-232.769257
-308.652082
-305.808941
-309.856230
-309.582634
-310.390318
-310.196922
-310.163209
-307.280553
-307.859541
-309.269052
-308.940284
-313.474576
-311.069066
-309.977874
-302.208099
-311.028140
-310.481301
-310.229435
-309.607219
-300.064240
-309.510376
-306.680540
-312.765489
-310.012187
-302.373282
-309.087173
-311.448941
-311.484847
-309.431425
-309.985670
-312.566582
-309.048840
-310.302543
-310.639912
-308.759848
-308.401536
-310.072130
-301.755520
-310.581672
-307.992260
-309.535713
-310.384009
-309.983414
-309.889102
-309.214892
-309.473016
-312.400628
-308.697248
-310.534930
-312.542825
-309.537037
-310.492276
-310.574524
-309.377360
-308.748341
-309.707996
-306.463568
-308.681015
-303.893850
-311.132076
-307.799716
-314.069335
-310.195406
-309.810857
-309.938107
-308.819358
-310.015905
-309.390203
-304.119489
-308.564084
-309.318616
-308.874797
-311.623843
-311.007614
-309.008931
-309.663580
-313.233818
-310.468411
-310.823996
-314.198687
-305.245937
-309.200961
-309.149910
-308.401549
-309.837072
-310.336665
-309.572082
-309.354298
-309.269192
-302.712961
-309.529456
-309.459212
-308.899536
-290.560239
-308.832498
-310.337701
-309.646153
-309.671592
-314.436018
-307.287270
-309.000413
-309.830829
-309.393575
-309.088989
-304.192789
-307.255923
-309.706514
-298.247844
-304.308509
-311.180278
-308.061257
-310.340780
-310.303536
-309.304279
-307.052296
-313.010498
-310.389322
-310.276145
-311.255444
-288.226012
-307.802565
-308.135185
-310.390563
-309.783089
-312.932603
-310.413065
-313.685315
-291.970926
-309.314358
-310.392025
-310.271523
-309.660151
-309.848525
-308.737522
-309.354870
-309.743189
-325.155881
-315.274589
-308.375841
-307.800472
-303.267469
-309.071280
-312.594950
-309.362786
-308.795127
-309.606414
-309.069530
-308.844952
-304.631655
-310.086034
-309.705558
-309.492449
-317.439090
-311.368684
-309.784669
-309.303298
-309.497933
-309.155202
-309.783359
-309.841294
-305.965680
-309.490796
-309.767745
-308.790995
-310.815960
-314.058660
-309.743595
-320.532014
-310.345252
-318.234891
-310.934252
-309.763727
-305.512032
-310.426033
-308.394401
-309.792632
-309.768522
-306.087107
-312.960660
-309.349738
-312.292344
-308.930917
-306.630871
-309.099875
-311.689971
-308.149476
-311.650856
-309.872718
-309.907775
-312.101019
-309.810308
-310.189839
-310.291905
-310.344752
-308.209102
-309.901640
-307.904881
-310.159773
-308.653468
-298.258455
-308.275474
-309.023051
-307.161715
-310.110447
-310.003444
-309.788130
-312.717769
-312.367059
-309.680581
-311.676594
-313.595596
-319.140203
-311.577995
-307.226780
-309.286916
-309.634658
-313.461561
-304.675059
-312.131297
-311.947790
-305.394667
-318.940668
-309.849998
-310.664266
-309.551411
-308.547884
-310.850956
-312.401673
-288.376494
-310.633433
-309.959078
-310.603170
-310.161354
-307.584907
-307.260907
-308.915280
-305.202962
-308.836374
-311.901962
-319.426008
-310.210013
-311.945617
-308.315000
-308.417130
-315.198073
-270.387565
-312.186384
-309.552266
-308.955786
-301.266414
-307.546281
-309.236904
-315.444844
-307.977442
-309.662269
-311.015923
-310.216570
-309.389084
-308.993918
-310.338861
-310.904984
-316.694699
-308.603983
-309.985528
-308.770380
-308.370301
-309.241066
-307.185198
-305.478325
-308.917289
-309.432505
-308.587981
-309.343921
-309.521717
-312.451955
-311.850114
-312.645356
-308.770661
-308.991427
-309.803456
-312.991750
-311.963196
-310.486411
-309.926541
-311.271740
-309.570370
-311.107513
-306.203024
-320.075836
-319.015165
-310.300833
-307.950922
-310.057043
-310.901729
-310.153161
-305.086649
-310.740963
-314.698915
-303.908097
-308.352340
-308.630607
-307.635555
-310.388826
-309.953264
-311.315060
-311.175233
-308.921685
-309.319884
-309.332926
-304.382759
-309.673392
-306.754515
-313.854868
-310.013201
-299.372914
-308.434784
-313.310329
-310.424864
-308.544799
-310.956336
-307.383186
-309.858314
-309.693521
-306.676414
-310.414729
-310.899957
-309.689800
-309.446344
-306.418037
-309.031980
-308.670954
-309.081431
-307.962553
-308.104517
-311.062720
-311.975577
-307.504200
-311.129694
-308.672753
-310.314905
-287.068868
-309.856409
-311.779283
-308.899998
-310.425219
-310.092048
-310.264523
-309.304933
-310.110866
-309.144744
-306.912501
-312.116775
-311.086259
-307.320143
-309.306789
-309.047219
-310.703792
-309.764980
-309.097308
-249.895582
-308.789320
-309.270827
-306.599003
-310.408246
-309.397508
-308.747354
-312.080230
-314.536650
-314.987926
-308.334029
-306.689339
-310.036343
-311.028197
-310.945720
-309.471911
-308.869354
-306.947533
-309.870717
-310.610109
-308.245656
-304.763852
-303.648125
-306.781361
-309.726029
-309.641399
-311.291081
-311.853923
-308.357397
-310.960686
-312.019478
-308.360756
-308.789912
-310.633272
-310.202549
-308.776805
-309.845096
-310.444278
-310.750243
-308.136871
-308.908047
-307.031475
-310.466190
-310.368794
-310.233180
-309.319634
-311.547905
-310.359457
-343.859723
-310.168483
-308.178726
-308.665119
-309.832660
-309.203611
-316.064433
-308.961258
-309.866235
-308.238269
-309.449272
-309.491475
-477.685498
-310.260332
-311.101594
-308.256734
-309.988278
-275.791752
-307.796392
-310.220734
-308.645169
-300.896773
-307.484139
-310.423310
-310.320176
-309.622783
-305.942982
-307.938869
-312.195933
-309.352388
-310.003427
-311.237132
-308.271017
-307.597285
-310.329415
-311.847672
-308.666295
-333.362333
-311.463517
-308.812180
-309.602150
-308.209430
-315.661274
-309.331355
-305.865732
-311.159985
-309.180052
-309.249577
-308.180858
-313.273932
-309.153475
-311.965264
-311.109190
-307.190779
-313.444074
-311.141655
-309.197150
-306.643859
-324.387322
-310.995754
-308.547576
-309.748980
-298.493326
-309.484474
-312.313458
-307.457581
-308.400789
-309.006919
-310.200312
-309.024253
-308.913026
-306.587526
-308.151252
-309.121573
-302.430890
-309.789209
-308.952546
-306.266596
-303.450393
-309.970632
-309.583142
-309.087923
-310.096409
-309.878675
-309.234608
-310.752184
-309.378286
-309.528970
-307.661990
-308.744573
-311.746877
-309.288566
-309.658860
-309.998960
-312.453904
-307.488167
-308.899019
-311.595286
-309.569440
-309.746418
-309.383590
-285.758983
-307.576060
-308.753572
-307.819400
-309.298847
-310.349604
-310.402228
-309.414214
-309.652147
-311.252612
-315.199182
-309.402498
-309.494905
-287.047904
-307.623087
-308.411234
-310.225811
-309.472718
-310.060256
-310.860857
-309.087794
-310.076869
-308.067589
-308.132392
-309.746570
-308.281235
-307.070508
-309.999311
-310.550919
-309.540967
-308.707926
-303.618632
-310.317331
-309.642302
-309.085700
-308.126715
-309.502862
-308.257671
-329.592005
-319.049333
-308.292480
-309.778771
-312.139077
-306.771446
-313.648238
-310.765638
-309.608907
-309.774702
-310.270229
-309.311966
-309.831036
-311.276069
-308.646454
-311.827597
-310.722518
-310.413161
-309.405232
-308.489634
-310.148015
-308.011026
-306.281190
-309.658793
-308.366092
-309.864921
-309.144465
-311.381165
-310.412564
-310.053806
-310.410548
-311.257175
-308.618311
-306.505891
-311.289774
-310.645085
-309.204618
-311.299139
-306.632572
-307.686860
-310.052825
-309.146094
-309.594607
-309.986548
-301.389791
-309.499924
-309.162596
-310.569600
-309.603110
-315.809611
-330.104760
-308.675683
-320.419798
-319.484317
-308.988532
-308.491418
-308.333765
-308.547192
-309.728479
-312.821490
-309.418041
-308.888558
-310.307882
-310.204965
-310.053776
-310.739118
-306.421255
-311.827887
-308.266137
-308.667188
-311.157803
-310.669260
-304.631902
-309.130874
-310.948272
-306.322591
-310.462309
-319.490047
-314.694515
-307.225626
-305.493826
-308.547508
-307.947482
-318.523958
-308.679113
-308.885417
-314.096641
-318.577087
-309.709185
-309.295827
-309.584028
-309.433829
-310.862813
-309.098362
-313.406457
-310.128952
-309.360504
-308.568886
-310.242394
-308.250723
-309.973715
-310.888376
