330.192214
330.753184
329.736439
330.410962
329.948974
340.044477
330.813171
331.998968
330.595237
330.889414
331.078096
328.802228
330.874033
330.651223
332.403703
330.488702
331.143921
330.706835
329.900214
331.057622
331.020935
329.789035
330.243383
331.637474
480.550787
331.438820
331.161432
331.583390
327.836288
332.649477
331.544960
330.329183
336.926697
331.865237
332.867216
330.938877
330.897110
356.888411
330.091382
322.997896
331.582858
331.540273
334.867544
330.901433
330.527268
333.252750
331.176997
332.269895
331.575292
330.988256
330.771895
357.076242
332.531251
328.277355
326.724771
326.128709
435.267531
331.262555
331.163322
329.432475
331.341769
324.292973
335.961042
332.413083
333.438748
324.707440
331.413902
334.671611
339.140523
360.395752
330.912953
321.329836
323.788455
332.145641
330.649846
329.066985
331.789680
331.812686
330.100571
330.008181
328.424303
335.195765
334.193703
333.700271
330.902514
333.591929
330.975504
330.459579
337.520643
331.601307
332.658351
331.899279
330.579629
331.303951
346.837235
328.177136
332.400558
329.537760
330.721364
330.739320
330.385628
328.995886
330.386129
331.815663
337.770994
331.845596
333.056139
330.348266
331.336081
329.756093
339.329290
330.477800
332.177890
332.169707
330.490829
331.651856
331.266753
332.054568
331.149573
334.250367
331.659969
331.447116
331.812628
327.147213
331.483909
329.646873
334.017803
329.538063
330.961578
330.875428
331.693873
329.295191
381.600350
330.892074
331.566166
331.619593
329.314122
330.970977
331.028335
329.633309
330.978803
334.620328
329.592304
333.739288
329.618018
331.059218
329.585077
331.501643
332.900655
329.948855
336.707685
335.323879
332.065598
331.478758
331.053124
331.227746
330.928735
330.522573
331.031749
330.129590
324.680022
330.795028
330.700742
330.641043
330.748923
331.019416
332.401393
331.676912
330.987011
336.295965
330.556184
331.243904
330.890771
322.366475
332.619853
331.630428
336.126089
334.516224
327.637556
331.504354
329.471339
330.558775
334.809600
335.449787
333.992588
332.195901
330.064172
331.525372
331.408952
334.078436
330.856382
329.628060
330.731465
331.190479
328.792394
330.399881
328.739510
332.080050
332.878633
332.509163
338.108222
331.182518
331.044733
329.259508
334.216385
331.184347
329.088916
323.009159
324.528174
333.428426
329.992278
321.181399
331.709677
330.118954
330.957400
326.207775
333.206325
333.644589
330.849703
331.264754
330.241302
332.400740
326.873029
330.862670
331.412596
339.835943
330.864504
333.687978
333.177984
328.112224
330.567479
330.149162
330.243935
330.755394
331.102288
328.638939
330.224628
335.931296
331.357260
331.134077
332.314960
321.047674
331.089838
329.231439
350.920368
334.768554
329.611472
330.964881
331.652495
329.205751
331.499808
332.662556
330.592993
329.057852
320.959171
333.296511
334.702933
331.765349
331.368825
331.658398
333.770784
329.186335
316.070085
332.151750
334.797378
331.556396
330.857922
329.934313
333.504846
328.730009
352.177537
336.964906
329.893453
331.118766
329.985561
403.518434
336.227374
330.780271
332.126202
330.110209
331.270907
333.001958
329.863489
331.505230
330.296178
331.784636
330.778813
329.531256
330.613351
331.047181
331.876662
331.310948
331.159328
331.227827
331.657198
330.693534
329.192834
323.226191
330.140999
329.955201
330.955585
332.491131
330.805256
331.704644
330.415504
331.609413
330.504663
331.425266
321.175588
330.251228
332.328567
330.946903
316.466481
330.380743
330.189374
328.134914
330.674829
331.182342
332.745008
334.276384
328.737622
331.291053
333.028581
331.760033
330.047127
330.813916
330.921046
331.587793
330.918653
330.922615
332.147006
331.215696
331.451173
334.320451
332.356553
331.784832
331.569797
331.686627
331.220646
335.240827
331.164894
330.697062
331.076354
332.364693
328.759105
335.611839
322.422893
330.279604
330.354124
330.635706
332.461027
306.479983
329.711240
324.771848
331.288198
325.894411
330.190730
324.143195
329.069218
330.607601
331.654934
269.317031
326.538458
330.671900
331.596876
405.487266
350.110536
331.046398
331.223677
318.653419
330.922087
330.561463
329.068409
331.268696
330.811360
330.669817
300.038000
328.656707
330.805393
329.861069
330.458239
330.513008
331.282869
330.591469
331.999904
330.212017
329.045222
330.400085
338.224597
331.510536
331.505286
336.142217
333.409566
332.718200
332.784099
330.498969
330.123579
330.818578
362.398444
329.110637
329.418014
332.742682
339.201659
336.224158
332.564887
329.769363
330.242825
331.115427
331.372810
331.331005
331.166290
333.629928
330.534276
328.017739
332.443504
333.453090
324.839187
330.596422
323.712676
330.771967
331.376225
326.091093
331.318277
328.254357
331.051589
330.794095
331.230915
332.585627
330.561131
330.170673
331.155985
331.679587
328.880222
331.878852
332.383957
329.385711
330.524001
330.691579
331.946100
332.989811
327.082736
331.013898
328.767691
330.650400
329.422209
331.088857
334.437606
331.493506
331.438535
331.116424
331.287189
312.213757
333.568317
338.359388
329.900663
331.162742
333.548116
331.105070
367.841916
330.404523
327.662675
331.422127
316.946540
328.233155
339.109486
332.834296
327.913080
332.013359
330.550735
334.021113
331.407466
332.623240
327.968386
331.201484
336.741463
330.642723
331.607695
328.236526
328.525715
331.784537
330.310453
330.197935
361.667915
330.352815
330.300004
330.657038
330.748222
330.586825
330.678599
318.188828
330.583904
330.742899
330.669168
330.718866
333.156760
329.417544
327.445467
330.457729
299.324605
329.133678
338.609239
330.231628
331.200283
331.611584
331.619764
329.959231
332.655622
331.328022
328.980447
330.432947
330.769058
331.040480
333.292093
330.668951
330.830515
337.123715
332.090793
331.923265
330.048778
328.136482
304.151061
331.615486
331.297464
332.403331
330.602041
331.286762
328.203700
328.514967
330.589056
335.714983
334.282918
325.315542
330.802349
331.965969
330.711514
331.974479
330.981974
332.337069
324.678130
331.661566
332.547118
330.127789
335.286975
332.998337
330.255796
331.240230
329.190918
332.100687
329.047023
350.332002
312.250421
332.729465
329.463850
330.976486
329.680750
368.423087
324.119462
330.738954
331.041687
329.674479
318.256979
326.289832
343.432554
321.594004
330.961502
329.762861
333.934282
331.581179
329.265169
330.774164
331.544330
332.078006
330.119109
329.272291
332.705950
342.006809
330.661587
331.763482
331.297669
329.204459
330.568214
331.677695
329.102899
330.647694
330.745314
328.755230
331.495111
332.186172
334.393628
337.882547
326.273476
331.502995
332.382386
329.380978
333.747031
334.319155
331.498045
323.832359
335.007591
401.730163
329.281258
332.521139
332.018261
330.854236
329.920650
330.150337
274.394040
331.760659
334.557587
331.464548
331.269515
330.737574
331.443023
331.315241
329.716419
333.954163
330.055726
330.167731
330.163079
332.744741
331.576261
333.175294
333.082263
331.872376
329.652564
334.496010
334.698023
330.613835
332.526959
331.512094
330.226207
333.136245
329.838190
331.041805
332.748024
331.241680
329.894739
332.052514
320.800882
331.757432
331.297996
331.998863
319.366112
331.795233
329.864124
330.431977
331.821859
331.133597
331.376051
332.964976
335.615257
331.158618
330.865068
330.358100
329.164900
331.183592
338.690724
337.621171
330.397963
329.353456
326.587472
331.322359
329.923355
332.758151
327.438492
331.537078
331.629059
331.798318
333.631863
331.315498
331.384551
330.605730
330.679278
330.967561
330.643343
332.723718
330.866085
331.140041
329.926036
331.311936
327.792930
329.408893
331.935590
331.094620
330.788433
331.170803
333.967107
331.437106
321.528222
330.720872
352.133331
331.036816
331.889760
328.430933
333.318302
332.013811
331.191897
330.883619
328.754308
338.350499
330.682223
330.262769
331.877551
330.557897
333.486064
332.104838
333.327763
331.115786
331.611801
331.264514
329.708515
329.375873
331.090437
331.542023
319.315061
330.561401
331.732630
331.697539
333.381710
330.297384
329.801297
328.734728
330.833811
332.420188
330.247431
331.347683
330.921540
323.937416
331.879743
329.102524
329.202969
332.326403
330.551847
328.294521
329.198909
331.572728
332.053575
335.956426
322.917977
334.576646
330.395549
330.728573
331.672565
333.734357
327.210517
328.217261
331.068261
330.837294
330.747522
331.803343
331.061947
346.096909
334.341522
330.678992
331.414872
329.150442
327.256330
328.479884
364.119771
335.627179
321.045483
329.110025
332.823352
331.858832
331.859874
330.051586
331.229004
330.375397
330.632232
325.168899
331.234011
328.929059
330.866839
330.796372
330.448876
330.292340
331.161475
329.730805
329.984192
331.366636
331.621069
320.737214
333.030746
328.849210
330.350825
330.878738
330.120456
330.219962
330.490617
330.797607
331.484589
330.899859
331.094967
330.384142
331.915156
329.442346
332.152165
331.057183
330.095390
366.796812
334.139143
329.505591
332.201288
332.164834
331.070561
332.272095
333.136591
341.183035
334.694515
331.005083
329.772368
330.933157
330.146734
329.822525
331.085455
329.040185
331.229161
331.489744
333.079219
332.015497
330.874958
325.157628
331.744229
328.976949
331.581531
334.288440
329.766022
329.960163
333.651301
330.768721
335.543014
335.444559
340.890933
330.945432
330.657016
322.393244
329.674622
329.864401
331.238403
331.712994
326.521596
330.318728
330.400195
329.635021
330.005224
326.893086
328.250153
317.820831
331.083444
337.691828
331.119548
331.334080
332.630384
333.012190
331.205348
331.536502
332.166231
330.556319
331.170647
334.524572
330.525699
330.122316
332.713753
330.616003
332.104910
328.380661
330.757541
328.743825
327.704735
331.387904
334.218820
333.027495
329.790613
341.584992
331.212523
329.108935
330.192668
331.014209
331.355951
330.698435
332.224192
334.479661
329.500801
331.530039
331.036858
331.114969
330.579467
327.326149
334.286744
331.344974
330.694835
330.619670
330.797272
331.429857
334.675531
332.375040
331.502304
329.546371
333.939153
339.574276
331.072345
332.171840
161.214090
329.947053
330.730616
329.111008
331.258859
341.588677
330.996603
332.887038
338.318934
323.258870
330.217228
332.238020
334.798616
331.637332
330.679892
336.320943
331.015544
337.503907
332.277982
331.498094
331.478103
331.245804
330.987623
330.776773
328.726851
329.365440
328.193015
332.032824
331.650299
330.456963
331.560616
333.098716
330.097802
316.492098
344.967142
330.600915
329.525982
330.017491
333.575060
331.155728
330.840952
330.462942
331.041843
333.809904
331.738648
330.986110
333.439535
331.311373
331.309808
319.736890
339.055047
329.622817
330.591239
332.786204
331.960943
332.420908
331.876474
331.366220
331.523593
333.383478
330.900456
331.271101
330.518801
332.809337
330.726506
329.547109
332.428036
332.813232
331.976596
333.127953
329.838293
328.426144
331.298554
331.234362
330.043718
342.461646
344.034758
319.017410
332.361654
331.122878
334.367851
333.150475
328.505430
331.999328
331.428044
334.675738
331.793953
332.963447
329.287118
326.288425
331.728027
329.627950
331.218477
331.121335
331.444533
332.587216
330.879470
335.238200
