327.859998
328.600189
328.267781
328.302078
327.135071
328.038639
327.873042
328.256915
338.800140
329.551188
327.297516
321.167140
328.345921
328.116812
328.522273
329.787749
356.384765
333.447339
328.889892
373.546997
330.695241
328.761034
320.527122
340.568167
325.413107
329.008384
321.604755
327.968168
327.371184
327.576535
328.097872
326.380404
328.102895
328.897650
328.494177
326.861451
317.932356
325.590808
324.728266
327.608134
325.056439
323.011359
326.727634
327.778122
328.479952
329.455408
329.548470
320.921079
328.714183
325.022678
329.819416
327.000939
329.928830
329.523399
326.736498
281.193672
328.958999
328.375949
372.500333
325.872546
330.052528
328.792370
326.144607
330.274583
327.621827
329.145034
328.113018
328.773179
332.196290
330.267607
332.466499
336.562251
328.124634
328.060426
331.677174
328.312209
328.960693
330.125396
327.045447
327.857556
326.139740
327.904289
329.835511
326.956835
332.464770
339.228056
328.997769
328.276378
328.983672
329.133750
328.428237
328.354666
329.675309
327.670903
329.347273
325.621180
327.832913
328.166937
328.830254
329.781301
329.061492
330.820930
328.284531
329.129880
328.510773
332.590245
327.602838
326.429216
328.654586
474.211831
328.402578
329.269746
327.292837
326.636387
329.934639
327.474515
329.951034
330.393395
329.255980
328.833188
331.230566
327.951984
327.090005
327.524004
331.515262
328.241932
331.214449
318.255209
328.928388
329.131740
328.587329
325.987853
335.033216
329.989057
330.283091
329.532454
324.807115
328.482324
328.052641
330.052244
327.570328
327.534099
329.629610
327.561970
325.185644
321.864550
328.535409
327.258426
331.449797
326.216710
320.954147
328.146799
327.085890
327.931708
328.829510
326.991313
328.364029
328.339298
323.563890
328.378964
327.863768
328.181891
328.516318
329.001255
332.987252
328.905936
328.825492
332.870618
328.130227
328.674356
328.888585
326.893568
329.757881
328.143077
327.830177
326.080267
329.268783
328.550206
332.703722
328.354849
329.484677
329.081105
328.931842
328.436251
327.183104
329.417111
329.832667
328.343348
330.528692
328.612805
324.819904
338.957283
331.965343
327.155708
329.826119
328.533542
328.965555
328.391759
329.500065
-836.848057
-1.307231
329.114780
327.027804
326.683542
326.077978
327.563426
327.706627
327.008704
327.950419
330.702609
327.089300
328.141291
327.668018
342.739865
331.464622
327.714182
328.026865
328.098117
330.074092
328.767401
328.638571
329.406434
321.650019
328.170863
328.780542
330.486075
330.053419
326.511470
328.100774
328.475150
328.786711
330.000950
327.220873
334.309575
328.985032
326.226260
328.737019
328.629945
327.266494
326.164862
328.067355
329.432296
327.345475
513.046669
342.200005
329.154813
328.626871
328.165018
328.038696
333.461858
328.576288
328.454519
325.079732
328.943630
329.982669
328.863443
328.389600
328.534182
331.034755
333.233381
328.778170
329.189514
326.409076
329.790057
333.896691
363.844007
330.402709
330.193548
328.236424
326.153143
325.932706
329.250296
331.653671
330.066714
328.490607
329.255032
326.853591
328.398695
327.682245
331.005275
412.110271
328.731189
329.571889
328.922588
327.987338
328.833191
327.131645
327.031495
328.788295
329.005931
329.386236
327.775018
329.148636
301.063467
327.172894
327.852135
327.038672
332.798702
328.598640
329.424252
328.799220
452.801391
328.825364
327.193638
326.160294
325.992831
327.565035
328.929305
327.879572
329.572300
330.291705
331.773979
325.927350
329.017178
328.479741
329.704651
327.667046
328.603779
329.067815
329.626475
329.162500
332.492315
328.356757
328.302847
327.106750
337.428509
327.721415
327.048143
327.057936
331.940217
325.145868
328.798647
326.814113
329.233863
327.076466
329.212572
327.304989
327.056133
328.706775
328.721808
329.723432
347.886203
328.255321
334.326071
330.218009
328.977428
329.944262
326.889352
329.888683
326.672701
334.047509
329.072858
328.847149
327.740448
336.706237
328.520698
332.065556
327.244088
344.241536
328.804215
328.111062
331.939849
396.224330
328.353084
328.494811
329.202784
325.502369
328.815616
330.730065
322.223571
313.528356
327.900316
328.252392
328.944678
326.842675
328.719611
327.914244
332.246355
328.651894
322.631354
329.296924
332.648801
328.656489
328.224890
327.966189
329.741729
327.809615
329.172090
332.017716
329.606045
333.478720
328.947479
335.454023
328.324085
328.908513
329.045859
328.450050
326.398168
327.175092
329.679624
325.728947
329.420564
329.823780
328.177365
329.079862
329.285666
327.262813
332.878984
331.466788
327.551102
329.130523
328.874359
327.769231
329.074076
332.643088
327.964530
325.871061
327.403624
328.783272
325.335453
327.258880
328.989918
327.420991
329.023203
329.388969
328.607552
315.622052
328.006846
321.496690
329.340135
327.900151
328.847775
328.588463
328.654641
328.629945
327.946423
326.640641
331.605352
325.975717
327.565217
322.493124
322.393484
328.630514
328.840158
328.955971
327.919227
329.379500
327.401777
322.328299
328.221234
323.623080
328.608634
329.348560
329.013357
328.126024
326.652816
327.240854
327.536850
328.953815
328.529840
328.409342
328.220991
327.928211
327.212356
326.539402
329.485410
329.492882
331.219640
327.986533
326.458365
328.698890
329.362067
328.080384
329.783020
329.990525
325.690353
327.580759
325.230814
329.837635
331.384524
331.968873
330.882076
326.447047
330.308950
327.897665
324.958332
327.978934
328.342977
308.937880
326.845896
328.936164
329.557513
329.458455
328.054047
330.587420
328.447108
327.091605
339.267985
328.597254
327.671376
260.172982
327.794852
328.213598
328.088866
328.650882
327.036598
326.088270
330.059012
327.702222
328.365128
328.150046
326.329117
281.524053
326.601476
331.324902
329.429233
310.601914
326.743788
329.906976
328.588245
327.001508
336.618367
332.653776
329.801877
330.550928
328.046359
333.230482
323.954214
328.320239
328.072440
289.425680
319.321975
323.164798
349.512141
328.717922
329.197266
318.256558
338.197554
329.375931
321.534375
327.636370
328.043256
328.541710
328.725708
326.438160
329.085822
329.557344
335.702028
351.991642
329.323208
327.545029
328.037730
329.342526
329.294627
327.911139
328.915486
327.072894
333.139171
326.778416
327.894253
326.584467
503.716430
328.437618
326.828379
331.338538
329.342270
328.009572
329.015414
328.084960
326.766474
329.701527
328.167017
327.996376
335.062972
322.642476
330.958877
329.213307
327.945446
329.263430
329.736061
327.885312
320.109122
334.629730
322.995359
328.241101
327.905762
328.044015
328.619274
328.275353
328.311740
327.049182
327.862358
325.590166
328.059844
329.607345
328.670037
325.364777
328.542825
327.022550
329.349374
329.996606
327.885201
327.488291
326.939210
327.948253
324.353032
327.548990
330.952404
322.178968
328.158971
328.806494
327.678149
326.911790
322.948268
328.972706
309.031510
329.084373
327.284638
327.942984
327.942787
327.126654
326.378030
326.720883
330.326214
328.420642
341.726560
328.334888
329.187903
327.579192
330.048541
329.326482
331.342348
328.292196
326.374045
329.147536
328.616969
327.518483
336.133826
326.320664
328.160845
325.864015
332.016921
329.263917
325.671181
327.983556
328.565854
321.603049
329.135689
329.169986
328.060553
333.139596
327.993838
329.291190
327.305147
328.079463
329.933368
327.695247
327.785167
327.824121
326.668247
328.336344
330.577938
326.008231
318.523805
328.409811
317.122504
330.329897
336.447072
331.316628
333.150675
329.425059
329.035909
328.692444
337.176452
330.386992
330.906522
344.896232
327.126661
329.228783
329.184142
327.590166
319.830521
328.193060
329.645904
325.321787
327.001550
329.809872
328.320510
329.511927
329.854110
328.308648
483.313064
328.788530
328.696332
328.942911
327.509125
330.380903
328.555943
329.072910
328.443904
329.942445
328.805726
329.912806
330.519603
327.665594
328.290254
328.429405
332.053523
327.108767
326.502942
332.524434
336.873578
329.746798
328.550557
320.863308
329.458084
326.982162
327.120932
328.691517
328.783682
328.574909
328.805653
328.787876
334.988518
328.806821
331.330237
328.951904
328.183175
330.722144
328.804719
328.304173
330.027954
326.644168
328.416660
329.109696
330.904222
327.805494
328.198901
329.247853
328.645933
328.533578
328.203888
327.821394
327.425197
327.448151
328.861804
328.128291
328.658398
328.321650
328.567029
327.237181
327.474166
328.614787
327.369332
327.912809
331.204940
330.608975
329.268998
326.368660
326.306330
336.352861
326.570302
330.836946
329.982467
329.426922
327.057922
329.832276
329.035149
327.257779
325.488826
327.935766
325.811375
333.150909
328.689793
327.887055
327.126276
330.356528
328.494303
327.362870
327.794295
327.369348
316.707930
328.989157
328.213047
328.865491
328.607838
329.427195
329.151579
329.894723
331.080391
370.537611
328.403679
328.401105
328.214818
329.846785
390.692988
327.534471
328.844923
329.759261
327.228768
328.135815
326.302283
329.383113
315.980448
309.656622
328.858695
323.084361
332.128557
328.328184
329.073021
328.666258
327.716884
328.610090
329.258033
327.889105
325.223746
325.961168
325.050683
328.155003
331.705473
326.697669
328.331894
329.237489
328.114344
330.164614
327.434803
326.989919
327.538069
329.096012
336.238657
328.999717
327.844592
329.845809
328.585397
328.038635
328.591761
332.240204
328.755876
326.890607
328.021288
326.709949
326.980228
328.714780
327.459079
328.794250
333.962580
333.480323
330.246715
318.802277
327.699461
328.387447
328.293328
328.316392
327.121809
330.138889
328.487614
328.811348
329.087670
323.226708
328.833191
328.654870
326.073964
344.837987
327.693792
324.673348
328.874733
328.933479
320.844990
336.015817
328.684983
325.703523
327.883146
329.407316
329.868756
328.901604
329.537224
335.384394
337.276092
330.719866
328.313803
328.187473
327.816759
334.035566
328.729714
328.772191
328.485610
328.912677
325.455540
332.780756
328.113550
327.605397
326.232773
327.919910
328.538791
328.351011
325.219856
328.181474
328.483881
331.355292
328.169534
328.425512
328.440490
329.451468
328.869104
327.580395
328.480405
327.493559
329.453353
328.009320
328.726419
330.101544
326.834636
332.687364
329.694676
328.965867
325.106964
329.915880
327.449812
328.126266
328.187528
329.565910
327.920712
323.800551
366.667787
328.062082
328.481335
332.055452
355.780724
328.119890
327.649672
327.360074
328.970402
317.251056
328.788651
328.386830
309.992503
328.342968
328.087699
326.827340
326.294897
329.664974
328.191010
327.951299
323.384928
329.385951
345.545595
328.469584
329.119176
328.137759
328.038937
329.937968
330.586243
326.038236
328.309741
324.100707
329.495294
317.549597
329.235656
328.541106
328.458701
329.195711
330.786796
325.905542
326.027706
330.034409
340.461167
328.443830
327.013930
321.368200
328.654093
327.963300
326.814587
328.405569
327.917387
328.701869
332.314869
327.079667
322.526654
328.472111
328.841034
327.635630
331.715419
328.881318
327.556882
328.931133
328.306855
329.462835
350.216425
328.868945
328.228765
363.340850
209.130639
330.406243
326.722495
329.193790
330.510902
330.038379
328.622228
327.768582
323.876503
