200.991916
200.254252
201.690487
200.719079
201.930010
200.274935
201.930517
201.148052
203.264514
202.231150
201.734693
203.087694
201.469661
200.818664
202.022609
199.520594
200.273660
202.078285
199.356283
201.973187
201.157186
251.098332
201.553898
201.739687
201.033769
201.490721
202.575553
199.249167
201.780435
333.021175
201.547337
201.945265
202.535745
202.769685
203.649053
201.559521
200.609063
201.995133
201.416256
210.745745
213.237970
201.200034
201.843956
202.010130
202.414425
202.437506
217.580005
208.653873
201.259529
203.503833
203.305165
201.939448
199.446242
202.542733
200.448369
199.942024
195.946773
199.701613
201.508399
203.203542
203.227551
202.176938
200.060053
204.117656
200.143411
201.073091
201.967807
202.633733
201.453339
198.844324
206.404333
202.511546
202.344048
202.113154
201.839203
201.540385
199.824989
201.973977
202.504275
202.396017
204.816671
201.681033
213.406334
200.087215
201.195392
202.506196
200.805822
201.508773
200.842282
203.394469
203.665943
201.207339
182.248497
202.459962
199.354240
200.584664
200.140245
201.148994
203.129101
199.521297
202.334305
198.262245
201.368062
201.727939
206.493922
211.452460
200.075896
200.590766
198.872210
214.893486
200.662579
194.602942
280.508642
204.768810
202.473208
205.190721
179.482475
201.442900
200.257907
202.306061
198.859648
203.069261
201.366400
202.054753
202.203957
201.267081
201.135078
201.997688
197.893068
206.540446
197.212407
203.472375
201.008470
201.898581
201.728810
205.063158
201.638397
202.636750
186.357166
201.879653
201.585224
202.174079
200.436000
199.253502
202.556071
204.276839
201.067212
198.319650
203.965108
201.808018
201.634752
198.862285
201.831313
216.003139
200.748047
203.826432
200.858448
200.976478
210.440936
201.336415
201.753605
199.420626
201.531109
203.756156
193.395091
201.894347
200.883379
191.273817
206.168970
199.176447
203.390713
203.804416
202.376717
200.859007
203.751752
200.761208
205.818507
202.035246
203.640327
202.788880
201.442020
200.952705
199.384994
200.974097
200.482503
203.449721
201.472663
201.809275
200.730811
203.658799
203.665356
210.501746
200.546985
209.146268
202.487352
201.358804
195.119962
202.229438
227.435955
200.885714
121.103057
199.646152
201.119157
199.661221
203.105816
205.703123
202.499201
208.319017
200.382736
203.139081
201.505426
204.133741
201.711990
205.597169
201.822438
203.231103
205.407322
201.282354
239.105209
200.304032
202.264829
196.020701
201.983854
201.710101
196.493655
200.797857
202.444169
201.051320
200.865493
201.490103
200.587757
201.561586
201.873590
198.673574
200.385456
203.445534
201.401831
215.945188
200.066839
199.545686
195.534908
200.421214
208.314149
203.084883
206.696043
202.192495
202.688774
201.112873
201.114263
201.716722
202.626806
201.497910
198.012345
200.651036
201.831360
200.154560
210.134864
194.177273
198.604339
202.945684
201.235621
206.502676
214.121604
200.976572
203.118358
203.804020
205.956961
194.306679
299.666577
201.302334
203.931622
200.438549
204.484055
200.789130
202.161135
202.180467
200.459233
201.628970
201.463412
205.082654
202.212408
202.198483
201.902915
200.906812
201.855799
316.334970
194.248855
202.580667
200.052022
192.451993
202.172349
200.990998
205.203784
191.699263
203.241607
200.791297
200.775623
200.957797
202.449079
201.064107
202.332956
200.860723
196.531265
201.700878
213.887988
200.920302
200.190960
200.985713
200.955520
201.706869
201.622300
193.380045
201.794281
202.509508
200.252183
201.209311
201.337761
200.836903
203.273011
202.438845
202.497206
202.795613
205.012874
199.745611
201.839958
202.792062
200.834644
202.369364
202.984644
195.745280
202.365641
202.397043
205.908006
200.939430
201.190103
202.740020
200.080021
200.974548
200.366537
203.301713
198.870003
199.564345
203.905532
255.046407
202.885999
200.609561
201.194053
203.806706
201.453539
204.268050
205.726291
183.019322
202.709213
176.110819
203.471604
201.797059
202.039639
201.972257
201.540263
202.434679
204.022109
202.131859
199.459399
200.507342
194.066475
201.504016
207.591124
202.080487
205.374845
201.746768
203.559541
202.846658
201.915599
900.174953
202.603308
197.445985
202.938990
203.549164
212.236150
-441.718227
201.125107
194.511019
201.444129
225.386340
202.261439
204.151826
202.847847
200.571946
204.210346
200.638902
201.088581
201.199020
202.442777
199.951891
204.233651
202.344550
201.397784
201.396539
199.210150
201.548639
201.981766
200.584636
201.551355
198.860197
202.757040
202.005696
204.776369
190.656249
187.184432
203.850311
201.325396
201.451828
191.426744
202.593459
209.259688
200.808781
202.438221
197.167126
202.146507
198.821320
199.584454
199.839895
201.267301
203.287443
203.339479
196.824650
202.442966
201.776719
201.801878
198.355665
201.096175
201.164534
177.596074
200.736766
153.854259
201.783359
204.079377
201.290876
202.307500
201.559984
200.897384
198.028063
202.592562
212.705582
202.361126
203.791531
202.700616
201.076251
200.769756
199.760462
204.758177
201.179584
109.173276
201.546059
200.426148
216.148727
203.736524
201.655320
200.880350
200.215228
202.302102
200.699167
200.076801
201.828005
202.345128
202.446316
201.940942
201.020108
204.578029
198.001037
202.603174
202.104578
203.528100
198.928781
197.283378
202.188573
202.780076
196.994980
200.721631
124.201495
202.795879
205.697100
199.604056
201.899269
201.991054
200.789389
201.220105
207.071678
202.176466
201.263435
202.326036
203.267928
206.724327
201.027363
202.282738
201.170559
201.441104
201.462763
202.086848
201.018028
199.989594
202.101531
202.194704
201.241905
201.462292
202.517079
202.533037
205.347646
200.861800
200.683852
202.253108
199.899560
199.316513
202.675700
201.344990
202.958640
199.438976
201.803355
199.390063
202.003603
198.851462
201.109268
220.115866
200.463092
189.739301
203.071858
202.296866
201.444328
201.417108
200.650734
202.384081
207.174548
202.575398
200.084647
203.702135
201.393848
202.565583
201.985205
202.174255
199.420340
206.432040
198.294557
203.226897
201.759099
202.097853
202.670751
201.452739
202.153051
202.042039
200.948178
200.269993
202.649930
201.394691
201.575041
201.919888
201.809257
202.328315
203.193313
202.245133
303.380552
201.430936
202.360459
194.642244
208.089708
200.068679
199.740671
201.731823
202.512735
201.185461
199.305512
202.390393
201.197571
199.982715
201.976605
208.182795
199.341137
200.473162
200.898668
184.378395
200.197652
207.531406
192.007084
196.500926
208.228770
201.189766
201.037397
203.082953
161.028760
203.114280
201.274758
241.273818
202.139137
198.969631
202.191411
203.042342
203.233346
198.351979
202.610906
203.481190
203.924904
201.796720
202.409303
202.462551
198.659979
203.002282
199.958822
202.168511
202.397878
201.363591
201.765888
200.538003
272.839261
201.981367
202.674628
197.278013
201.725519
202.848858
188.292526
216.756578
201.619416
205.300354
202.395362
202.030414
202.875792
203.218179
200.760194
199.904706
200.964425
201.361086
202.605065
200.322992
201.807353
202.476825
199.134329
204.395451
201.820272
207.162942
209.555534
201.868688
200.981557
201.727781
202.004761
200.516391
198.979164
221.318570
200.569456
214.807478
203.853201
202.633512
207.649564
202.312952
198.930050
203.698008
201.207891
201.857404
202.199432
173.237931
201.758901
201.436611
203.803160
203.771698
201.974992
201.010441
219.133294
205.849070
200.151921
201.475390
201.323594
201.196066
199.225949
200.803391
201.375382
201.941974
202.723557
204.875051
203.488711
203.714930
201.534511
200.791098
200.952507
206.901631
202.006670
201.943517
203.586884
201.164488
202.261015
201.966282
202.157348
198.651861
198.383626
200.887174
255.325901
201.497389
202.383020
200.818577
202.842727
201.522285
200.011994
202.087900
204.154616
202.317412
201.680844
207.447504
200.752422
202.108157
201.349064
203.942593
202.236317
201.955459
202.197626
197.341017
195.836479
202.205582
197.989837
203.481156
201.184086
210.793242
202.916637
201.260304
201.729712
203.016762
201.063497
199.010709
185.119138
202.225086
206.836763
128.731048
202.229262
199.978229
203.899642
200.981292
202.512418
206.359228
200.061094
202.050011
201.447734
204.037676
202.333081
202.075925
219.359699
201.993866
199.812352
208.724363
201.600140
205.196003
201.647661
175.375010
201.708648
201.755581
202.403671
201.092872
202.285457
200.141976
202.166963
201.264283
202.363091
201.183769
201.343061
202.749709
201.685282
201.788590
202.792409
201.321099
197.542153
201.024656
198.133670
200.816193
208.927266
200.822566
200.063470
201.407434
199.745842
200.050944
205.437521
199.403595
203.300566
200.850915
201.330428
199.446022
200.950557
202.692620
202.318127
194.440292
204.058966
199.545083
202.424540
237.441612
202.080689
201.721631
199.782801
201.961194
202.994580
200.001636
200.393609
202.154551
202.754867
217.436555
202.219526
201.004053
201.052358
201.566879
204.977822
210.076483
203.203979
201.511581
193.749800
201.041705
201.115256
201.559827
202.342054
202.815483
202.267184
199.266862
200.222109
208.864319
199.220601
201.334457
203.600682
200.237948
201.842816
201.378179
201.002023
204.067094
201.094835
200.992641
198.512533
201.801698
201.639465
201.321175
202.729636
199.518408
202.219575
201.559183
202.833054
201.079202
201.218656
202.168409
193.852843
202.350904
201.866513
203.576911
200.587838
199.981541
201.120274
201.004852
199.883195
208.406784
200.276598
202.176435
201.600153
200.978074
203.619152
201.520527
201.588209
202.287820
163.842404
202.082884
204.723318
203.785060
201.685114
201.301042
201.134228
235.109386
201.848427
202.060586
201.305906
202.423305
204.336215
201.362756
203.148705
201.341457
198.285466
203.841204
201.522511
202.643185
201.624684
204.033880
202.716060
-2978.848447
10.919396
200.740006
195.659184
201.051840
204.435567
201.760670
198.685085
202.688486
201.722526
201.407404
200.644490
200.840603
213.083129
202.103792
201.849341
200.798582
199.507091
200.112737
201.451637
197.732671
198.637502
197.393086
202.821519
202.314178
158.527742
200.942743
202.935080
207.377710
203.703445
207.067534
202.554001
202.622493
203.145563
202.286478
198.405877
173.220464
199.984338
200.768996
200.677276
200.893767
202.765915
200.461427
202.494604
202.596306
201.378000
201.765183
203.057247
202.438958
200.490249
204.816516
201.295177
330.379508
201.407611
203.642836
120.576613
211.729157
199.123018
202.475406
200.753722
202.350167
201.249546
216.889804
200.321314
201.154697
201.981523
197.282500
201.866647
202.202035
206.931920
203.347669
201.309535
200.513864
202.983203
213.379376
202.340188
201.278049
202.089032
202.665185
202.267068
201.249840
390.527051
200.897623
201.547095
203.062410
201.238875
200.764148
201.367502
202.755856
202.703653
216.194589
201.752310
152.094218
204.967350
199.253093
227.663734
202.234647
201.807660
201.617225
203.203725
202.062403
202.091198
249.492107
199.797807
202.642109
200.498881
200.614518
202.408638
194.462622
204.770787
199.433997
201.168116
197.855065
202.140386
207.693928
203.748318
201.606116
197.474528
201.988830
200.570503
201.692910
200.361577
