-470.608979
-478.680509
-496.019097
-479.576974
-479.776911
-455.338763
-478.416047
-485.123175
-479.357236
-479.847738
-480.652404
-475.094561
-481.546963
-479.041134
-489.352147
-480.614680
-484.484558
-479.547681
-476.851079
-479.451849
-477.470841
-480.049036
-478.975318
-477.260909
-479.653525
-478.882036
-480.486781
-479.585660
-482.300321
-479.574322
-479.401810
-477.035875
-479.291480
-479.782327
-480.366452
-483.446754
-480.121356
-480.372182
-479.766929
-480.417005
-478.107719
-481.325182
-478.981388
-479.801627
-480.241239
-479.664027
-479.185028
-480.609162
-481.869530
-478.635437
-480.969289
-481.419627
-479.890296
-480.042720
-480.748469
-480.877621
-475.627099
-480.394089
-479.100393
-482.118730
-477.239322
-480.096265
-479.765050
-480.734636
-481.387337
-480.274369
-479.921157
-480.055780
-480.028421
-480.193486
-528.684031
-478.382640
-479.949594
-478.694269
-479.103500
-480.584605
-479.340158
-479.765572
-479.282151
-480.276517
-480.719586
-481.246244
-478.758843
-480.346954
-479.481688
-478.646617
-479.196947
-480.721628
-480.927919
-481.784967
-481.942740
-472.775617
-476.520899
-482.139692
-479.632843
-479.676604
-479.667750
-479.289438
-478.909375
-479.844613
-480.061598
-483.987313
-480.165171
-478.900471
-477.787651
-478.176479
-479.588616
-479.583276
-481.535614
-497.020798
-480.016491
-478.198469
-480.672779
-479.671893
-480.705588
-479.553801
-478.976104
-481.685160
-478.480632
-503.064988
-481.601942
-736.843455
-461.488493
-509.619610
-481.843261
-479.487286
-481.312478
-478.943377
-479.226652
-479.681996
-479.759831
-477.241983
-480.521371
-479.577191
-481.615324
-496.200452
-481.775418
-480.001399
-480.473849
-479.447054
-480.237714
-480.415585
-479.380812
-484.349784
-480.940074
-475.632051
-480.081617
-481.256103
-482.785668
-479.559320
-480.630617
-491.869484
-476.548096
-480.507496
-480.007120
-479.605302
-480.102227
-479.125265
-479.723723
-479.124465
-479.322483
-481.016567
-484.568245
-482.402612
-480.232315
-478.171022
-480.375947
-480.600410
-479.266565
-477.908444
-478.846445
-481.002973
-478.962468
-478.983176
-480.509285
-470.107150
-478.550542
-479.166992
-480.256604
-481.071447
-479.878149
-477.870829
-480.137460
-477.827164
-479.502201
-478.171074
-480.769580
-480.295750
-479.565203
-480.137941
-480.248818
-478.541144
-480.311955
-478.329202
-474.702199
-480.119770
-674.831179
-479.273092
-479.619208
-479.259285
-481.353975
-479.051643
-469.688958
-482.127678
-478.846743
-478.454129
-481.051706
-479.645247
-473.519327
-479.806696
-480.683858
-480.547120
-466.543081
-478.576158
-494.297363
-475.077909
-478.682324
-479.755848
-479.625015
-478.670445
-480.946047
-480.130050
-480.961437
-479.774748
-480.310331
-480.506489
-480.070518
-479.460104
-480.629070
-472.425935
-505.190353
-480.874231
-481.154032
-479.907053
-481.514314
-479.401315
-481.096971
-480.423554
-479.399028
-480.656776
-479.955702
-478.226769
-463.114815
-477.157839
-473.699009
-507.152917
-480.260414
-481.427245
-478.264214
-473.507569
-474.712217
-478.332079
-480.596552
-478.972380
-482.360359
-480.520962
-477.402211
-490.915609
-480.045688
-473.894541
-480.300791
-481.082593
-478.993355
-479.652281
-479.413278
-483.141443
-478.923431
-480.243618
-477.766036
-474.955915
-479.015375
-478.454071
-480.283688
-478.786782
-491.488716
-480.776738
-480.156879
-479.204916
-479.991291
-481.749276
-372.363142
-478.948601
-479.842917
-480.607336
-480.239203
-482.503195
-479.533039
-478.227508
-465.535234
-480.098239
-479.994057
-479.996100
-487.393727
-479.641291
-482.720591
-480.925998
-479.961625
-401.372697
-480.143908
-479.490254
-481.351499
-486.370128
-481.111242
-478.335593
-486.696894
-478.368364
-480.099548
-479.989460
-478.198042
-479.394873
-478.599622
-480.303836
-478.652502
-475.594448
-480.624281
-480.247150
-479.735179
-479.267808
-479.789387
-475.872978
-478.598217
-479.274173
-479.712645
-480.203358
-479.987053
-480.201780
-479.708386
-473.107888
-481.325544
-478.880868
-479.101286
-473.518994
-480.085130
-478.834731
-479.888309
-480.017124
-480.383405
-479.316913
-479.264814
-483.731294
-478.073074
-480.949970
-480.089831
-493.767139
-478.542645
-486.094294
-478.025039
-479.545169
-479.490585
-481.442908
-478.571527
-485.858503
-475.121268
-478.980033
-481.170501
-490.383214
-478.969957
-479.393533
-486.021202
-479.877801
-481.258635
-479.728207
-479.826023
-478.882031
-479.846022
-480.648623
-476.922542
-469.348477
-486.682822
-480.360247
-479.342485
-480.232434
-480.137473
-491.513960
-520.489696
-479.907307
-479.984292
-483.625157
-479.642308
-477.734718
-479.942535
-466.103869
-478.998954
-476.948691
-480.140208
-478.860988
-478.810971
-478.005285
-479.906122
-480.341452
-479.804130
-476.030647
-480.173685
-481.615934
-478.341204
-480.995820
-479.580282
-480.787104
-478.552833
-488.716684
-477.845823
-480.728567
-478.941674
-479.467854
-478.536458
-272.652995
-478.372158
-478.642179
-480.375204
-479.567694
-478.985282
-480.005005
-481.219707
-479.969413
-479.996558
-504.178519
-481.075980
-474.281135
-479.022415
-481.284853
-480.122719
-478.995363
-471.528066
-480.569232
-537.106325
-474.250101
-479.842132
-480.293121
-477.660085
-482.294733
-480.322067
-480.887746
-478.020129
-479.661046
-478.289512
-477.945091
-480.956094
-480.218117
-475.979948
-481.779593
-480.802012
-493.619333
-478.661049
-478.579520
-480.284899
-479.337510
-479.271078
-478.939182
-484.229225
-476.939223
-479.001712
-481.611972
-480.140919
-478.300800
-478.131816
-468.255533
-479.572499
-466.067964
-480.436785
-479.636382
-478.146373
-479.640031
-479.536117
-478.808596
-481.230632
-480.521605
-480.009058
-477.545495
-480.562736
-480.180612
-479.535474
-481.086666
-480.335402
-417.531567
-480.290172
-482.274059
-479.482974
-479.605603
-482.755209
-480.464250
-480.969186
-479.350747
-482.577963
-480.803865
-481.194819
-479.254981
-479.755617
-479.212102
-479.090941
-477.877806
-480.454699
-478.109907
-475.055022
-478.870560
-479.932683
-483.043942
-480.148765
-470.959077
-478.001718
-474.497409
-471.089505
-479.448635
-478.781579
-486.089435
-471.719787
-480.004779
-480.317398
-477.109531
-479.518334
-483.399556
-478.705326
-480.322455
-479.507352
-476.648554
-482.016350
-479.233210
-479.818760
-474.988556
-478.487148
-481.415420
-483.870303
-480.698194
-484.081962
-479.998788
-479.127071
-478.401209
-479.165738
-483.919111
-484.993052
-479.844152
-479.311429
-475.802879
-479.514972
-480.704669
-484.524034
-482.442480
-478.300296
-490.775472
-479.303712
-479.149990
-480.188068
-480.792788
-478.532011
-479.978664
-479.423395
-471.888623
-477.755218
-479.589599
-500.340335
-477.549334
-481.907978
-481.271425
-480.222639
-482.144231
-480.756616
-480.266070
-490.639131
-479.921056
-498.147797
-479.891983
-481.018737
-490.466609
-481.202037
-478.783516
-480.977941
-487.796102
-479.393666
-487.893322
-479.017383
-480.532086
-476.752314
-481.259105
-479.700086
-479.636865
-483.389128
-477.376180
-480.268867
-480.490630
-485.261082
-445.192261
-480.115717
-473.782307
-480.080154
-480.407373
-476.042739
-478.420562
-477.459296
-480.853653
-479.896191
-481.837930
-488.662174
-479.080169
-480.201734
-480.747017
-1018.102902
-484.777999
-480.578708
-480.158095
-482.491019
-479.474160
-478.714315
-480.712586
-457.272680
-480.637781
-480.051629
-479.857177
-479.842684
-481.085216
-467.592293
-479.370010
-479.989446
-479.311152
-463.657056
-480.687447
-479.432880
-479.515695
-468.815791
-481.226881
-482.383799
-479.280436
-479.356612
-478.747154
-480.956512
-479.247425
-477.055015
-480.681391
-475.120647
-479.515666
-478.400573
-481.435244
-460.461103
-479.566018
-479.139060
-480.731307
-479.756188
-478.393405
-479.797297
-482.053305
-482.045121
-479.741008
-480.723826
-478.259007
-480.211590
-479.330805
-465.466093
-482.355542
-479.630692
-480.065173
-476.155816
-480.149147
-481.094589
-479.687549
-480.025199
-480.153433
-477.652434
-478.813709
-480.537947
-480.738370
-480.261212
-481.036519
-479.214550
-484.919241
-478.948487
-461.107311
-479.976953
-479.198977
-480.435861
-479.960121
-481.556077
-480.054249
-480.487302
-477.428205
-480.138277
-478.509174
-481.556525
-479.719767
-479.611911
-481.548867
-479.610943
-477.504902
-480.691870
-478.638580
-475.604027
-502.873243
-478.601974
-482.573037
-479.707239
-480.208176
-479.433061
-480.336036
-479.223327
-480.126574
-479.864359
-483.128853
-475.637219
-478.372022
-479.837969
-485.383592
-479.271120
-480.698657
-479.990427
-480.455882
-478.988500
-481.703355
-480.305942
-480.043141
-480.652461
-454.500638
-481.354185
-469.678670
-480.743822
-479.980696
-497.627581
-479.644242
-480.517986
-478.309268
-481.043432
-468.584486
-479.763701
-477.650357
-468.987856
-479.398317
-479.792545
-480.603256
-479.446064
-478.411785
-478.891853
-475.963192
-480.351146
-477.730174
-481.391908
-480.254691
-479.708689
-495.848551
-460.328932
-475.510625
-480.954483
-479.555361
-481.031156
-480.073625
-480.230364
-477.984393
-482.349868
-479.304724
-485.353002
-478.818406
-480.030920
-485.701369
-478.310361
-479.137803
-476.525558
-474.303633
-479.765629
-479.444705
-479.992371
-478.677386
-481.276274
-478.440216
-485.016208
-479.887414
-479.634610
-478.473801
-478.616287
-481.136761
-479.590976
-480.496062
-484.273827
-492.110734
-481.504249
-479.972913
-483.053875
-480.576267
-480.304843
-481.169791
-480.689533
-478.155448
-481.314705
-489.191080
-474.481527
-479.512214
-474.422094
-480.877358
-480.752726
-488.993681
-398.896566
-482.193931
-486.217806
-475.810388
-477.943300
-479.767695
-480.502375
-478.989189
-481.779245
-493.731381
-479.491569
-479.725503
-480.851884
-476.746289
-484.173677
-481.962558
-479.194988
-480.609185
-479.692394
-480.476919
-489.460736
-476.017369
-479.379036
-478.562803
-480.725675
-478.591983
-483.049691
-480.193058
-480.599640
-479.922841
-480.140268
-481.674403
-476.225161
-482.417291
-480.048524
-480.068324
-480.275089
-480.426196
-479.687672
-477.268894
-483.509066
-476.765910
-487.538556
-481.829164
-481.454641
-479.307472
-485.537390
-480.254803
-478.659892
-470.605582
-484.518963
-401.405666
-481.344429
-479.622656
-491.685265
-484.211649
-479.732453
-478.309128
-494.860642
-480.033208
-478.260525
-482.417576
-484.942534
-479.194200
-480.237297
-480.242642
-479.371449
-479.031442
-480.235097
-481.220461
-480.424895
-479.269190
-480.834036
-479.707535
-484.884596
-480.281253
-479.717967
-480.341458
-507.047563
-478.019955
-478.985473
-484.816329
-478.794150
-473.584350
-479.074039
-476.938455
-480.023952
-480.891485
-477.998552
-481.123952
-479.817108
-480.750146
-479.425429
-480.836690
-479.336486
-480.386286
-480.060698
-480.578561
-479.226919
-480.050560
-477.297631
-477.473919
-489.569168
-481.957212
-473.636151
-478.771998
-478.233091
-480.933232
-478.556258
-346.586036
-478.412159
-478.332487
-485.405641
-477.610181
-489.497306
-481.832565
-463.282625
-488.286484
-470.275109
-481.689794
-479.904917
-479.098333
-483.793880
-481.019358
-478.964809
-486.340016
-480.646906
-480.174972
-479.944791
-478.987148
-480.494045
-481.580491
-480.541482
-480.587541
-480.710280
-481.043685
-477.672341
-481.060634
-480.289087
-479.584329
-486.204161
-488.257617
-480.511071
-479.623573
-481.682042
-481.685738
-480.727384
-480.600836
-471.408901
-480.248190
-481.394637
-476.126604
-480.225076
-480.998182
-479.905684
-480.883179
-479.304186
-462.896240
-480.944128
-481.331766
-480.160206
-474.804199
-480.624347
-479.337008
-480.050573
-479.574947
-478.870005
-477.544282
-477.233530
-479.472884
-479.467936
-479.439459
-479.716951
-489.209079
-478.263158
-480.246438
-478.417527
-481.436441
-481.793519
-480.547553
-481.053101
-483.895906
-479.285615
-480.951086
-480.137011
-478.336103
-479.028294
-480.000489
-479.971558
-479.882533
-481.842778
-480.490138
-482.187773
-480.624852
-479.950456
-479.771654
-482.308020
-479.098910
-462.420961
-482.140055
-483.424286
-476.842803
-486.684615
-478.702937
-481.739746
-479.615413
-472.948970
-459.627118
-483.028291
-479.594273
-479.984062
-481.858913
-481.553807
-477.652574
-480.101770
-479.810698
