108.206974
109.881741
104.952302
109.539897
107.298976
109.569007
108.842763
117.303940
101.380480
109.658574
110.019621
109.102852
110.487413
109.560213
109.668874
111.772103
109.889898
110.698030
109.114760
110.951434
109.954182
108.944940
110.794843
109.808404
94.730460
111.947456
111.390497
109.834156
105.842702
109.711573
109.139828
106.061571
108.975349
105.703235
108.710713
106.160035
110.136828
109.258241
109.750352
109.828276
110.076536
107.801625
109.261048
111.181373
109.435097
114.964072
111.198909
109.339305
110.140008
107.360351
109.106931
82.510427
111.640270
108.421617
109.932969
109.991043
109.611363
109.703543
110.753481
110.060205
110.743251
110.490245
110.393541
110.729641
111.185988
109.001566
109.798779
113.142485
105.041795
112.461930
107.490019
97.591983
108.032194
111.060705
109.900047
108.854380
112.714900
110.774944
108.835651
110.001294
112.355909
109.719027
66.936244
112.757992
98.150703
111.033787
115.325059
108.469728
107.900193
103.767381
109.442871
107.879485
107.949399
112.074889
109.974635
111.948241
101.506222
110.340789
109.822966
108.008645
111.896004
108.961815
97.098868
108.302422
111.443407
110.043916
110.312474
107.564290
109.833738
110.108727
110.649495
110.723681
108.457650
108.832895
111.674944
108.247079
109.298850
113.611165
110.640439
107.139096
108.905697
112.807548
110.011187
877.032308
109.660424
110.143129
109.971875
110.250852
104.242626
110.562812
109.228233
113.623488
110.606685
109.409983
110.231594
110.749223
111.061251
112.198857
110.562765
110.667530
93.061098
110.908556
108.154839
109.320859
109.787884
108.173559
114.456439
105.799894
115.638056
106.237595
502.253575
109.902694
108.613390
110.462965
108.753114
108.847277
110.216233
110.322761
110.442578
109.521712
113.190484
107.706355
110.299301
110.092506
126.759726
109.828198
110.154321
101.391617
109.748676
109.434123
112.849716
110.247094
107.770018
111.063802
119.409698
110.824539
106.652865
109.729118
109.463751
109.658445
106.493787
109.442366
110.108039
109.056099
110.042801
106.297574
110.018057
105.145975
109.058860
99.696857
114.087834
107.044135
112.593788
105.895477
110.295668
110.627853
109.174588
108.720578
109.378961
110.208471
111.556111
107.933059
111.791568
106.167157
109.082305
106.476215
109.379475
114.735667
109.373039
112.432236
109.757502
114.640085
109.229136
113.558531
110.320413
110.111992
113.945980
116.326852
111.285545
109.613073
113.137157
99.884933
109.621993
110.086381
109.222303
108.770009
111.103073
108.278256
115.526532
109.138148
110.481900
111.819670
109.448539
110.044487
109.815571
108.799873
109.035824
109.956866
109.577020
162.785426
110.085360
109.796659
109.541517
107.052058
109.576680
100.426340
111.363044
109.136007
109.080114
109.854113
110.071125
109.893323
185.608897
104.022000
108.762222
109.588833
108.841815
109.733139
109.325276
108.975815
108.980090
98.201274
108.981113
109.057542
119.096031
108.145855
109.634389
107.475166
108.076236
112.273402
100.591491
109.867506
110.381557
110.471159
109.489348
106.703511
110.167938
109.494378
113.465064
109.234552
110.458377
105.188932
111.021722
72.939416
110.421305
109.049374
110.204859
110.435756
69.233306
109.863524
109.158788
109.169530
112.988441
106.677916
107.084210
108.295188
110.353895
123.475536
109.746708
106.908999
110.208393
110.075651
109.228569
110.840478
109.991864
103.069443
110.721925
108.940367
110.614218
105.106720
109.579442
108.734303
111.215058
108.552191
103.703650
111.009716
108.082392
110.323721
108.892895
108.169943
109.690152
110.683114
110.277715
109.005504
109.262802
101.973714
108.614874
110.216430
109.397550
111.894681
108.508975
110.319085
108.507862
109.383157
104.204379
110.464079
112.104720
109.000671
109.518764
123.477670
109.857866
103.451719
109.835887
108.189620
108.712700
105.680044
109.477338
110.594905
109.070421
109.903713
109.508851
110.467983
191.693758
111.378276
111.792226
108.432620
114.659746
108.944202
109.241455
109.621561
111.194539
114.838026
161.531144
111.074987
107.016134
110.146145
111.984528
109.875079
109.426900
112.024799
109.426378
109.349889
110.001854
111.233965
109.690931
109.488586
109.868233
107.531629
112.664921
106.842337
109.362639
100.468275
110.441261
109.689729
107.793806
110.594495
108.504277
113.366631
108.574828
113.298412
109.117257
110.548616
108.937317
110.247743
105.717980
98.042400
118.373816
106.420861
100.702645
107.258964
110.850367
109.433637
113.821596
111.913449
109.313233
108.532344
111.397719
100.674893
111.275528
108.290965
109.807334
109.307180
109.813623
110.527898
108.609431
120.586302
110.871666
109.012116
117.617642
111.229652
109.402094
110.565641
110.347622
108.921168
110.149282
111.714025
111.506557
109.759049
12.066246
111.026908
109.956380
112.147485
109.873626
108.671573
108.629154
107.597334
109.618812
110.265467
113.032738
109.371289
111.836187
108.319820
118.151121
24.273416
107.463469
110.334887
110.463189
101.075521
110.649907
105.555098
111.227864
109.374505
110.633149
108.383035
109.407837
111.974316
111.929959
87.161153
105.113828
108.931093
110.040121
109.621339
109.982436
109.205524
111.245428
109.405413
111.695302
109.806898
110.496869
112.115337
108.748788
103.369328
110.193179
113.169966
103.990005
109.243637
108.506884
109.091274
108.393955
110.751783
109.996444
107.948115
110.875648
105.082295
101.685253
109.988046
109.522621
108.849249
108.693416
108.938879
106.357996
108.188812
107.719172
105.792109
97.847820
108.751535
109.154227
110.227514
109.676674
110.320869
111.645964
113.579513
109.746892
109.611897
112.552542
110.245570
108.807046
129.348292
108.738598
112.861783
111.084141
113.617907
109.631686
109.808230
108.975626
112.201602
108.788251
104.297408
106.019648
109.694984
108.032395
104.019403
109.949947
110.588339
11.708832
108.656628
109.613497
107.801153
110.089928
108.874453
109.510624
112.001151
109.216323
107.922876
108.130128
106.654883
110.093946
110.256634
105.743835
109.038470
104.924437
109.884256
111.272161
110.108396
107.202248
113.368479
109.654631
109.102723
112.243392
99.544669
115.532552
102.398430
108.213802
110.250982
110.193152
110.252195
112.950443
103.557160
111.125962
111.792154
108.988634
109.963838
120.408839
112.518006
109.278371
110.665278
110.535903
109.636313
108.165975
130.173654
105.064484
107.654173
115.246691
109.059471
106.123136
105.238858
111.463140
106.178656
105.996202
108.099169
112.348178
110.761701
112.906241
108.988538
111.613530
108.450435
107.463682
110.569857
114.614309
109.399558
109.487184
107.612740
107.187621
107.488018
110.798303
109.099129
295.426944
110.558555
108.828471
109.533866
109.381161
111.245103
109.547850
116.431786
111.519339
111.543952
110.559754
106.456939
108.571135
109.495447
109.284565
111.368570
110.220758
70.895545
116.613938
113.113973
111.123987
110.965088
110.493395
109.791604
110.612354
106.828940
110.493391
109.899851
109.815822
109.512520
109.527913
104.990539
112.658019
108.953570
110.480041
110.593541
109.063001
108.249609
110.619574
110.248951
111.457553
112.122577
105.857284
109.015630
110.183482
110.079750
110.233752
113.139456
115.612468
110.327590
109.702020
109.355053
109.924495
111.054691
109.853572
109.798689
107.989866
109.791594
110.640910
108.610902
110.396277
110.058917
116.279768
-221.314793
105.086137
109.827256
109.996942
99.718856
106.067152
108.996546
84.741870
111.038901
109.368763
109.049923
109.284430
113.571637
123.244425
108.040605
111.634650
111.022316
100.860085
109.093691
112.102911
110.673932
110.506394
109.843690
112.955538
110.262710
109.520235
109.160378
107.174651
156.672424
109.560537
109.931754
109.934186
104.676700
109.157743
110.265184
109.620588
97.828265
101.626007
111.162406
108.527447
102.231801
108.655971
108.373201
107.631293
108.818738
108.525603
104.551365
117.385631
110.121473
60.923188
113.256181
108.846017
106.812217
107.022664
109.268410
109.377339
109.216985
110.082062
108.746551
107.745730
109.147376
110.335255
112.055828
109.751021
109.887024
108.434644
111.310845
111.601946
109.738317
108.694694
98.046166
110.861397
111.038698
110.522560
109.375442
110.128187
109.414354
111.331432
109.348296
106.737693
108.095651
110.419687
109.155532
109.454168
108.472845
108.667724
109.485050
108.513279
110.726557
112.333574
109.497871
109.257104
67.767457
112.872112
117.420849
101.854898
105.137356
109.326315
115.473510
107.043350
109.506951
111.891556
109.024655
107.482127
108.931757
98.541498
111.258877
112.882098
109.297066
108.678580
109.679156
110.449543
110.065814
108.536348
112.562448
108.761319
115.504561
112.283996
103.871451
110.304904
108.930470
115.576816
110.455946
95.661085
107.811555
113.377053
109.305457
111.659066
107.947146
109.170752
104.325335
107.813817
108.755971
110.657903
110.315258
108.224231
110.774749
108.358454
110.792671
109.629656
110.126770
109.181765
109.030723
110.489301
109.188315
110.005216
112.769283
103.336434
110.922574
110.524074
101.474416
102.764801
109.408587
110.093798
110.432038
112.091405
111.556535
110.407520
105.981269
111.368812
111.698849
109.600674
112.873075
114.793958
110.399717
109.293751
109.885227
111.204691
110.623923
102.473739
109.760928
109.731789
108.762625
108.061177
108.733320
117.833426
102.145252
109.229929
101.496739
111.080321
108.690961
109.324651
110.011109
109.764810
109.836337
109.088922
120.838227
109.551348
109.226514
109.748513
107.425967
106.079984
108.840198
96.095013
109.302744
110.269759
109.678735
103.687326
109.149106
109.788765
112.580346
114.509034
121.929492
107.514532
107.029262
108.240421
110.905257
100.551137
110.395761
108.436671
110.058012
110.586999
105.965309
106.767312
109.025319
94.882384
108.519764
109.105644
109.985950
110.012703
110.697965
104.028298
107.289920
99.562607
110.598112
108.785257
105.048665
109.151661
110.418827
108.988139
107.941582
109.648754
112.927579
110.143366
109.834867
109.013683
104.002878
107.493081
108.211931
109.018175
114.381217
103.367965
115.257732
103.740285
108.989886
107.921090
110.911668
108.331249
134.544391
110.989387
109.073500
112.555419
110.894851
109.495143
109.025370
108.920325
111.876908
111.929086
107.676244
113.048078
108.831228
108.890852
85.111666
111.758723
109.115905
109.035903
110.058872
110.190336
128.139955
109.570161
109.796357
108.597777
105.312573
120.122663
114.431656
109.152420
110.867708
108.982558
-3.366141
110.499652
107.259698
113.099208
109.801826
108.470454
107.201226
110.254690
105.148334
108.758198
101.468442
110.138091
110.639142
107.954312
110.462307
110.607874
108.164273
109.307102
109.371710
107.611213
101.867420
126.787400
109.288757
108.829306
109.801194
107.440993
109.446052
110.403744
109.672531
114.616254
109.191464
111.332317
113.724143
109.187867
109.936519
109.601149
109.960874
105.231447
107.001418
120.643992
109.040976
109.382387
110.533329
109.187121
110.556386
108.684784
110.323419
-172.359747
109.706910
110.340362
110.599913
109.720882
107.302806
-9.942060
107.606659
109.156212
110.000733
110.461605
108.640878
109.076088
110.116979
109.640931
108.845509
