-480.118097
-479.032981
-478.491924
-473.687709
-478.572497
-482.317090
-480.923631
-476.627099
-480.232707
-479.430925
-478.832297
-479.135751
-478.516635
-475.631370
-479.170711
-481.723243
-477.710446
-479.511936
-477.081605
-465.769367
-479.641861
-478.246717
-480.736976
-479.161880
-479.295205
-478.694251
-478.502618
-474.970525
-478.417181
-479.312039
-478.281375
-478.337665
-482.058487
-478.569943
-476.741713
-392.030010
-482.399952
-479.883461
-475.936060
-479.274745
-477.602648
-482.246211
-481.169872
-486.358226
-478.819423
-478.513312
-479.788626
-479.527404
-483.361428
-478.314342
-479.242407
-482.704670
-478.477869
-478.583372
-478.995960
-476.276599
-477.938785
-479.834459
-478.646206
-586.555165
-478.879421
-479.323205
-475.845607
-479.675166
-479.312579
-480.299378
-479.139522
-484.915173
-479.302144
-478.061952
-478.897561
-479.081022
-479.024064
-479.104820
-480.428487
-479.161021
-479.132338
-476.473186
-472.333852
-479.819716
-478.590224
-479.184743
-478.231189
-477.241658
-480.256275
-479.207005
-477.238892
-478.790860
-477.079580
-476.421898
-478.691261
-480.268422
-477.556071
-482.182640
-478.639544
-477.533909
-477.251918
-482.979287
-480.343283
-476.228143
-479.905738
-479.679867
-478.554542
-478.484540
-477.037728
-479.965401
-479.476812
-478.982812
-477.892714
-478.338766
-464.419181
-477.975702
-476.598756
-480.481020
-479.442120
-480.359031
-478.074478
-479.829983
-476.950477
-478.615403
-479.482088
-478.762836
-476.597201
-478.843662
-479.446384
-478.277732
-476.150885
-479.610728
-481.388892
-478.273783
-478.422478
-489.009573
-477.645464
-469.658226
-489.758445
-475.472583
-479.329250
-478.358611
-480.874828
-478.652773
-473.250997
-475.154158
-480.092845
-478.452235
-477.609809
-480.286884
-477.901403
-475.580020
-479.316948
-479.264514
-478.447635
-478.673665
-478.153859
-479.294356
-479.486494
-480.712414
-378.860343
-477.113046
-479.515745
-477.995404
-471.763907
-477.816314
-479.965184
-479.018060
-476.896503
-477.428144
-479.836252
-477.632187
-478.620380
-474.817609
-477.666272
-471.636022
-479.872253
-478.907594
-479.540563
-476.751489
-476.953456
-478.062688
-478.637943
-483.028421
-478.986597
-480.217282
-477.836013
-480.491322
-478.707365
-476.726293
-478.398680
-478.773553
-479.206095
-478.311515
-469.744899
-477.371356
-478.300237
-478.287030
-477.872218
-479.686783
-481.145468
-479.448337
-479.284313
-478.137275
-481.227410
-479.500253
-479.196418
-478.827129
-473.148465
-478.651236
-465.998902
-477.726256
-476.783236
-469.196857
-479.174517
-477.510164
-477.491068
-473.923681
-477.540316
-479.307703
-478.125313
-478.891680
-478.597165
-478.521323
-471.877609
-480.710716
-489.427164
-483.870286
-435.399772
-479.461576
-476.737191
-478.330953
-480.665449
-479.029324
-478.886044
-483.334754
-479.616624
-479.355395
-480.755160
-471.822248
-479.572351
-495.975622
-481.952277
-480.415061
-482.377110
-477.504465
-480.565432
-482.174150
-478.362566
-478.398436
-477.819595
-469.279100
-478.620981
-469.278248
-478.446283
-477.758885
-481.000632
-477.689263
-479.416989
-478.421737
-479.413316
-478.466007
-483.302241
-477.811574
-479.453149
-320.312757
-478.369668
-479.845555
-478.104671
-481.314158
-479.346532
-480.149060
-470.102508
-480.122925
-478.750812
-477.695500
-470.771044
-477.876359
-479.440574
-479.867540
-479.698942
-478.163033
-477.322885
-478.226363
-477.153841
-482.268597
-484.207209
-480.814796
-478.676667
-480.785540
-481.029752
-478.421263
-479.963470
-481.860189
-477.832947
-476.888324
-482.484901
-478.415992
-482.549656
-481.090149
-479.182244
-479.973372
-476.923650
-475.208551
-516.330589
-478.977113
-478.865524
-479.254118
-477.636850
-479.265645
-478.332452
-479.400381
-478.882704
-479.143790
-481.390821
-479.413827
-479.407458
-475.488817
-479.729530
-473.029021
-479.428550
-478.051061
-479.306396
-479.926805
-478.787414
-479.975667
-477.963748
-478.228522
-478.886687
-479.576358
-479.989730
-478.933641
-481.611213
-481.460673
-478.942455
-479.798348
-479.487499
-477.877673
-478.476495
-480.045894
-481.317774
-474.896390
-478.186242
-479.104580
-480.236355
-478.825827
-477.748015
-477.962894
-474.191123
-477.480473
-479.613136
-479.730053
-479.392209
-479.916455
-478.032436
-479.817232
-479.484189
-479.302567
-475.258914
-475.927882
-484.841501
-478.500398
-479.033654
-476.240575
-479.609343
-436.802807
-478.987284
-478.835403
-479.178876
-483.346915
-480.582915
-479.858820
-480.635468
-478.498806
-478.972299
-478.618026
-479.626571
-478.352145
-472.042503
-478.751108
-479.439713
-479.724352
-477.050372
-480.008181
-479.638575
-479.128286
-479.851708
-478.076139
-478.837100
-480.544364
-478.922128
-478.454996
-478.337510
-476.361835
-478.565015
-479.256348
-479.261061
-479.318110
-477.848335
-484.335058
-480.451616
-479.193014
-479.408582
-477.649976
-478.651210
-479.502359
-478.828357
-479.312463
-479.705870
-477.620507
-474.977091
-482.909168
-480.867358
-617.743611
-479.314035
-478.936306
-488.846377
-488.402041
-478.859086
-477.538518
-479.273872
-479.755740
-480.624119
-478.163176
-477.224011
-477.073154
-479.006884
-474.434543
-477.711416
-482.033067
-478.847465
-480.665754
-478.713146
-478.033108
-478.702968
-479.567914
-477.277516
-478.205503
-479.413955
-479.004596
-478.297034
-479.160537
-478.396404
-478.641263
-482.067119
-480.179695
-476.499016
-479.921416
-479.261853
-478.518097
-479.206806
-478.503022
-478.638103
-488.065303
-480.333001
-480.338690
-478.967712
-478.868096
-478.280411
-464.198014
-477.343368
-477.524687
-481.224190
-476.074585
-479.404918
-506.795235
-481.278263
-479.568041
-481.760193
-480.532811
-479.726646
-528.134599
-479.204580
-478.843774
-479.581476
-478.891495
-479.921321
-479.622418
-490.742702
-480.826181
-478.315980
-478.316649
-484.902895
-479.296512
-478.993913
-517.316993
-481.561900
-479.370584
-477.763341
-478.073840
-476.247345
-479.950170
-481.972515
-478.527156
-508.985963
-477.110701
-479.473940
-471.206375
-477.108336
-479.216292
-477.350547
-485.110342
-527.692648
-475.914803
-473.181079
-475.707124
-480.028341
-468.110156
-479.866550
-480.734009
-476.286787
-476.618404
-476.536340
-474.855740
-478.457700
-478.863513
-477.464762
-468.609436
-484.976045
-474.661917
-478.549939
-477.416160
-580.794162
-324.624275
-479.386057
-478.640646
-479.361973
-481.517551
-478.737461
-475.364927
-479.475586
-483.531152
-478.669882
-481.784491
-475.298808
-478.530479
-479.215333
-478.570787
-480.608207
-479.892965
-479.757624
-479.281732
-480.868834
-478.021292
-484.033141
-481.195762
-481.238493
-477.988714
-478.231777
-467.401353
-476.439096
-480.571859
-477.408511
-477.683207
-477.763875
-478.848775
-476.509232
-483.772078
-474.623451
-478.003115
-474.296202
-479.345321
-479.030608
-480.745866
-480.123913
-490.126009
-478.674226
-479.419458
-479.477383
-485.485096
-477.539101
-479.481292
-528.992940
-480.130295
-479.795833
-480.145841
-478.788402
-478.890041
-476.965259
-479.435837
-478.355307
-477.964559
-478.927362
-479.642450
-485.735695
-479.135398
-475.851099
-479.942260
-480.768909
-473.221805
-474.734636
-478.998907
-478.737064
-320.137536
-480.935804
-479.422711
-477.019257
-475.041538
-479.983543
-477.155525
-508.599295
-478.044052
-480.365759
-479.309498
-477.749012
-478.998193
-492.056358
-478.170593
-480.401716
-480.391778
-477.823269
-488.952824
-477.448917
-484.636282
-479.580016
-480.714025
-479.959248
-485.560357
-477.902910
-478.857624
-478.997500
-479.544609
-481.412416
-481.156213
-480.622809
-478.114990
-479.257149
-480.150309
-480.134431
-481.730764
-478.795487
-479.391092
-477.830560
-481.357327
-478.739372
-479.387970
-479.505202
-483.930086
-479.688458
-477.859353
-479.104467
-479.665733
-476.093303
-481.924951
-479.514857
-479.804770
-481.370423
-470.765327
-478.959937
-478.047271
-481.412508
-479.352964
-476.235928
-478.303328
-480.453746
-479.112052
-478.910551
-478.580501
-480.537276
-609.414776
-477.881875
-478.921266
-483.401429
-480.871449
-479.089537
-479.368424
-478.536590
-477.857826
-484.176640
-479.480525
-478.822159
-478.547754
-471.467413
-477.655351
-477.867302
-485.213297
-488.219209
-479.687241
-479.149417
-483.207953
-479.835314
-479.560263
-478.292267
-478.261595
-479.445203
-468.718845
-486.479329
-480.136612
-479.931324
-476.783072
-477.702068
-484.278826
-478.830431
-483.869949
-479.931817
-489.742896
-478.844100
-478.632768
-479.009953
-479.207441
-478.600171
-524.301233
-479.344484
-256.425738
-477.697151
-480.674005
-480.483845
-479.340074
-475.689116
-486.170581
-478.697030
-479.010192
-484.000946
-478.539865
-478.432033
-483.252053
-478.754933
-477.513184
-479.420806
-478.285007
-478.615068
-482.178187
-479.801041
-480.716264
-479.480024
-477.881250
-477.466698
-480.033845
-480.157501
-479.384208
-499.491744
-478.949522
-479.308569
-477.291601
-481.220615
-479.804491
-474.528713
-468.069568
-479.249494
-480.945488
-479.545610
-475.113793
-479.371012
-477.800895
-479.251865
-480.556588
-478.805988
-478.808835
-475.034574
-480.595982
-479.245664
-479.561737
-483.920773
-478.416533
-479.411058
-472.761832
-487.448589
-475.346310
-477.603088
-493.003393
-478.261078
-480.719248
-479.678640
-478.403434
-483.600644
-478.777078
-478.438629
-476.434224
-478.927796
-473.545654
-477.441860
-479.973935
-477.910259
-479.332491
-478.948928
-477.858338
-478.692916
-478.800259
-480.636149
-478.049350
-480.874994
-486.720060
-478.295803
-478.989992
-474.697806
-478.701217
-480.282755
-478.822467
-479.238594
-480.618194
-479.320994
-478.688735
-478.020173
-478.998117
-479.893331
-479.063373
-475.774232
-478.510549
-477.823558
-477.919730
-474.275815
-479.381411
-477.889216
-478.309321
-473.116182
-481.129890
-479.547682
-479.080960
-468.889915
-477.476825
-477.964127
-482.202501
-477.712602
-478.035169
-499.012338
-478.577061
-480.059357
-478.844625
-478.972672
-478.708507
-474.788914
-486.338416
-476.424161
-478.723759
-479.647944
-480.454428
-478.421620
-478.608125
-478.702274
-481.086003
-475.986116
-483.597461
-478.688197
-479.093645
-480.077431
-492.391482
-480.166336
-477.304967
-479.706826
-478.707323
-479.408142
-476.428786
-479.604921
-477.315243
-479.334184
-476.962898
-479.815764
-482.065603
-479.768658
-481.249447
-480.709730
-445.220391
-478.177530
-478.658301
-481.000184
-488.088060
-477.572605
-479.138275
-460.824198
-481.934730
-478.421457
-479.898835
-478.779136
-483.914119
-444.994327
-482.524791
-477.376791
-474.141268
-480.383814
-479.583793
-476.731567
-478.923025
-479.295097
-485.720751
-479.120527
-478.905383
-479.346003
-480.118937
-476.256979
-479.173480
-479.720514
-481.265167
-478.793655
-479.145234
-478.662076
-478.144142
-477.462952
-479.685648
-479.520124
-476.991591
-480.342445
-482.454718
-481.855043
-481.035097
-478.698342
-479.508192
-478.070853
-478.828810
-478.470197
-477.056699
-479.324038
-478.605116
-477.745241
-424.892626
-479.823721
-477.932185
-482.742851
-478.450810
-530.947255
-489.246760
-479.812573
-479.452788
-479.992052
-480.042380
-475.669238
-479.465079
-479.522699
-479.015656
-475.812970
-478.071027
-477.559398
-479.500079
-480.141867
-480.037578
-479.937223
-477.764013
-481.820572
-480.842428
-479.641053
-479.124907
-479.911029
-480.832416
-459.629207
-478.822965
-477.176100
-485.038465
-480.585020
-480.406408
-477.288482
-477.963972
-477.243138
-478.945259
-479.203898
-479.601059
-478.379161
-480.079060
-480.358188
-487.698593
-478.723153
-478.803256
-498.727356
-479.804700
-507.268330
-482.360441
-475.594057
-478.991263
-488.124466
-463.851264
-480.186797
-478.310083
-478.599860
-478.013758
-482.280091
-478.412996
-480.693252
-479.225602
-479.182982
-477.341513
-480.879446
-479.732393
-480.250291
-480.354072
-480.319517
-480.301044
1432.559660
-480.534172
-498.946186
-474.021702
-476.268128
-480.277664
-482.043203
-479.765413
-479.393144
-480.681699
-479.172630
-478.011367
-478.053574
-473.685210
-480.148405
-478.204150
-479.277793
-479.075404
-481.436788
-533.299577
-482.792350
-478.752495
-478.422288
-464.707473
-480.150016
-478.525268
-493.870276
-480.269952
-480.496976
-479.075090
