232.467150
232.025966
234.050594
234.732234
235.288520
235.306877
232.068096
232.885162
233.309073
240.550938
234.531637
235.833894
230.576435
243.426513
233.529722
232.142426
231.720321
233.422618
233.964196
232.416442
234.477632
237.088014
231.808333
232.080004
222.668613
235.369996
233.622260
234.955706
234.943703
238.805824
237.567680
233.670158
236.279365
232.764271
233.456924
232.662690
227.914098
235.260799
237.252744
232.854123
233.974503
232.868122
233.700770
230.442528
241.331127
234.000651
233.162935
229.003192
232.333406
237.612054
230.035834
229.673351
229.269082
234.153900
228.721233
234.542145
227.636671
231.362047
241.412970
233.898997
239.570397
232.918003
231.039097
232.921949
233.016482
246.016908
233.836583
233.109729
236.353056
231.639212
233.167805
234.127620
234.450087
231.414869
231.997366
228.501029
232.862685
231.521379
234.334456
215.324658
232.113881
231.581881
227.656760
230.674104
233.899769
233.403039
233.224749
230.663728
237.435328
230.506601
234.804643
233.366263
232.545802
234.508180
233.327462
233.076888
232.702848
176.306105
232.151292
228.555068
230.422230
235.480972
234.134048
233.915250
234.359844
232.403267
199.167479
234.806462
232.416496
232.855084
231.315416
232.743359
233.004067
232.752430
234.859419
232.317084
229.211838
227.204394
232.611869
231.298606
233.258226
227.865082
230.796755
231.140125
226.977017
240.221639
238.140781
233.362172
230.362982
238.147613
235.132328
212.156159
228.627109
233.777226
234.111253
234.658701
231.463211
234.966112
233.431349
236.572330
217.343740
234.227961
235.063222
232.935813
232.173769
235.225274
234.432786
237.297152
231.501493
231.419597
233.841450
233.779031
234.253124
232.461293
233.218274
232.450080
231.247158
285.702140
234.696970
234.274531
232.948077
231.788989
232.096149
233.702007
234.083722
232.649628
234.300267
234.092550
234.385868
232.884407
232.988736
232.633722
232.020275
241.806312
230.002667
232.387681
232.553793
232.493103
233.476303
233.162412
233.251064
233.574524
233.154409
233.151061
233.506359
233.134651
233.332235
236.103155
236.617025
234.054340
234.094086
234.316012
233.483370
233.643592
234.113510
231.294083
234.761184
232.405978
234.120138
232.728849
235.616158
241.962724
233.431115
233.636448
228.732697
234.867751
233.522775
234.167055
45.140234
225.762618
233.217401
231.873975
233.410285
236.527131
231.600246
247.794867
232.021760
232.095895
234.305282
232.170267
233.259771
111.870325
233.936457
232.484493
235.286785
231.572580
232.815732
232.572469
237.235266
233.525568
235.699861
235.458979
233.946963
232.056543
236.449772
233.267918
233.486150
232.110627
234.226011
232.827276
232.193270
229.405057
234.959506
233.241371
233.905867
233.934344
231.196106
233.552972
233.261190
235.152535
232.665190
233.134445
232.563835
239.505665
230.141516
231.762740
233.266216
233.920825
235.802071
232.909779
237.156758
233.262405
233.370235
233.808285
-102106.657492
232.496712
233.688120
238.035642
234.116973
233.395965
233.592810
234.582084
233.329761
233.461536
229.806719
231.896619
232.556777
234.778143
232.793803
233.963499
232.232187
233.376138
233.844079
233.421434
233.258728
229.596873
233.101436
233.693757
235.112295
232.330555
234.516974
228.896165
232.089991
233.540624
227.788581
235.232555
222.663690
233.424313
237.835875
232.537551
233.327827
232.887883
233.055141
234.540813
233.017532
232.793298
224.615450
233.963960
232.761616
231.716114
-454.848702
234.019527
229.792402
231.629626
235.177676
231.774501
233.581088
233.329418
234.063889
233.009710
232.170600
232.118612
233.726619
234.257459
232.433681
233.846143
232.946025
234.134041
234.134695
233.480416
236.857656
232.904214
229.603922
232.541341
230.883351
233.947672
233.736226
232.282479
238.242792
234.937567
232.117629
234.562032
229.533692
232.994268
233.683318
230.313927
232.967307
232.288677
232.478406
233.109747
233.553036
233.098588
232.512190
230.529174
233.822537
232.829691
233.540439
225.267915
233.689743
232.933126
232.546455
231.548464
233.529410
235.643846
235.828203
231.260907
233.949095
235.376831
234.533052
232.545166
229.841398
226.254941
232.077376
235.843486
234.186161
232.395851
244.278982
230.395732
235.737147
233.236764
198.315012
240.551876
233.685732
233.072044
232.112491
232.229648
233.670291
232.549018
229.113982
232.866644
235.581658
232.240552
212.777166
234.161117
232.325027
232.377273
232.950653
225.604410
233.738151
230.370734
232.973229
233.263563
234.040576
234.996204
268.523260
231.300259
233.297166
239.121049
232.238424
233.153123
234.142640
234.290032
236.715137
238.074051
232.148397
232.077770
234.610766
234.579147
234.161095
234.802354
233.555774
232.734382
241.886399
233.594599
234.384239
233.250150
233.860761
233.566021
233.327189
240.032198
229.901186
231.233229
233.378202
227.267792
232.375547
259.532221
234.027149
232.460545
239.825566
233.425732
233.959337
233.784414
233.933245
229.137924
236.626731
233.337665
234.303109
239.177639
232.128912
232.928994
235.606072
233.002517
233.258177
237.956927
236.395549
231.633727
233.346972
232.973709
232.225617
233.781472
231.312712
232.557597
252.551176
233.181540
234.348739
236.598518
228.924559
232.932037
232.799456
233.082513
233.877751
232.602590
229.268867
234.079283
233.321432
234.279251
234.304783
234.459151
232.635324
234.692341
227.069607
234.011357
194.432617
230.264440
225.016969
232.924512
239.340797
233.331807
233.394519
233.192185
233.966037
185.248394
231.569029
233.703800
238.157088
233.833806
233.115516
229.866773
233.526213
232.804348
234.339462
234.501799
233.260068
234.732351
234.490408
230.083028
234.066141
235.758041
233.869209
234.444920
234.418721
233.472123
242.323116
233.071841
234.292961
208.863707
231.285388
229.727718
219.257406
232.993929
235.008343
229.834569
233.811099
233.204930
233.830494
232.612067
233.216742
233.202679
233.238466
964.347978
224.467952
234.276177
233.105503
232.977311
234.337591
250.346842
233.439059
233.138543
236.055498
233.649445
233.290930
236.948978
230.547405
233.568997
163.415364
232.031327
232.588648
229.406309
232.044242
233.834228
237.782655
233.274983
234.431149
235.676098
232.046624
235.215149
226.474337
237.150476
240.420946
233.311021
229.955406
233.050399
234.418070
235.193603
237.785576
235.942904
247.251904
232.523140
234.722234
232.733261
232.084685
233.118261
232.787932
231.546977
233.180862
237.453192
233.706054
227.436576
232.087102
234.133541
232.875194
255.021421
231.774635
234.097800
234.011344
233.655928
236.781858
215.806066
232.414650
234.860883
235.814870
234.974894
229.032070
233.074691
232.234196
232.687848
233.167828
232.813057
233.285480
233.340815
234.654679
231.872702
234.105301
234.280490
233.165606
241.491634
233.548316
231.597678
233.733384
235.305346
232.944868
232.770404
250.536659
233.100603
234.885401
229.287212
234.069375
237.903922
232.715650
237.088391
230.554964
229.698867
233.549525
233.171102
233.741745
230.493228
212.053815
228.633640
1682.653958
233.313685
233.883564
232.838656
233.654855
232.882751
232.859187
235.348652
233.591157
239.788536
234.267177
234.551734
234.175942
236.303928
232.802069
233.765757
231.615654
234.999598
233.227701
233.359902
52.398387
240.251716
232.937303
233.412193
236.684549
240.404034
232.979562
230.424452
232.636364
235.080330
234.025658
233.063656
233.705266
236.830238
235.672272
234.673770
231.866780
233.378967
231.797226
231.891021
231.535997
233.488769
233.736561
234.147537
231.790956
233.594321
232.962097
233.414359
231.662119
210.835489
233.769193
234.778784
232.251855
232.119376
233.084559
232.167025
224.625729
232.491453
232.694166
238.331893
235.773168
233.648709
227.928671
232.845567
229.671837
233.592676
233.589387
235.112181
232.021487
232.490729
234.051951
233.138468
234.315895
235.024943
233.453926
230.233637
242.491724
225.074210
213.818070
232.791956
234.265484
239.276475
232.897012
232.608922
228.709150
232.452618
234.106842
232.943825
233.558292
233.227701
233.589806
234.343021
223.412675
234.619302
293.025527
226.832949
232.976106
234.508991
236.084039
221.741552
232.683406
238.028915
233.115724
233.928354
235.112537
235.415243
207.032321
231.548638
233.973649
233.491547
236.953362
229.485983
215.516676
231.951293
232.867412
233.464146
232.994196
230.281101
233.637248
236.114650
230.676908
232.830146
233.236986
233.471139
234.724218
243.434540
233.234104
233.016273
232.968452
234.313501
231.414190
233.151349
234.872367
235.042140
247.989821
234.431337
233.510827
232.405593
227.425013
233.443773
234.640641
233.640093
259.987283
233.248924
230.809771
231.704672
234.459132
237.543958
232.489855
232.854115
233.686487
232.939491
234.307567
226.557311
235.809807
232.854809
228.640065
231.700418
235.167403
233.267980
233.622147
231.792857
233.163651
232.093697
232.696651
220.928276
234.091288
231.570026
230.989307
233.215259
234.805133
233.490084
237.764170
230.423174
280.222373
234.072974
236.312439
224.709625
232.869539
233.242250
233.665775
233.486363
236.489618
234.419757
234.046520
232.634667
235.642315
233.006834
233.665380
232.495253
271.841441
234.172417
241.984240
234.843666
234.808025
234.917952
232.614153
233.482888
234.172594
231.951806
234.346577
233.068907
234.542205
233.382598
233.701430
232.969579
233.419835
231.769639
233.184778
233.753849
232.493528
240.689948
235.102089
233.616825
235.355505
225.271789
232.026626
234.148531
233.915508
234.573616
232.013934
234.279516
233.825467
233.117948
234.756944
231.464631
232.817406
231.641964
236.061975
232.860622
221.046550
234.076119
232.083210
233.163067
233.018457
232.902720
234.582505
253.664131
230.591558
230.188011
234.358585
234.477412
235.054095
233.381437
233.538528
233.661995
233.645311
232.405498
232.089298
230.338933
240.746044
232.230015
233.453040
230.761197
233.583982
214.482660
231.378451
235.218022
233.929597
231.174918
233.036665
233.294088
234.580660
234.054551
233.666500
233.380519
233.619981
236.257904
234.598924
231.961155
233.329729
233.458505
231.033151
232.905904
234.014708
232.594088
231.356079
233.649303
233.406599
232.192750
232.730138
233.743736
233.259985
232.379847
234.389377
237.109710
234.050937
319.962494
240.627677
233.964815
232.233300
234.333778
233.899477
234.638335
232.850852
233.355251
234.535011
234.554004
227.468002
106.783178
233.505089
234.152215
231.874597
232.992241
235.614132
234.175711
233.382650
233.231764
232.983740
233.280691
231.982959
-41.280668
233.638513
231.827859
232.653171
237.191867
234.743782
547.958404
233.409408
233.449741
231.118062
232.909384
238.024169
232.364119
234.581044
232.989560
232.199341
232.283573
238.021834
232.606320
245.362815
231.347623
235.327924
220.207440
232.942150
234.370275
235.311201
231.404334
233.499560
238.834680
233.796727
232.941759
236.383907
234.022205
229.091163
229.610566
233.798860
237.811929
233.018799
229.466636
234.403325
231.052341
227.627223
232.511700
233.707770
271.781488
239.343891
233.152812
233.966036
234.250614
233.690639
232.904413
230.052378
234.030450
235.376378
233.471012
233.276059
235.533758
233.583377
227.040480
233.336622
235.633974
