124.408295
123.544250
126.877266
121.969665
121.385599
123.648500
125.269782
124.313071
121.985906
122.822618
116.537651
122.830678
132.263719
123.216327
123.396270
123.755385
123.399649
126.148781
123.628900
123.306031
115.828910
123.218477
123.607954
124.087671
123.107753
123.971720
126.734840
123.586180
122.580887
122.712492
124.836870
124.135974
124.176364
123.536325
124.448186
121.076124
122.373190
123.030018
122.611436
125.596788
122.781090
122.980291
120.308730
118.985113
119.001831
127.047445
126.687479
124.090329
121.611081
124.054026
127.798033
123.945861
122.994869
124.733846
121.960244
122.271289
120.937914
123.733455
123.598517
125.167973
49.490552
123.707658
124.840008
122.794708
126.421825
123.912510
123.139309
125.898077
123.317307
112.707631
81.795419
124.648536
123.718602
125.074423
135.284265
121.602974
122.127173
121.813729
125.313583
123.851343
122.525626
117.666009
124.401605
123.077368
126.001193
127.137674
124.162307
125.790981
121.964488
123.933685
123.257653
120.617180
123.217925
153.689369
124.150402
123.234565
127.232587
123.439908
126.658990
124.314887
120.137057
126.281174
43.592324
114.080286
122.108702
122.751030
124.797308
122.903235
124.612653
119.798942
164.456354
123.949015
124.693082
123.910146
122.375992
121.481654
124.281889
121.759848
425.063680
125.378150
127.836549
124.274840
123.603989
119.368864
128.839273
124.078603
124.026756
123.151653
120.776611
428.728263
122.714645
125.839209
124.274569
123.510729
124.260570
124.246612
124.278063
123.490787
123.630040
124.018726
125.513940
123.209911
119.529325
115.259235
123.171657
119.695515
119.054338
121.186261
123.065697
124.082576
122.604806
123.255487
126.268185
124.425849
123.751541
125.015620
124.663956
122.884070
111.331129
123.699304
123.468283
125.200967
124.730362
124.745118
122.850291
123.790509
138.937668
123.719776
126.227177
125.007415
127.875244
123.926194
122.089019
124.199807
125.666114
122.253511
139.948541
125.493817
124.180840
123.359109
123.071954
128.180798
127.449768
123.623440
122.933941
122.469420
125.102347
124.781958
123.480139
123.840965
124.020959
121.220782
124.463126
141.288183
120.697441
123.222193
123.345841
123.170914
127.182853
123.260650
122.146575
124.072889
124.293729
124.407008
118.193908
123.362543
134.282992
149.196689
114.328765
125.204292
122.121230
82.777182
123.796442
124.101335
123.492938
116.977568
122.030890
126.696917
125.426100
122.039822
123.673177
123.958970
124.384631
128.151703
123.887179
122.842313
121.159657
122.559750
125.935246
126.026213
123.598412
131.678463
124.552178
123.932106
123.482439
123.997741
124.444124
106.241054
120.497887
123.025892
123.114789
111.542759
124.099790
126.511413
123.775651
128.905403
122.131977
125.616430
121.136460
123.014150
123.736062
121.897594
124.210266
123.994837
123.724209
130.012852
114.137417
125.797371
122.040151
124.221942
124.211402
125.637761
123.446460
123.824887
213.646686
123.442061
124.104673
124.910221
123.103519
122.527673
125.995885
123.618462
123.021895
123.672023
121.358752
121.361893
122.618850
123.412496
115.275580
123.374840
116.172439
117.675662
123.728641
124.228975
124.422264
122.708252
129.212474
123.081375
117.876135
122.980017
126.047039
133.106907
122.767430
124.666240
122.357488
122.421367
123.264795
123.178651
127.842576
122.170339
123.085824
122.589205
108.291924
117.599516
116.409089
130.285799
160.225145
123.844991
122.798418
123.421927
123.281641
123.601231
124.220955
113.735351
125.594609
124.052751
124.847525
142.588829
125.379584
124.333735
119.133334
123.026169
125.356053
125.769733
124.145910
123.197368
127.425434
118.064104
130.457745
124.617026
126.602299
125.587729
124.203228
117.853286
122.779490
211.958596
125.781487
143.942431
122.683097
122.228457
123.466888
142.130166
123.412576
127.090228
123.003625
124.270630
123.392359
122.038130
129.012874
123.417918
144.298043
124.025373
122.425103
143.627739
127.916851
122.537061
105.249191
121.069511
123.906102
112.866843
124.196582
126.310277
124.411966
121.486498
126.349982
123.028744
124.116574
121.015984
124.074111
123.470989
117.557836
119.284062
587.682065
104.301207
119.580586
125.782376
124.660343
123.016031
124.910430
125.108297
121.304261
121.641257
123.234179
122.851298
126.128492
122.342700
123.240364
124.776688
123.274156
125.368987
122.827613
116.892327
119.621101
124.232493
126.281520
124.362185
122.637294
123.654715
114.340354
122.636587
115.949743
123.272552
123.738395
123.591169
122.524450
125.651267
123.931120
122.887324
124.826256
126.338953
132.197358
122.047634
122.771426
123.950694
123.781012
124.083840
123.430365
111.493708
123.476314
124.454746
123.008176
123.162366
129.867390
126.980274
127.509444
124.493792
123.558376
122.395294
123.482165
119.232184
126.202798
127.913830
125.565413
106.523525
124.642222
123.979055
124.102033
121.846297
125.490523
123.830056
124.122084
124.832869
125.817622
133.176289
124.194922
124.281372
127.668002
122.501652
123.546095
121.629581
122.733532
128.525867
122.533107
122.044775
120.607872
123.734495
122.779682
121.718161
129.587350
122.646306
123.068993
120.527617
249.051493
125.740919
125.570444
118.728449
122.365181
123.626954
125.510527
124.056160
123.289977
116.445061
123.294458
123.405300
123.837805
124.977458
123.722361
123.433045
121.924020
118.457139
123.576201
122.952803
123.595321
130.979909
122.909744
129.411089
123.786445
190.492666
115.399220
123.742863
123.579691
124.580515
117.666003
120.608882
125.150017
122.506536
123.977567
120.916236
122.444486
123.496652
128.805958
123.515074
124.153817
122.527928
123.847337
121.594202
122.959301
122.158994
120.992677
123.276861
123.454315
124.051256
124.298089
126.746739
123.401158
123.841995
123.985268
127.328154
127.728751
54.132769
119.038056
122.010152
123.868951
123.458251
847.589835
122.189857
123.780274
122.940358
125.562168
123.626917
124.418114
122.409849
124.586380
123.092375
122.341204
156.199877
124.222586
122.390784
115.832979
123.598437
123.103576
117.955084
123.140774
124.382376
122.844748
122.634122
124.037882
123.063823
123.487314
123.123777
123.886286
123.514772
123.442084
123.497465
122.868960
126.433193
123.661698
124.750522
123.771287
122.254664
123.015124
122.633457
114.906625
120.838375
123.322992
160.739502
131.817942
133.547206
119.699168
130.571643
126.443061
125.878918
122.414775
125.885261
119.526529
125.196187
123.859192
123.934029
124.775854
123.516258
120.923297
124.774684
123.032913
123.533724
120.812583
122.722031
123.553876
124.368189
115.122797
120.396426
123.314930
134.484866
126.132510
122.382624
123.159935
124.026751
133.990839
123.858121
125.439328
120.828973
120.093815
128.781140
111.929476
123.602525
125.314195
123.432380
127.381741
124.131703
104.038348
122.470996
122.977513
122.502706
123.006068
123.919877
124.119183
123.645799
125.437999
124.478963
123.601809
8.820073
110.805186
124.066735
140.019446
122.933482
123.451674
123.794241
125.964883
123.743309
123.380937
124.150587
123.190982
123.457309
120.780581
122.917795
127.750666
123.625595
121.556964
123.079898
124.637487
116.904278
103.846512
123.299873
124.934705
123.700823
123.626991
125.408511
124.108160
122.396784
127.428605
124.399734
123.909553
124.229148
124.024364
124.743067
123.864898
124.519809
124.079057
124.341360
122.761810
123.835781
128.541092
124.305961
123.941023
123.306840
124.617789
71.581940
124.111381
116.570091
123.871843
121.915315
123.517884
124.290303
120.980526
124.609731
121.846075
122.170471
121.504267
122.487851
124.165693
123.765996
125.074551
123.242664
123.561831
122.484286
124.817217
119.952673
123.654576
124.534231
123.359619
121.185801
125.326425
121.790621
118.825995
133.834095
123.191756
126.214310
123.959280
122.744636
124.377287
122.768297
120.449698
122.486970
123.577183
123.571113
128.705913
126.486468
123.939127
127.555078
130.361240
123.544423
123.502403
122.211127
124.730872
123.545613
123.955179
126.062016
125.102580
123.424358
122.817057
128.097342
123.710705
118.737423
123.677180
124.007122
123.416288
123.597881
125.729177
124.314785
127.816605
123.101708
125.305377
123.571541
122.381955
125.036539
123.360116
128.380507
121.933097
123.334142
122.420698
123.563701
124.458290
121.296148
123.607895
121.426909
125.041009
128.432216
124.049426
122.081876
120.588621
123.995187
126.595387
131.466210
122.168525
124.717768
112.082162
148.510573
125.474257
122.481688
123.824739
122.616680
125.258392
124.536115
120.679120
123.640084
124.139803
124.066955
125.003754
122.273638
120.951927
128.833085
139.819069
124.541147
123.522604
122.877972
124.502101
120.866835
123.994527
123.473348
115.639277
124.063280
124.374411
81.099275
135.471116
122.942447
125.591353
121.345532
125.464593
122.787461
123.926333
121.717906
126.449769
125.439383
121.853300
122.015665
123.718075
125.899339
124.332706
115.011426
129.074163
120.048466
123.663917
122.625360
124.930919
121.842889
122.832891
123.064122
123.323964
123.240947
123.861588
126.999862
123.401887
123.828813
125.653708
123.490665
125.093531
125.246871
125.239040
123.652860
124.807109
122.443811
124.407245
123.213580
121.222850
123.820292
123.883003
128.637316
123.856450
112.150813
83.082917
129.783661
125.003832
122.817235
123.380679
123.657447
123.720766
119.815538
122.939747
122.734995
130.721761
123.270186
123.194386
123.200648
126.904555
125.143928
122.282720
124.195445
123.526798
124.477443
124.395327
124.018846
121.640197
125.688893
127.382563
125.726575
125.886991
126.603760
122.959351
123.143651
123.698092
123.283296
123.550243
125.454886
123.629992
124.444861
123.294443
123.647250
367.388585
122.751668
125.158154
126.658760
122.330521
124.409519
124.185628
124.821283
124.734599
122.558555
129.904410
120.457993
128.975782
125.090607
124.584973
122.934664
124.639411
124.300094
129.374606
124.694406
85.207684
124.822451
123.415504
122.977104
124.401576
117.351717
122.096786
121.252107
122.737473
124.458483
122.225477
124.434233
127.661243
123.946298
123.111501
119.172001
123.003330
121.352439
129.796020
124.243054
125.281731
122.866960
123.634355
125.203654
124.106834
130.548804
124.449133
125.016365
124.295723
123.206358
123.846027
123.371583
124.390491
120.720193
123.224615
124.403443
128.815150
122.889980
125.960995
123.088553
123.794104
121.882937
123.002349
123.715011
125.196191
122.747718
123.357121
123.861276
125.421537
125.778156
124.881953
123.846619
123.355763
124.115704
124.189605
123.917511
126.356600
127.304217
125.435960
121.424171
119.808027
123.364962
124.129678
124.648502
126.893811
122.537336
124.087068
121.968919
122.860136
123.096008
124.668334
124.140719
123.270451
122.604793
124.168756
123.842520
121.770761
123.203512
123.648729
121.021419
123.956888
123.048876
123.319557
118.668705
123.756298
123.670534
122.349399
122.329585
124.886736
121.399285
121.448425
124.093669
120.765319
122.423356
122.709193
122.198149
121.531072
176.193841
124.975716
122.318219
122.250785
110.689495
115.821734
134.857917
122.775058
123.636645
126.402705
124.114908
124.926272
119.452649
123.315779
123.130646
122.744199
122.462313
