-290.640478
-291.602294
-279.908977
-291.705116
-291.320432
-286.798919
-292.753299
-291.269758
-297.525670
-294.372778
-280.564981
-292.363517
-289.825256
-289.443791
-292.454916
-292.864992
-292.136255
-294.662510
-292.931531
-293.820304
-300.644020
-293.728213
-293.775770
-294.179541
-292.663645
-291.923631
-292.429692
-291.361728
-292.546077
-293.147365
-293.785935
-295.304888
-196.972848
-292.287282
-293.740577
-285.416939
-287.087318
-294.761476
-293.036166
-293.274761
-290.928661
-292.579639
-291.957270
-292.219839
-293.715722
-291.672268
-292.642488
-287.231800
-287.982834
-292.170380
-292.102902
-292.370135
-272.744153
-289.508299
-292.852901
-291.606699
-292.150139
-292.525310
-291.408619
-291.468646
-290.166686
-290.276369
-286.393474
-289.470162
-294.289850
-289.388287
-292.579082
-293.528195
-288.504785
-292.724173
-288.899504
-293.194281
-290.845011
-312.721461
-291.686503
-291.929260
-292.117789
-298.909002
-289.705150
-289.876718
-291.824913
-292.029899
-300.030270
-292.681883
-295.291147
-288.469918
-287.967955
-292.536244
-291.959867
-292.266776
-293.822232
-293.970993
-292.537078
-290.457788
-309.135511
-295.890230
-292.605257
-297.619870
-292.145744
-290.782092
-292.971783
-291.376823
-294.375019
-292.531125
-290.733665
-302.611810
-289.706796
-293.681174
-291.755939
-291.346272
-269.950092
-292.023521
-293.547612
-293.030903
-294.781228
-292.612030
-293.450185
-291.734630
-294.962976
-293.062582
-292.308480
-288.038551
-291.887742
-290.768638
-299.526529
-297.492462
-292.155844
-291.783042
-297.805717
-290.200665
-291.716456
-290.331013
-291.069872
-293.895344
-292.776213
-292.552290
-293.420920
-291.891844
-291.293484
-291.547467
-300.085263
-294.407124
-302.142197
-291.942202
-292.061079
-291.698488
-294.033820
-292.237056
-291.146598
-286.279146
-291.960214
-293.520359
-291.970628
-291.581802
-292.512951
-306.687416
-291.448446
-290.134417
-291.283290
-291.837559
-294.738843
-294.354272
-296.067713
-292.718559
-291.968453
-286.680574
-291.200243
-287.554675
-292.450932
-289.485542
-291.914384
-291.273462
-291.999029
-292.050338
-295.242810
-292.624152
-291.132208
-291.211793
-291.554317
-294.218367
-292.612670
-292.384414
-291.974065
-291.940466
-288.400437
-292.777100
-291.607714
-290.146986
-289.659700
-290.351942
-287.099510
-293.467072
-287.307204
-288.859656
-293.658538
-291.148749
-291.329377
-292.795882
-293.632848
-292.446400
-290.840780
-292.165942
-69.497243
-291.441365
-292.943040
-295.556196
-291.219931
-291.849768
-295.563685
-294.083445
-291.841121
-292.951055
-292.893342
-292.712935
-291.966812
-292.042030
-292.061109
-292.565754
-291.535509
-291.875649
-292.005640
-295.406636
-290.141336
-292.314434
-292.863974
-289.803399
-292.245518
-291.862362
-287.034243
-295.088353
-288.806972
-293.125700
-287.610121
-294.105302
-292.320645
-294.240115
-275.463551
-288.222966
-306.451582
-292.553145
-292.206551
-287.777461
-292.037101
-293.024925
-294.381453
3589.607531
-291.992750
-292.094491
-615.797877
-291.978596
-296.722809
-295.376644
-296.956248
-291.405245
-292.706412
-292.490832
-284.214226
-289.390646
-287.802497
-293.437990
-291.936741
-294.545511
-291.689978
-291.975974
-292.084902
-289.883789
-292.864615
-290.227761
-290.318560
-293.909008
-289.601153
-293.378646
-292.323290
-290.874975
-290.232090
-293.721472
-293.324421
-291.578451
-290.374451
-290.286080
-291.673140
-292.371526
-296.896343
-294.240073
-291.695160
-293.681311
-290.835471
-291.553063
-291.204962
-290.180448
-292.718807
-293.227922
-290.178040
-291.124700
-292.388579
-291.147000
-291.820982
-296.218291
-291.818849
-290.896873
-249.609892
-288.944541
-318.395038
-153.449986
-291.139979
-293.386322
-291.804931
-291.917477
-345.156565
-292.547953
-292.488709
-292.324875
-291.222131
-291.660055
-294.179788
-285.325434
-288.176581
-293.012413
-293.338683
-292.065301
-289.876055
-290.141857
-295.895654
-304.703392
-297.049154
-292.063597
-291.044664
-290.534329
-289.162211
-292.077215
-297.631137
-292.254858
-291.381046
-288.618427
-292.629125
-292.082647
-291.692168
-292.925996
-294.030825
-294.021209
-294.583508
-292.109679
-290.808456
-292.323106
-294.303726
-292.907246
-293.936566
-291.760307
-290.819637
-292.230414
-291.904295
-290.611537
-291.436539
-301.914532
-292.189442
-294.337197
-290.923003
-294.770037
-296.715905
-292.822686
-290.490972
-294.472822
-293.613338
-292.436005
-292.643531
-223.435918
-291.810503
-292.848608
-291.853667
-292.616152
-297.142762
-289.354302
-292.643581
-295.107415
-299.838692
-297.297808
-289.697919
-307.686788
-291.521573
-289.426023
-292.329244
-292.307361
-280.720679
-295.968499
-292.087497
-291.592594
-294.798123
-292.581852
-292.250952
-296.279376
-292.110314
-289.269066
-292.372838
-291.901194
-298.780605
-388.512523
-292.573516
-292.489307
-294.162505
-292.033199
-291.183908
-292.043758
-292.617220
-292.300081
-291.905978
-289.960895
-292.694802
-291.615957
-291.064990
-292.619988
-247.140584
-292.246733
-291.589050
-290.360550
-293.539828
-290.000504
-294.518545
-290.284547
-391.704485
-290.262632
-291.769893
-292.375287
-291.617282
-293.595250
-292.375863
-291.519654
-294.782668
-290.328389
-297.218222
-292.322635
-292.658640
-294.257001
-293.590225
-291.832820
-294.879237
-290.782468
-293.224333
-290.549918
-293.151238
-290.481876
-292.582290
-291.988558
-291.915133
-292.530225
-292.885769
-284.800073
-299.268260
-292.074045
-286.908563
-290.496418
-292.199346
-285.252017
-291.588735
-292.621651
-288.343776
-290.785506
-293.494683
-289.888999
-301.047750
-291.721378
-293.786093
-294.556639
-292.815015
-285.299268
-290.855400
-286.560848
-292.484699
-291.954039
-292.775940
-292.121579
-292.410349
-292.778047
-291.626330
-290.367809
-292.260892
-294.125848
-293.668543
-292.704371
-291.434431
-292.211577
-292.561598
-291.310333
-291.687352
-292.458018
-291.719167
-291.133063
-294.167334
-292.298990
-285.781773
-291.108654
-291.590912
-292.453551
-265.439584
-291.504902
-288.286544
-290.101773
-291.774351
-290.843899
-290.614804
-292.397017
-291.947975
-286.663839
-292.451062
-310.224982
-291.472348
-290.348156
-290.601243
-292.221843
-290.243847
-291.075733
-291.853763
-289.589466
-297.554205
-291.953458
-282.376787
-292.306967
-292.172264
-290.795163
-291.989098
-293.500684
-291.020169
-292.166636
-291.168654
-291.539503
-292.875856
-292.204615
-294.280294
-291.572716
-291.210399
-296.985601
-292.321498
-279.295720
-291.240698
-290.422822
-291.459935
-286.838698
-293.040497
-292.119882
-290.852291
-291.534381
-291.719798
-291.673869
-291.983452
-294.200133
-290.619968
-281.339283
-293.144664
-292.641837
-291.859647
-295.390593
-291.076198
-290.606489
-290.151597
-292.206090
-292.259744
-293.182158
-288.465220
-293.345200
-291.633723
-303.788482
-290.945989
-291.139321
-291.138487
-291.863054
-294.836157
-292.654959
-292.081880
-292.193387
-291.524483
-288.067679
-292.658218
-291.337282
-290.301165
-290.655680
-290.666934
-291.413868
-293.140724
-293.866882
-296.757396
-296.827126
-290.527566
-289.760625
-291.654575
-291.867059
-283.048007
-291.392756
-279.429336
-289.549923
-291.216763
-295.814257
-293.122384
-291.690620
-293.164582
-292.511842
-292.653993
-293.258398
-291.676707
-289.951114
-287.280499
-293.230630
-292.395062
-292.242235
-292.177192
-291.954636
-292.814141
-292.337303
-293.238250
-292.075408
-289.491735
-291.722817
-291.497923
-297.770632
-291.477750
-292.883780
-295.397088
-290.170219
-292.655981
-295.392350
-368.672660
-290.996152
-292.410290
-305.227484
-291.581172
-290.469347
-293.471385
-290.227084
-291.055569
-300.317975
-292.276884
-294.358922
-289.659888
-293.227420
-292.077855
221.900445
-304.523737
-283.955076
-292.973299
-292.380414
-292.165417
-292.231038
-296.096982
-306.267678
-292.530907
-291.522020
-295.300676
-291.071854
-290.461344
-294.226207
-361.051128
-292.748247
-291.818305
-292.157529
-291.827229
-292.637132
-291.864032
-292.703203
-291.074258
-291.940073
-289.868198
-291.446611
-293.076358
-292.242950
-292.708901
-292.099042
-291.769803
-294.917029
-293.843043
-291.810639
-292.419340
-294.322289
-290.644096
-291.114078
-296.701918
-291.225359
-294.669167
-293.809989
-286.255919
-291.612124
-291.210684
-296.918520
-291.752007
-290.992242
-291.929517
-297.590755
-292.266319
-293.326865
-287.623447
-290.895073
-291.873532
-291.799640
-293.714242
-291.959348
-290.481629
-292.699419
-287.520364
-291.650901
-290.358987
-290.429893
-290.856028
-298.317401
-291.883999
-292.537907
-292.502963
-284.837899
-269.715066
-290.508740
-287.825982
-293.051984
-291.286317
-292.386974
-290.466505
-292.886671
-290.045493
-293.245238
-292.408714
-293.352384
-291.271932
-291.924213
-290.377437
-292.447885
-291.330756
-287.234753
-291.406168
-291.890184
-292.079574
-293.522825
-289.250758
-291.722242
-292.016113
-291.796320
-292.650011
-290.578751
-291.840093
-292.400599
-291.296656
-296.703546
-291.972114
-292.620328
-291.882956
-292.337178
-290.772522
-293.000569
-291.334241
-297.379362
-292.266205
-291.577028
-289.165431
-291.656175
-292.263650
-293.697387
-289.070512
-291.931001
-293.115434
-291.943253
-323.317495
-295.126889
-291.134552
-297.590248
-292.154800
-291.960985
-292.795496
-290.646683
-291.016960
-292.097498
-292.481398
-290.983836
-292.112896
-290.421328
-272.935027
-292.945738
-293.998406
-291.618077
-293.608718
-293.477971
-293.018640
-282.224298
-281.656126
-292.093110
-292.312236
-291.924275
-282.816115
-291.385963
-292.188815
-292.652367
-292.323125
-308.387686
-291.566358
-293.416130
-295.812666
-291.781918
-292.617217
-292.457906
-292.301182
-292.254397
-292.240844
-292.889269
-292.228235
-291.395729
-289.931630
-292.042746
-290.415857
-283.518242
-288.495934
-293.878728
-289.838966
-292.152312
-291.997067
-291.753530
-290.655666
-292.278280
-288.856904
-291.892958
-291.160584
-291.456404
-291.808314
-292.677738
-239.237697
-289.687350
-291.000445
-294.668405
-293.677297
-292.176599
-292.480726
-290.954382
-290.220972
-325.057918
-291.988086
-292.669615
-292.208233
-290.455148
-290.124468
-289.239883
-293.672145
-292.580350
-291.613957
-291.658464
-293.072510
-287.929626
-289.910488
-301.857395
-282.884484
-292.077994
-292.461412
-291.644964
-291.167887
-289.936253
-292.458037
-290.837370
-292.992572
-290.163225
-291.895567
-291.522502
-291.312232
-294.418884
-290.310392
-293.215175
-292.880083
-291.866609
-291.771322
-293.119011
-291.015055
-292.453086
-294.285227
-289.084651
-294.453696
-285.925795
-292.710657
-301.573680
-291.376375
-292.303092
-279.848130
-290.981034
-291.734703
-307.777225
-290.064003
-291.454005
-289.033694
-290.894117
-289.694073
-288.870847
-295.946614
-291.229877
-231.558372
-315.066518
-296.002352
-279.842580
-292.667858
-292.834621
-292.074014
-289.077273
-291.988522
-292.516584
-297.530644
-292.426171
-292.032755
-291.211610
-294.407278
-296.421617
-291.941277
-292.542590
-282.901041
-292.727497
-290.924065
-291.867215
-286.149062
-291.773926
-292.621831
-292.006960
-292.417491
-290.238062
-289.143199
-295.016177
-294.522980
-290.536218
-288.903317
-290.834671
-293.143508
-291.703504
-290.276280
-291.943131
-292.479193
-291.677531
-293.648178
-291.633532
-292.056374
-291.377605
-293.087345
-292.916736
-292.960867
-292.095678
-290.946019
-291.045437
-290.717914
-295.719483
-292.343900
-293.228237
-290.458463
-292.715873
-291.655275
-292.116157
-293.219748
-292.844160
-291.318004
-297.589505
-291.147693
-265.851075
-292.638289
-282.081764
-291.656326
-242.216678
-297.272361
-290.147335
-294.300785
-290.271145
-298.900597
-291.528618
-291.825358
-292.228386
-291.139218
-292.126714
-291.395155
-294.374335
-293.493357
-271.130988
-292.606407
-291.273561
-292.781243
-291.560278
-291.555332
-291.768985
-292.637760
-289.665026
-295.915085
-293.290638
-292.938680
-293.954897
-291.668492
-290.935380
-290.576084
-292.721510
-291.760094
-300.294770
-291.707987
-291.352325
-292.746986
-291.771390
-291.051382
-315.066685
-290.991406
-310.303741
-291.540256
-292.427865
-285.300243
-291.714321
-290.471905
-287.015060
-291.827449
-293.895981
-290.946927
-288.660285
