-167.271764
-168.083405
-165.340549
-167.415005
-168.030643
-167.509050
-158.485735
-167.891126
-167.386828
-147.797485
-168.019666
-167.497505
-167.850895
-170.096182
-167.120923
-172.625021
-167.458469
-167.655347
-173.891079
-167.949501
-167.565054
-166.844680
-167.275027
-168.412306
-168.271239
-165.501331
-176.621974
-167.027584
-167.849307
-168.678824
-166.050598
-169.279610
-167.761553
-168.456347
-181.841439
-165.653478
-170.394510
-166.590340
-168.974797
-167.915531
-812.432794
-164.600889
-167.522883
-167.473547
-167.503659
-166.355288
-163.715030
-167.933141
-170.559054
-164.023358
-167.456686
-169.365318
-166.172733
-159.892895
-165.538089
-166.789567
-169.389599
-166.914591
-166.747456
-167.340431
-169.900037
-168.641670
-167.993673
-167.702797
-165.474338
-155.592286
-167.894693
-167.959291
-174.323811
-168.301132
-167.134648
-169.292226
-165.462124
-166.880642
-168.768219
-166.124589
-162.528610
-164.833453
-168.706994
-169.011990
-167.624764
-166.606318
-175.687697
-167.762629
-169.408199
-168.688518
-168.233890
-168.600089
-167.879163
-167.890882
-166.103604
-168.389566
-170.038812
-169.377027
-167.851312
-151.744735
-168.834137
-166.105467
-168.885348
-165.997560
-165.941445
-166.118744
-165.879351
-168.239064
-169.577839
-167.484768
-167.568200
-167.491212
-167.704622
-163.057402
-167.834043
-167.433979
-165.174882
-166.434461
-167.550067
-166.530259
-165.956807
-169.755733
-168.398366
-166.637097
-168.496853
-162.100356
-166.485709
-167.003444
-165.716597
-168.630477
-168.004313
-167.493920
-168.911343
-168.990604
-167.695959
-167.516017
-169.780661
-175.374738
-166.380625
-167.072035
-167.282793
-168.309514
-167.776137
-167.813571
-169.828397
-167.834163
-166.206811
-169.875166
-166.465043
-165.777862
-166.913405
-159.913674
-168.315538
-207.318212
-169.252370
-168.479521
-168.350126
-166.737157
-167.625000
-166.434537
-172.194814
-167.973160
-168.011893
-168.016674
-167.367109
-166.725913
-169.028596
-168.023487
-171.861002
-168.302730
-166.790700
-168.066564
-169.989961
-166.113719
-168.247387
-169.053132
-167.169190
-166.432932
-166.498407
-168.614681
-167.727331
-165.072452
-168.147833
-168.822076
-164.416081
-169.973969
-159.456349
-170.875703
-167.913066
-170.594951
-167.170396
-169.560638
-167.859352
-168.398123
-166.936958
-164.875087
-168.802039
-168.295509
-167.935368
-166.920120
-176.779199
-166.103875
-166.652556
-168.687872
-168.516127
-175.868148
-169.434305
-164.169308
-169.257211
-166.791198
-167.177595
-167.596089
-166.835775
-167.735673
-166.788068
-167.387313
-167.917601
-168.300525
-167.469789
-166.951901
-168.301708
-167.561072
-171.862377
-170.052871
-166.205870
-166.318176
-168.473220
-164.881168
-168.073991
-184.407961
-167.544610
-166.690396
-167.238088
-167.025411
-162.846340
-139.668734
-169.639764
-169.005545
-168.185238
-167.900777
-167.393947
-168.434648
-167.419112
-167.284358
-323.399988
-165.781641
-167.597482
-165.601236
-180.837684
-169.141694
-170.382537
-169.858518
-171.022667
-167.158560
-168.070654
-168.960486
-187.553881
-166.678312
-168.177594
-167.951195
-167.233074
-171.091822
-164.850074
-165.163638
-166.411741
-168.826635
-167.694462
-174.731033
-172.431187
-168.402106
-168.409604
-166.713389
-170.062050
-173.846353
-169.210523
-166.774368
-170.193540
-167.973224
-168.736521
-166.488289
-168.882784
-171.022752
-148.921031
-169.158598
-167.558758
-167.524992
-169.808831
-165.903783
-167.451186
-168.309263
-170.584602
-170.482948
-167.026601
-169.065848
-169.822897
-167.473966
-167.720286
-165.531769
-169.017343
-167.124963
-168.380886
-169.856736
-169.189627
-167.088067
-168.036432
-167.600553
-166.566970
-167.117873
-162.433126
-179.057425
-170.267189
-166.987368
-156.215317
-165.219213
-167.758601
-169.469428
-170.099008
-169.489250
-166.094613
-167.543870
-168.545568
-168.695456
-168.572630
-168.195244
-138.910625
-167.389271
-168.494044
-166.703218
-168.102098
-167.330557
-167.955908
-164.430199
-167.496591
-170.384518
-167.448097
-167.275104
-168.167326
-170.380480
-168.022703
-167.579223
-167.136828
-167.293234
-169.388855
-167.377724
-170.042762
-165.237878
-167.760702
-168.403814
-166.634863
-167.891952
-168.808955
-168.085623
-167.581032
-166.227697
-167.748181
-170.892005
-161.944371
-168.596585
-166.693235
-169.926031
-167.319761
-166.708611
-167.315516
-167.297196
-166.234090
-167.986030
-166.990017
-167.313427
-165.736236
-166.734999
-167.493502
-168.760831
-167.753389
-168.521156
-169.857593
-166.655502
-165.660212
-163.387755
-165.892363
-163.806639
-177.590302
-162.592700
-167.481595
-166.317958
-168.113993
-168.667716
-168.496772
-166.367859
-168.095517
-166.005495
-162.785352
-167.997463
-167.431991
-168.265022
-156.207869
-155.944433
-167.678416
-166.742303
-166.772336
-167.642444
-167.431696
-166.702453
-166.061519
-170.578547
-167.238846
-167.134933
-167.116089
-166.878258
-157.927515
-166.957971
-165.680195
-167.226576
-167.459240
-167.978183
-166.485342
-170.124673
-165.302894
-212.134174
-167.064206
-168.422612
-169.841978
-169.002779
-170.077729
-168.137743
-165.756419
-167.310343
-163.937515
-168.032733
-171.797250
-168.575635
-165.816012
-167.674576
-166.794015
-174.661074
-167.973778
-161.651920
-168.941070
-168.291586
-167.243020
-167.923665
-169.030907
-157.499999
-166.815771
-167.712063
-147.927271
-175.004079
-166.756929
-167.966768
-175.021997
-169.834881
-167.172548
-167.442815
-160.318480
-149.538083
-167.036581
-167.715666
-166.205019
-166.123285
-169.351215
-170.900031
-155.657036
-164.651370
-167.942165
-166.769413
-175.210965
-166.104136
-169.021588
-168.554939
-161.738390
-168.953851
-167.621426
-167.391352
-168.629758
-167.451668
-166.332316
-166.416800
-168.083894
-165.646585
-168.386033
-167.885479
-167.952145
-167.964552
-167.129395
-167.925773
-167.086179
-158.913388
-169.293801
-168.353370
-168.533601
-183.181842
-169.344598
-171.697199
-168.303787
-167.974961
-167.508519
-167.525543
-166.037620
-167.781486
-168.400858
-169.147000
-54.947082
-172.528574
-171.528041
-167.515515
-167.641180
-166.571753
-177.921115
-168.206746
-168.539796
-161.132499
-166.061085
-166.130328
-161.962571
-193.378954
-165.744374
-169.530793
-170.644578
-168.054922
-163.782137
-168.020195
-169.702889
-167.277716
-164.107659
-166.741363
-166.667510
-167.771154
-171.506233
-163.790979
-166.445997
-167.199473
-167.461917
-164.123942
-169.592198
-167.228801
-168.829159
-163.641727
-189.442671
-179.106627
-168.763106
-168.622689
-167.423965
-180.471267
-166.755233
-167.482618
-166.162736
-167.848652
-166.505104
-168.456257
-167.398533
-167.648226
-167.606082
-167.744773
-169.339671
-166.961073
-327.631300
-176.465680
-166.819373
-169.126181
-163.867776
-170.518892
-167.447239
-167.279810
-167.203577
-168.715777
-170.655498
-167.345923
-168.379488
-164.936172
-167.952699
-176.763932
-168.296471
-161.501331
-165.940603
-166.653285
-156.344219
-168.546226
-167.386728
-167.242923
-172.350134
-167.713687
-178.126647
-168.142610
-183.538487
-167.113975
-174.536192
-168.319562
-166.359164
-168.284203
-165.264785
-167.496150
-167.431565
-164.392799
-164.832837
-192.686890
-179.653373
-167.857270
-162.201970
-166.596076
-168.324513
-167.754069
-165.002061
-167.665593
-166.167135
-168.049321
-165.911288
-167.029636
-167.765475
-233.851343
-165.675148
-169.705850
-167.277821
-169.870512
-167.881271
-165.186568
-164.060275
-168.077393
-167.409009
-166.285954
-167.682939
-168.172876
-167.832490
-165.554329
-167.372963
-166.734549
-167.919059
-168.013784
-168.767492
-167.537092
-168.294184
-167.682124
-163.078151
-168.109073
-164.750132
-167.535161
-167.917342
-204.904686
-171.890137
-167.266269
-100.730473
-179.458167
-163.180246
-173.933744
-166.771000
-163.157426
-167.111783
-168.512941
2085.382110
-166.063930
-168.587765
-166.725337
-167.950126
-167.160799
-168.463815
-166.792246
-168.945444
-166.657121
-166.230753
-167.497865
-166.463405
-163.990359
-168.886697
-168.163186
-169.031154
-167.048201
-167.526772
-168.908976
-174.051477
-166.031818
-162.805330
-166.576736
-168.352408
-167.130729
-168.265853
-165.498606
-168.797071
-171.866699
-173.579028
-165.061870
-170.178769
-482.713293
-160.587899
-172.992759
-168.157167
-168.354695
-163.842477
-157.674661
-170.275188
-168.261861
-166.819751
-167.100835
-163.934948
-167.046274
-167.708856
-169.746470
-169.475875
-167.029706
-168.533079
-169.271357
-166.798872
-166.647479
-167.216673
-170.293003
-168.089059
-167.265812
-148.785888
-169.705096
-166.779782
-165.368922
-166.236009
-165.336787
-166.959770
-170.351453
-163.508799
-170.017726
-731.232843
-168.124633
-167.010457
-169.588505
-168.399130
-152.806253
-158.476997
-167.788498
-166.987620
-162.688832
-167.825431
-168.914024
-168.376439
-167.250038
-169.543735
-167.853760
-171.908123
-166.610367
-167.911579
-167.711691
-178.975421
-159.595844
-168.315923
-167.528254
-168.040743
-167.221953
-167.589000
-166.258526
-171.202811
-166.735557
-170.674143
-166.342584
-167.723396
-164.152223
-161.706793
-167.702528
-164.446669
-169.883817
-170.470110
-164.616532
-161.289958
-169.027759
-167.776547
-167.351782
-167.873268
-165.774717
-168.936040
-164.502188
-167.781451
-163.732571
-172.957262
-161.087362
-169.847040
-150.366383
-167.358550
-176.056436
-170.179105
-168.071169
-115.614009
-166.224955
-166.913626
-167.563513
-167.960815
-167.349444
-166.208622
-168.629928
-169.971582
-168.235746
-173.186473
-167.751271
-169.069685
-166.839941
-165.094261
-159.236165
-167.021268
-169.576593
-166.017681
-167.976760
-170.666821
-167.491541
-167.495721
-167.325607
-162.898616
-167.339339
-155.420097
-167.209643
-166.059973
-167.616437
-167.788647
-167.135527
-167.950631
-168.042913
-167.473609
-168.081968
-166.726015
-167.683568
-166.673553
-167.611824
-164.149326
-167.431558
-167.473602
-166.660473
-167.848389
-307.152428
-167.744890
-168.553955
-168.869612
-164.198175
-169.489020
-167.123344
-169.434723
-168.880648
-169.708761
-167.595235
-168.083405
-206.047573
-167.236164
-167.056941
-167.767268
-168.278568
-167.973658
-167.966361
-168.143869
-167.168623
-166.744669
-168.133070
-165.980758
-167.296433
-167.800743
-167.471876
-166.407599
-169.174416
-169.735850
-166.122458
-169.047754
-167.817650
-168.237447
-166.939879
-169.880037
-166.984716
-172.292855
-168.551089
-168.932065
-168.866474
-166.218690
-172.291386
-167.920267
-195.034777
-166.426987
-170.812279
-169.877687
-166.275139
-166.951218
-167.418594
-171.003006
-173.584723
-168.115545
-170.760141
-167.987203
-168.206922
-167.050858
-168.171159
-168.235396
-168.114664
-166.958213
-171.317386
-166.822200
-166.612640
-172.697092
-167.347788
-170.007926
-167.113219
-167.142327
-169.096336
-164.190841
-168.497541
-164.091419
-170.242391
-168.276382
-167.602811
-171.071629
-168.521165
-168.605505
-168.428671
-168.479312
-166.718196
-168.416404
-165.088053
-164.070918
-157.849999
-167.804449
-168.051992
-167.864526
-168.775795
-166.193696
-165.291552
-169.461686
-172.240000
-169.910056
-169.789256
-166.295432
-167.706986
-166.947852
-167.051010
-170.278463
-167.846339
-170.603231
-170.899261
-168.585732
-166.594890
-170.001501
-167.590611
-163.479293
-244.893167
-165.829903
-170.499028
-168.353118
-166.619803
-167.039568
-168.024291
-165.619704
-166.828034
-166.664853
-166.801530
-170.053542
-167.165014
-167.394928
-168.186845
-152.891240
-178.449657
-167.956735
-166.356486
-165.532317
-167.153024
-169.746422
-167.838829
-193.130659
-166.207114
-168.342968
-164.925564
-169.064391
-167.440212
-167.625021
2.853415
-165.720538
-167.373417
-167.495610
-164.981700
-162.346034
-169.689480
-165.873371
-167.627017
-191.869383
-166.085952
-167.306297
-169.219883
-184.636395
-168.217179
-167.725593
-167.670362
-167.771226
-167.549214
-169.156786
-168.483656
-166.679652
-167.920394
-160.152602
-166.867136
-167.859971
-167.606684
-166.265171
-165.235574
-166.421393
-168.469501
-166.690886
-167.472056
-166.599207
-167.658585
-168.798355
-168.763357
-168.165805
-167.656797
-167.700123
-169.898397
-167.602187
-163.966858
-165.205512
-171.948342
-167.773987
-167.576639
