110.601978
113.158721
113.312638
114.121953
112.296162
114.239091
111.559909
122.863045
111.872702
111.273079
109.184937
109.510072
102.252848
112.173449
114.307003
113.433633
116.736917
113.260677
110.431743
113.638768
113.803686
112.559387
368.444706
118.151700
112.684001
103.647201
113.029139
112.990042
103.526075
112.477913
114.324778
110.893352
112.926180
115.693368
113.612338
112.690976
110.936801
113.814206
113.438070
119.561375
112.015242
111.538401
113.073555
111.266957
114.933829
113.200670
117.803407
113.784787
113.010143
112.073916
107.726241
119.410821
112.323742
113.157429
113.508199
112.919214
111.016823
113.056181
112.825514
111.213345
112.294623
112.023202
113.990336
57.942628
113.149144
113.424001
113.556746
112.295032
111.611126
114.663317
113.099020
113.646591
124.800296
111.962830
113.207413
47.915189
112.680905
112.592363
113.082748
111.666231
118.841874
113.165450
111.060662
115.552541
112.034778
114.818121
113.675757
114.547914
110.447347
108.567151
113.166426
111.334298
111.804160
104.301121
112.453832
116.282528
114.032309
113.476533
112.460178
112.097201
113.921577
111.450909
120.325872
113.623950
111.501667
104.234665
113.407059
112.324033
111.843486
111.238600
112.572943
111.028061
112.749834
112.263513
134.598444
117.352385
107.408620
110.984622
112.392906
116.619623
115.424589
109.138604
115.142410
115.938396
112.594040
110.765180
112.749160
113.283488
114.897023
116.329951
113.547891
111.710648
121.443379
113.030664
122.148205
113.217845
114.521288
108.092837
112.442483
129.847113
118.332472
122.913405
111.528891
112.214269
109.367242
113.839576
112.860412
113.601214
112.857743
114.519017
111.076486
115.880311
110.900387
115.096457
113.146516
126.323528
114.750793
109.352793
112.275857
114.360794
113.676310
137.541857
112.756027
112.581636
111.666408
110.405630
113.713396
110.089239
110.857973
113.383648
109.537636
114.251006
112.660926
112.918007
112.871982
115.321194
120.193957
113.088213
111.382147
112.322257
113.185706
112.461629
111.017613
112.662157
114.636017
113.140479
119.086949
109.089894
112.293945
109.973972
113.935752
111.930454
112.617788
123.946573
112.956022
111.263159
112.150168
112.447791
111.208277
112.812648
112.734264
112.203538
115.589400
111.867840
111.133922
112.086232
112.441478
112.539478
106.976476
110.877841
115.632692
114.400185
113.725313
112.555780
121.092188
112.959922
112.121047
111.533077
114.011137
114.176329
112.646940
115.531367
111.912508
111.319258
111.158499
109.937920
111.778460
113.457300
114.077436
116.162194
113.788953
111.165225
113.855811
121.670440
109.674080
111.535098
114.009354
112.891603
114.613439
112.220757
111.368985
111.954003
110.855633
111.355200
113.562338
112.927302
112.809055
112.624216
108.179707
115.870090
111.443587
110.570544
114.834795
112.481326
115.260539
112.337126
113.584010
111.195214
112.919697
166.077030
111.897781
112.784021
113.025212
113.436440
107.249320
145.505226
112.734101
112.919241
136.190411
115.149340
111.399771
113.313923
114.436984
112.946562
114.514318
113.421894
114.921332
112.975259
113.983127
112.287343
113.464309
113.803898
112.042975
142.336838
115.352051
115.221012
112.033841
115.649693
112.128836
114.945997
112.593092
115.220935
112.971572
111.098911
113.044778
112.097118
113.819898
107.248686
113.408971
113.151874
113.029422
188.397772
111.453485
112.793632
119.173201
112.081504
112.640477
112.971372
123.580878
112.853164
112.810591
105.943493
111.788387
113.952683
111.856516
113.000589
112.671607
112.779197
111.955346
112.984001
112.801465
112.836087
149.832620
113.309912
113.319233
112.936335
166.961235
112.783785
110.768067
100.777457
111.218633
111.184319
116.971817
110.428830
110.739400
112.336393
112.111796
113.882986
111.426574
111.432422
114.167208
112.592714
122.952449
83.880770
103.743613
103.932597
112.598602
102.841891
113.648314
113.671379
111.506114
113.317640
115.667592
112.812873
116.478042
105.286048
113.510606
135.950129
111.970375
111.103030
-5734.456288
110.827649
111.405699
110.818762
115.048301
112.895089
112.395572
115.475110
112.644921
71.206441
112.725603
113.120738
118.193204
111.253250
113.928559
116.369250
108.372408
108.940937
113.628455
112.486658
113.710857
113.040394
110.757376
111.769867
123.398713
113.140898
112.050973
103.103317
114.043821
110.869974
113.228520
113.408313
112.045883
113.150563
112.332131
113.197818
113.278257
101.084916
113.864798
135.187337
114.458072
112.326505
115.397196
112.944667
113.974910
117.078663
112.686064
126.184873
113.029760
114.093535
108.349468
112.584725
113.090355
111.741444
103.782790
112.846787
113.223973
114.560562
113.826113
120.992073
112.140592
109.354778
112.681909
112.412587
112.363742
113.377577
116.764889
116.405552
111.105913
112.311093
113.086692
112.807453
112.900002
113.502085
117.238093
112.936827
-55.640326
108.286443
120.099407
113.757748
113.102432
113.905375
111.864889
125.320116
112.329781
112.363723
110.138529
113.369603
113.050872
113.050220
119.090995
115.409374
115.003294
109.964033
113.127464
107.462730
114.911379
113.488995
114.079513
113.333243
114.498386
112.776282
113.782436
104.495798
111.162143
113.271957
114.200002
112.937814
117.180804
114.156803
113.123388
112.467485
112.287964
107.100398
112.968130
155.006013
112.369508
117.548629
113.051076
111.992036
118.497789
114.329331
112.360032
111.327349
111.732443
112.951502
113.413685
113.141435
112.291782
110.615048
112.374770
113.167337
111.466362
114.451516
128.343054
114.265989
110.441880
114.960048
117.973846
189.237721
110.899968
113.299822
112.298947
112.323066
112.056305
113.146563
112.612651
112.826286
121.946946
112.695732
106.493648
111.507925
113.899310
115.189548
112.776551
112.115013
114.210486
116.374892
113.194540
114.299476
111.265593
112.343251
112.366016
116.182767
117.628209
112.467070
110.138893
113.928955
130.885873
112.628791
111.401306
118.336120
115.211086
111.948784
112.334221
119.932854
112.507482
113.209011
116.185598
113.201364
114.715438
111.822321
111.007739
112.724031
112.581670
120.506585
112.167950
111.507382
117.271113
111.932136
110.387460
110.646013
116.110195
112.220252
116.639847
112.913268
111.162498
112.381094
112.008315
114.966287
113.444186
112.630794
111.370653
113.415444
122.718428
111.558085
116.747531
114.200329
114.178650
113.415321
112.511434
112.845430
114.134870
107.645785
111.592339
110.963160
112.013373
115.804549
115.213461
113.694541
112.734236
103.850494
110.887450
114.043369
112.755915
112.422004
115.584459
113.689369
113.124812
114.421115
113.582718
112.085074
-2.029918
111.283340
113.633498
112.744225
112.643886
119.697720
132.591123
113.444235
111.641869
112.981219
112.843993
114.106698
95.517457
112.851986
110.181849
110.769124
112.763390
84.081949
111.586668
115.090439
112.187888
112.417965
113.540921
114.378549
114.110605
113.013509
113.612692
112.572693
114.359744
114.251607
114.170767
176.265761
114.329063
111.851578
112.232654
113.850843
114.315025
112.607184
112.669557
113.365571
113.109201
114.009659
112.635995
113.412642
121.143686
115.273812
109.971475
112.951529
113.136910
112.942993
113.303291
112.777375
115.838391
111.221299
92.547874
113.085034
111.893636
110.746334
106.964546
113.080617
113.756862
114.204868
112.307520
112.313198
112.297810
113.966485
112.883134
109.695103
113.708539
112.659652
112.584339
111.073518
110.226428
111.960683
113.000939
112.862930
112.356089
115.216913
113.465495
114.106334
113.459363
112.740968
114.454564
112.943075
114.392377
112.398492
113.257010
113.488150
114.113318
113.273180
113.170400
112.542202
112.356679
112.857130
116.342693
108.119008
112.476601
112.492051
113.898101
183.230877
110.528536
113.288365
113.335806
119.969744
63.526674
113.558486
112.085789
106.468174
112.708869
102.782278
112.631262
111.386278
110.582620
112.168506
114.293815
123.924884
112.412086
112.038204
140.436771
112.822018
112.501567
114.511027
112.502857
113.608692
112.972856
113.123516
116.250642
111.720583
111.799389
113.413798
111.121349
115.853740
112.470054
111.059100
113.085046
113.290339
111.619749
113.133917
113.110594
114.581059
113.847420
114.382509
112.687806
112.353996
112.498744
113.010534
114.068918
113.917355
113.059479
112.680575
113.510663
110.750803
111.748925
111.826762
112.546593
112.439325
115.491828
22.261725
171.488300
111.226937
111.276844
113.881662
111.835065
109.894392
114.192962
113.146903
113.195894
111.750828
114.180713
111.079475
112.036525
113.446181
113.613493
112.684354
126.947707
112.125683
112.988462
111.471890
113.162993
112.779206
116.681902
112.804246
110.795054
113.256731
105.620984
112.837202
112.750302
110.035988
125.457401
112.515331
113.344205
117.934389
111.233809
112.851946
112.256707
111.613621
113.206150
113.007878
113.007686
110.626104
109.677746
111.622771
112.080009
113.977813
111.956723
111.923070
111.902713
176.490218
113.376194
112.020921
114.267561
112.653855
109.521059
109.696927
114.774676
112.782188
115.260539
113.261321
112.648236
109.422333
109.978979
119.265152
113.282266
113.186123
113.500096
112.808096
113.188262
110.843194
112.644826
112.844095
126.672216
96.719764
112.862467
113.203296
122.533643
112.209818
116.781849
101.630043
111.270659
108.731038
110.048941
112.108795
112.794039
112.765963
113.121009
119.542307
113.017480
114.051408
110.188054
106.390182
109.832546
116.324380
112.372078
108.607569
103.397992
111.607421
114.164379
113.683939
112.294954
114.453878
118.775567
112.093772
111.397516
110.879896
113.960252
112.030843
114.251695
112.454323
115.283473
112.535264
113.448535
109.024785
114.359469
112.385454
116.071420
112.917190
121.762703
111.458451
114.068182
112.348474
114.759533
113.005915
112.802978
112.235758
70.577653
116.694600
113.337608
111.580169
109.893285
113.231631
102.985881
112.415476
113.001760
112.793590
113.381272
113.465727
112.063267
113.304392
113.519856
113.427913
112.522769
114.382009
113.278561
111.390400
120.682611
113.288502
112.902354
113.300931
126.771561
113.995029
112.275889
112.161927
112.174262
113.956693
113.647922
112.878439
110.880118
111.661148
112.832535
112.543045
113.119639
112.299009
112.227119
113.302465
114.091514
113.235219
110.997371
116.019682
113.171868
110.268125
113.728648
104.990712
115.230243
112.611970
114.069372
112.111135
112.887632
116.405460
112.543979
245.957944
114.170816
113.375962
116.083934
111.828003
112.274761
126.739064
113.234266
114.134862
113.278808
114.213278
115.177516
113.539568
118.898380
105.805460
110.944039
112.205982
113.172548
112.899718
113.473791
113.347092
111.745310
114.585837
138.843053
110.732626
112.724826
113.784679
122.752401
113.294219
115.815416
97.057864
111.769134
113.634638
111.656870
114.026619
112.741775
113.839807
112.641295
103.855697
113.737568
111.114738
112.469100
113.515750
95.814707
113.808720
110.564934
114.113940
112.395775
112.238550
114.013194
113.327310
112.698256
112.318130
112.844033
112.477974
112.008128
112.111748
113.980944
111.102041
112.583260
112.703674
112.593860
113.570284
113.180201
144.423691
110.606320
112.842306
118.937459
115.564304
