-274.682521
-280.915096
-281.195660
-282.506737
-282.057384
-280.455029
-284.319599
-282.526545
-282.978737
-279.655457
-283.319090
-286.166704
-279.735113
-281.404817
-281.907125
-279.494659
-287.353473
-286.173064
-282.098253
-284.254357
-279.979046
-283.144190
-280.095000
-283.021734
-273.459780
-282.780902
-282.241596
-282.431750
-280.574192
-284.463516
-282.411339
-281.693953
-281.139031
-281.324720
-273.234809
-282.180418
-284.543199
-284.909631
-284.717640
-283.093036
-282.016669
-282.085026
-280.881130
-280.595114
-281.131899
-281.771545
-281.326143
-281.206608
-285.478994
-279.224222
-281.017836
-281.021031
-280.814100
-282.105421
-283.088163
-281.964627
-281.588424
-281.945318
-285.462061
-283.209739
-361.003976
-281.783897
-257.142222
-281.850998
-280.124270
-282.586086
-283.507585
-283.368653
-280.150395
-280.314715
-279.162481
-280.967004
-274.969211
-282.224375
-283.260606
-281.354381
-281.152419
-279.912488
-281.046912
-282.467518
-282.859749
-269.017323
-283.318754
-278.072181
-282.634058
-281.407102
-279.844334
-282.285584
-282.153573
-281.274644
-220.300747
-281.553581
-281.868967
-268.960083
-282.249157
-279.812620
-281.079556
-278.459801
-278.442645
-280.689502
-281.360139
-288.690929
-279.587800
-281.956681
-280.288834
-281.936604
-280.429419
-282.291030
-281.942382
-281.947117
-282.860803
-281.818010
-279.392428
-278.778515
-276.260386
-285.687229
-282.809432
-286.535273
-276.093309
-282.173212
-279.973190
-282.243448
-281.544550
-279.517811
-284.944207
-285.096155
-284.597097
-288.900170
-281.432721
-281.741058
-252.329600
-284.194471
-283.357099
-282.303836
-289.813630
-281.717223
-280.752178
-282.889230
-281.067639
-281.504997
-282.182532
-287.071421
-290.932673
-283.140451
-279.295983
-307.450030
-280.855960
-282.513603
-281.177233
-282.178448
-281.283158
-281.836361
-282.346522
-281.621818
-283.609535
-294.117440
-282.971757
-272.313492
-297.214242
-281.936021
-281.722536
-282.598224
-279.836148
-282.878149
-281.969202
-281.841458
-281.958951
-281.243953
-286.032477
-282.302052
-288.301012
-280.107036
-281.379281
-280.729905
-283.325434
-281.198347
-698.278687
-279.712413
-282.469784
-281.476641
-278.684658
-290.663320
-285.292795
-217.410786
-273.060700
-281.473735
-279.368122
-283.338420
-283.389742
-281.846265
-284.457917
-282.351193
-282.002257
-281.527823
-282.559794
-280.429875
-281.477039
-282.944558
-281.458735
-280.251429
-282.076939
-283.047072
-277.310090
-277.727588
-281.311910
-292.752671
-283.318712
-287.367911
-284.392079
-282.212405
-282.200298
-283.095743
-282.565098
-282.727204
-282.577546
-281.193682
-279.484356
-282.212972
-282.245023
-281.228182
-281.456280
-279.367580
-280.798870
-281.955549
-289.591712
-279.681551
-283.504211
-282.088076
-282.812917
-282.682839
-290.851878
-281.652176
-281.612490
-281.212707
-280.921662
-281.461781
-280.908024
-283.801699
-280.990863
-281.031961
-280.120376
-280.510014
-281.568939
-281.608416
-280.844523
-280.111796
-281.362983
-280.925682
-281.742694
-3966.893247
-278.787027
-271.055503
-289.872571
-282.159561
-280.964477
-281.951690
-280.795618
-285.892117
-282.583741
-281.706179
-282.173302
-282.781280
-282.068821
-281.541640
-280.563846
-281.719403
-282.528023
-285.657489
-289.049315
-281.694994
-282.245886
-281.001897
-282.104544
-276.044077
-280.704439
-284.867275
-281.845224
-280.890766
-276.773332
-281.982009
-281.498815
-281.016561
-281.210024
-279.366110
-265.323452
-279.647829
-280.627819
-282.521232
-281.265722
-282.588537
-280.396072
-282.367002
-281.159423
-280.493875
-280.152707
-280.155437
-282.396589
-282.712604
-294.274128
-279.970704
-281.278875
-277.123920
-280.915183
-290.361851
-281.415191
-275.909145
-281.955320
-280.940163
-284.462741
-282.042233
-282.085450
-283.751888
-281.328547
-284.972578
-251.411249
-282.070568
-283.528363
-285.852481
-283.759001
-280.948241
-282.031148
-283.586319
-278.196097
-281.407370
-282.430034
-282.098067
-283.268314
-281.639212
-282.649849
-284.118101
-273.410898
-283.924443
-270.016958
-275.077809
-281.287953
-282.037580
-278.846403
-282.137727
-282.321612
-281.913140
-282.086162
-281.347900
-282.790151
-282.983883
-273.739269
-282.161621
-281.174862
-268.512733
-282.049748
-281.007942
-281.698142
-284.639818
-280.901502
-280.518111
-282.162277
-283.143373
-281.640798
-282.869911
-282.070953
-280.168095
-278.302530
-282.417909
-281.698181
-284.030665
-282.358012
-278.556045
-279.219805
-281.018525
-280.386056
-283.469246
-281.276589
-285.640272
-281.968214
-278.052370
-282.544983
-281.204160
-282.554784
-283.339392
-278.260091
-285.434457
-281.510365
-281.738467
-288.572709
-275.545407
-282.530886
-282.849433
-283.751072
-273.473826
-270.894025
-281.554869
-281.650901
-282.710551
-282.428829
-280.922703
-282.142139
-283.297614
-277.243461
-282.448241
-280.382286
-278.677554
-280.270488
-285.417714
-283.433591
-281.139250
-280.681859
-281.789758
-281.932565
-282.723369
-278.578177
-280.861063
-280.782874
-281.979757
-282.068213
-283.592896
-340.637219
-281.761081
-283.082017
-280.622212
-281.544156
-280.091780
-281.574401
-283.232540
-282.063095
-305.418292
-292.692691
-281.290104
-281.320777
-281.850344
-282.612581
-283.782606
-283.130337
-280.401689
-279.377335
-282.079562
-281.244744
-290.381527
-282.734043
-278.372681
-281.298449
-282.079681
-283.883078
-280.650107
-281.390388
-281.589945
-281.469106
-281.371145
-282.794589
-278.830621
-281.899985
-282.090479
-308.752101
-280.973180
-281.989792
-282.285788
-281.246637
-281.197512
-262.403201
-282.632448
-284.429057
-281.355948
-281.278270
-281.719759
-282.768502
-283.332306
-280.442178
-280.890869
-281.272983
-283.317585
-282.241833
-281.716781
-279.482932
-279.624769
-280.916094
-284.318607
-279.318055
-266.803458
-283.725204
-284.393958
-282.782826
-284.123109
-282.472500
-280.885699
-282.616872
-279.943236
-279.971223
-316.307393
-284.884724
-282.415237
-282.342460
-283.980725
-281.738376
-281.666072
-283.651818
-281.664023
-279.865593
-281.589085
-282.238936
-285.458434
-281.899836
-282.216720
-280.467349
-280.659522
-281.131291
-282.771964
-282.777207
-282.777483
-281.210361
-278.623454
-281.645156
-283.284218
-283.906302
-281.635525
-286.367034
-279.660684
-276.145924
-282.312162
-284.011644
-274.788896
-281.609126
-279.826119
-281.604161
-281.367347
-282.906767
-281.606353
-282.465261
-285.833007
-283.670529
-282.007576
-281.278869
-280.979214
-282.254173
-282.626193
-284.811851
-278.874585
-283.092980
-268.760487
-284.882811
-285.724833
-281.875962
-282.289384
-282.648469
-281.097073
-283.405562
-282.666370
-281.979145
-282.934335
-282.611568
-282.743573
-283.628071
-282.605936
-285.127715
-280.785550
-281.284854
-281.470939
-283.462542
-280.968774
-282.791580
-283.005110
-280.743671
-281.502277
-281.660278
-280.541885
-279.709415
-282.045225
-283.130923
-278.857989
-282.857195
-282.047197
-279.097756
-277.149691
-276.207644
-278.434505
-281.902909
-284.841330
-285.521817
-283.188064
-282.407237
-284.947424
-281.614849
-281.137372
-275.605617
-281.365713
-281.764509
-282.885049
-280.822167
-280.933862
-281.004676
-280.240302
-281.348925
-282.505156
-282.983490
-280.754034
-285.205239
-278.458264
-282.903433
-281.387754
-281.419825
-282.539044
-282.950189
-281.712202
-282.405868
-287.732654
-281.623835
-281.962807
-280.501995
-281.958009
-281.243471
-281.790181
-281.995285
-281.263535
-284.094348
-279.656900
-285.190020
-281.491214
-281.892541
-282.178556
-282.187863
-282.925982
-283.552517
-287.757489
-265.277774
-282.399457
-279.321317
-281.253494
-282.697271
-281.726978
-283.034884
-281.924964
-281.556517
-279.198059
-281.364005
-279.778066
-267.052913
-282.130204
-281.727905
-282.933786
-281.306750
-280.229593
-282.413505
-281.446564
-280.137079
-282.635274
-281.566992
-283.696036
-279.818649
-281.754787
-278.000087
-278.325421
-281.575999
-283.495698
-281.952066
-282.678285
-282.021969
-283.673638
-282.135713
-282.838659
-279.879315
-283.102388
-276.762899
-281.769870
-282.532990
-281.081161
-282.203516
-272.870575
-284.178000
-281.265553
-281.328132
-282.413241
-281.848327
-281.669953
-281.800452
-281.311268
-282.677725
-282.975895
-277.833949
-277.007000
-279.745144
-282.138867
-281.563767
-280.586017
-288.482531
-284.712409
-282.101840
-281.213107
-281.289601
-281.870063
-248.865921
-297.167483
-280.900079
-283.030313
-281.952550
-283.976656
-281.518178
-285.523246
-275.486715
-281.856952
-280.096259
-281.621528
-280.494724
-281.713194
-282.170557
-282.482090
-281.793840
-281.832237
-276.334702
-280.091856
-279.870640
-282.763769
-281.634123
-280.522092
-282.073754
-283.132337
-285.572668
-282.922057
-282.958498
-282.082475
-287.400697
-272.790438
-282.076112
-280.702111
-281.724858
-275.023907
-283.142147
-282.325806
-284.020862
-283.183397
-287.891124
-282.036046
-282.865285
-283.361766
-281.916779
-281.959720
-282.421160
-282.583529
-283.010552
-283.628083
-281.692121
-281.454603
-278.695322
-280.285396
-285.439530
-281.769013
-281.586302
-282.865132
-282.485106
-283.106984
-282.967101
-277.826562
-280.656779
-287.341931
-282.988337
-280.899708
-278.031306
-280.498986
-281.648257
-280.151104
-283.225085
-285.050184
-283.642820
-281.090647
-281.821623
-283.050227
-282.303311
-279.425629
-281.739418
-281.441104
-286.711852
-282.681633
-281.894665
-282.936618
-284.485043
-281.757014
-281.850047
-281.335967
-283.703432
-281.812673
-281.908154
-279.920321
-280.185708
-297.621294
-281.449394
-282.616430
-279.105486
-278.895736
-282.758783
-282.358360
-273.964365
-282.798898
-282.846535
-283.067862
-280.975626
-282.016362
-277.318428
-280.476682
-279.068731
-279.891773
-282.406881
-280.912961
-282.595310
-281.583762
-278.199984
-280.391476
-282.362078
-281.909070
-279.935471
-282.354055
-274.744028
-282.346203
-282.701617
-279.051795
-283.476959
-263.621121
-280.092491
-281.862797
-280.385843
-281.617029
-282.927362
-279.859100
-281.752170
-281.435144
-282.648282
-281.744191
-282.814236
-281.483463
-283.442298
-283.228474
-280.811160
-282.214677
-286.477477
-284.486493
-281.325272
-281.511073
-279.800876
-281.982191
-283.054745
-279.258153
-281.396133
-278.054010
-281.641122
-281.972992
-281.670426
-281.374604
-281.786116
-223.608626
-281.795631
-316.683778
-281.862051
-281.891657
-281.634609
-283.781865
-281.179571
-281.210277
-281.300939
-282.035159
-282.018766
-282.236536
-282.319253
-281.180299
-284.217758
-283.197641
-281.892945
-280.669873
-284.059486
-281.600836
-274.110992
-290.565923
-285.181462
-283.124094
-274.616601
-281.083610
-284.613483
-281.680785
-276.469749
-281.395069
-210.037481
-282.092270
-283.289543
-279.760191
-282.007447
-283.077093
-282.432246
-276.932315
-282.760303
-281.025450
-279.310563
-282.364245
-281.804730
-281.456385
-279.483015
-281.658501
-282.271522
-281.452516
-282.325441
-282.609425
-28.481470
-270.509752
-282.374022
-281.165095
-281.349835
-281.321783
-283.080273
-283.228283
-281.486478
-281.481616
-281.661890
-282.005506
-282.611239
-282.635272
-281.517294
-280.667564
-792.447534
-282.254340
-281.022790
-284.082383
-280.487125
-282.759725
-283.393826
-286.680437
-280.701821
-280.993440
-281.427873
-280.206966
-283.087734
-283.526910
-282.008987
-279.464870
-281.187324
-282.036653
-280.311409
-275.801349
-280.009035
-286.794129
-271.112528
-276.907317
-282.795561
-281.798060
-280.830098
-282.956274
-285.293210
-282.853253
-281.832302
-281.241352
-278.626874
-281.573608
-280.107648
-281.488100
-281.398791
-281.626303
-273.660258
-282.826175
-282.380676
-282.583790
-285.624794
-279.578524
-306.958808
-281.406527
-281.714045
-284.927776
-281.789045
-281.905098
-282.984376
-283.306065
-141.363560
-284.086050
-289.462571
-282.215856
-280.332082
-335.383814
-282.251875
-282.094727
-281.084257
-280.212797
-279.271211
-280.920035
-281.329316
-279.480306
-281.918529
-282.064113
-276.914838
-284.619296
-283.394372
-232.145036
-281.641051
-282.236369
-282.002738
-276.418663
-281.750769
-280.250798
-286.056525
-282.900317
-282.723904
-281.300658
-282.800522
-282.017787
-280.466722
-285.014413
-281.466634
-278.666136
-282.920956
-282.754183
