-312.627753
-325.711600
-322.633748
-321.333595
-324.619932
-329.949534
-323.869524
-325.367720
-325.686830
-325.414539
-325.320309
-328.777839
-323.030186
-325.517040
-324.924243
-326.103099
-324.186870
-324.773074
-325.254823
-325.276996
-325.590058
-322.539640
-325.022595
-325.756152
-321.706429
-324.503480
-324.295125
-320.932476
-327.204181
-325.009324
-325.030998
-314.633739
-324.475786
-327.092139
-324.537731
-325.314285
-320.308315
-304.131935
-325.130622
-326.567961
-326.608483
-325.296157
-309.826238
-319.336426
-325.881723
-324.546686
-324.283405
-316.732909
-331.181775
-325.516560
-325.102692
-328.808437
-327.586829
-325.285964
-324.364296
-325.278405
-315.016249
-311.241573
-323.710678
-323.441236
-329.237453
-327.038586
-323.062812
-325.442980
-333.299758
-324.430511
-325.576961
-324.873630
-324.663469
-325.921266
-323.545788
-326.506003
-325.938074
-324.171581
-280.308818
-324.944405
-325.098309
-323.162532
-324.006537
-325.915014
-325.813091
-326.881516
-325.793670
-329.055006
-324.073293
-325.597190
-331.907796
-324.900155
-325.369342
-324.687049
-327.647829
-326.512438
-326.480427
-329.381223
-323.435569
-330.722673
-328.082621
-325.902237
-514.017904
-324.671988
-324.315959
-324.543438
-323.768812
-325.777632
-322.643026
-316.502006
-324.186346
-324.930363
-324.842314
-324.181333
-324.978248
-341.620774
-324.559057
-325.252952
-319.441656
-323.831970
-326.020595
-326.728372
-324.418514
-323.565851
-325.771495
-323.400285
-325.797176
-325.327990
-325.292641
-323.602288
-325.196325
-323.679861
-325.308718
-322.478756
-321.068828
-325.492250
-335.464418
-326.103299
-319.593492
-327.477215
-319.004290
-325.363326
-325.479417
-324.260254
-324.593825
-326.242317
-325.906304
-325.107205
-325.686653
-325.593089
-329.213262
-324.848191
-325.842808
-325.648556
-322.263580
-326.400297
-325.309639
-324.347665
-326.257262
-324.168223
-324.469799
-324.789703
-325.051384
-322.306471
-325.672119
-326.387582
-327.175351
-325.950612
-324.561442
-325.050769
-325.346591
-325.723237
-326.858756
-1393.964059
-324.301394
-324.542394
-324.741409
-253.646004
-316.360294
-325.673107
-330.066617
-324.490322
-332.889249
-327.505449
-338.158900
-325.027551
-325.171815
-325.106034
-329.262008
-326.183903
-344.496664
-325.322132
-322.082273
-324.745712
-325.103348
-325.009697
-322.114594
-321.055642
-325.537386
-325.837432
-325.194022
-324.688472
-325.699728
-312.855165
-323.812608
-325.992805
-323.200073
-325.188425
-324.448514
-324.254783
-325.490226
-323.751423
-325.135608
-327.011615
-325.313398
-325.399103
-324.343000
-325.121881
-325.790362
-316.454772
-325.448195
-324.440854
-304.017775
-326.633250
-323.367767
-324.087068
-327.107847
-325.442947
-325.649530
-324.142206
-324.695023
-316.981566
-325.463456
-323.316108
-333.425511
-324.831355
-324.656115
-306.598525
-318.767445
-324.465178
-326.369999
-322.801829
-323.369872
-327.635315
-324.800740
-325.456224
-324.071942
-324.568453
-325.291005
-327.244678
-325.449475
-316.326564
-324.545274
-324.973463
-324.422275
-324.333213
-326.068972
-324.980776
-325.009568
-326.134729
-324.092199
-325.443433
-309.314242
-325.789272
-323.792140
-325.571955
-324.861853
-328.381610
-324.580145
-323.391709
-323.785629
-311.989547
-326.429092
-323.331224
-324.862541
-325.330045
-324.507643
-324.635486
-336.128557
-328.059682
-325.899874
-325.258476
-324.020996
-325.371688
-325.213584
-326.248921
-327.020199
-295.355302
-324.356742
-323.122542
-325.362834
-324.828669
-348.482547
-337.029296
-322.094205
-326.674920
-323.505981
-323.967704
-325.189500
-325.271124
-325.424823
-325.229403
-325.650514
-325.074489
-325.925747
-321.784012
-329.746286
-325.077655
-319.854260
-325.382049
-323.266810
-327.017806
-323.985745
-321.266639
-326.469222
-327.531593
-325.476024
-322.432100
-324.257235
-324.443063
-324.035029
-324.760488
-323.637832
-324.825874
-326.737762
-320.888468
-325.633231
-323.999832
-326.334226
-326.537961
-327.024774
-325.496791
-322.723333
-325.042031
-328.378861
-328.144538
-324.381905
-324.340075
-323.921213
-324.853802
-325.305842
-325.725924
-325.086858
-325.113920
-326.326944
-321.140825
-325.389761
-325.114644
-323.629287
-326.661801
-302.909644
-324.176715
-324.942350
-323.897558
-325.096198
-324.061597
-325.686859
-340.917112
-324.478996
-324.594953
-328.654717
-324.583313
-324.755611
-325.734176
-325.799271
-326.622549
-324.098755
-325.708600
-324.229599
-324.714877
-324.283059
-322.172223
-325.125566
-326.424624
-316.806702
-323.421135
-324.534413
-324.258950
-330.614553
-317.026725
-326.446282
-324.457547
-325.120967
-324.789164
-324.975102
-325.266705
-327.367449
-327.032071
-290.099509
-320.449775
-311.432549
-323.511961
-327.376002
-293.802419
-328.094431
-323.848059
-322.083359
-326.554794
-322.051108
-324.713220
-321.440297
-325.337684
-330.201609
-341.616487
-325.617300
-324.136705
-339.635037
207.201364
-325.379357
-324.054677
-325.165351
-325.011950
-324.884318
-325.436573
-324.893875
-324.805338
-305.298556
-324.545972
-324.798420
-340.723447
-325.270447
-325.491888
-324.389418
-323.252518
-324.625852
-324.806238
-324.376744
-324.298034
-329.484822
-323.601977
-323.747019
-324.925454
-326.886933
-324.521464
-324.821954
-326.079221
-325.867075
-327.241034
-313.643136
-324.899939
-328.698081
-325.023132
-325.101853
-324.804544
-324.696196
-324.017258
-323.889475
-320.524920
-324.244861
-325.396257
-325.082061
-325.048353
-323.568617
-321.278158
-316.875857
-324.840966
-324.353961
-326.480278
-350.055089
-323.998332
-322.919491
-322.414133
-325.994709
-325.114380
-324.806659
-325.734086
-325.019773
-320.462139
-325.513743
-325.629865
-325.056720
-323.255131
-310.818601
-324.366322
-322.815212
-324.915781
-325.584249
-328.210221
-326.621706
-325.386306
-322.480653
-324.872097
-326.880270
-315.871606
-325.012489
-325.805725
-325.789386
-325.188037
-324.620390
-325.342774
-324.556194
-319.032575
-325.407672
-327.325695
-324.356684
-323.604229
-324.956258
-324.345325
-323.903776
-324.218040
-323.046810
-348.490137
-326.622131
-327.050861
-325.204357
-323.161618
-323.987341
-324.751394
-324.283796
-324.612258
-327.077614
-325.486958
-325.923255
-325.174559
-326.422502
-326.287831
-324.968973
-276.676329
-325.301312
-326.225207
-324.639850
-326.586362
-325.126545
-325.936452
-331.624759
-326.181212
-326.805071
-319.027672
-324.110275
-322.696118
-324.415757
-327.561106
-322.862776
-324.567462
-329.473422
-320.703949
-328.368498
-323.026161
-322.930644
-325.127892
-324.906981
-507.278294
-324.527256
-321.475384
-328.870570
-323.457518
-324.633997
-325.228209
-324.703163
-325.040759
-325.494022
-321.691423
-324.467948
-323.220484
-332.787864
-327.661909
-325.020565
-326.376909
-326.214795
-321.277350
-324.154375
-324.321549
-327.633574
-317.853439
-322.869124
-327.027277
-324.574649
-325.174170
-324.676578
-319.881826
-324.833776
-323.906177
-325.835789
-327.807030
-332.346650
-323.672677
-325.104990
-325.398696
-323.411007
-323.264388
-327.183678
-323.628421
-323.633442
-319.858464
-325.224789
-330.664336
-324.080728
-264.925657
-181.058001
-330.364843
-327.538318
-174.260955
-325.485961
-336.579705
-323.525890
-326.772221
-324.566935
-323.002733
-327.321961
-325.487060
-284.868021
-323.993135
-323.626899
-324.500263
-324.537478
-324.848656
-324.685248
-328.373678
-326.355191
-326.172511
-321.366822
-325.752952
-328.105483
-322.267891
-324.017421
-325.289921
-324.880840
-325.783871
-326.921258
-325.656424
-324.701706
-323.786108
-324.558247
-326.212776
-325.113580
-325.187346
-325.122247
-327.593819
-325.883805
-324.457005
-323.155862
-325.062918
-324.818238
-323.193348
-323.716838
-322.672412
-326.412593
-325.741088
-325.406511
-324.230171
-322.761026
-325.492894
-323.849235
-323.825631
-324.925159
-324.708864
-325.757756
-326.334286
-325.672083
-324.905066
-325.273331
-325.611563
-324.960567
-326.568453
-326.238676
-320.707504
-323.945619
-328.767712
-324.320651
-325.501663
-322.574457
-322.667304
-326.956558
-323.148452
-325.268037
-327.770277
-326.119243
-325.980947
-324.004313
-324.649604
-323.433707
-326.747870
-325.919925
-325.850160
-325.140279
-326.726242
-325.049056
-325.857730
-327.478618
-324.656907
-330.516909
-318.328992
-331.841368
-325.834628
-324.500243
-326.283219
-342.592711
-324.548038
-324.975875
-324.395814
-319.024246
-324.523058
-328.426242
-325.402700
-324.142143
-325.706963
-322.669062
-309.224679
-325.468845
-325.369150
-325.385462
-325.459387
-321.278652
-323.670647
-328.954608
-318.230550
-326.506835
-324.758471
-325.542036
-325.580789
-325.426790
-329.450577
-324.727096
-325.608422
-326.926210
-330.919243
-329.124187
-325.203635
-322.773473
-325.106089
-324.725432
-325.008785
-325.663368
-323.775095
-325.587532
-326.178645
-324.767431
-324.116613
-324.910246
-326.954756
-324.942393
-327.545037
-324.967242
-336.792068
-324.323710
-325.744399
-324.934257
-327.991677
-324.746696
-324.177783
-325.143533
-325.468787
-322.711653
-324.804475
-323.096714
-335.152839
-321.988008
-324.793157
-325.036087
-325.698543
-325.780797
-324.332124
-317.175151
-323.630605
-326.366838
-326.902664
-324.808311
-327.049140
-324.504869
-323.030213
-324.925617
-325.849633
-323.857309
-324.289456
-325.806132
-335.988540
-324.080003
-332.857397
-350.855863
-325.855388
-327.967415
-324.277803
-325.946928
-326.385046
-318.809966
-324.689357
-324.417585
-324.389518
-325.830831
-326.937372
-323.484776
-316.609931
-322.943836
-322.469086
-325.191336
-287.931509
-324.350346
-322.840674
-323.235488
-325.766718
-323.486840
-333.698083
-326.148443
-323.281067
-324.435295
-326.142621
-324.768463
-325.020443
-325.294786
-324.401657
-331.408694
-325.051958
-325.954003
-326.930677
-324.097802
-327.609129
-324.697649
-325.679016
-309.574799
-327.960877
-313.490132
-329.525884
-323.785011
-323.723994
-320.110507
-324.994517
-330.007461
-325.638728
-323.403935
-324.366005
-325.389788
-324.798712
-326.680682
-325.029792
-323.947949
-325.045330
-324.857190
-323.635223
-326.004858
-326.327384
-325.625272
-324.554665
-325.883234
-59.268794
-329.960657
-325.659158
-300.003304
-324.344935
-324.245548
-324.162583
-321.854276
-320.299628
-325.191942
-291.083051
-324.786058
-324.770224
-328.416258
-324.451754
-325.922564
-322.805951
-323.295204
-323.687334
-325.440265
-325.696614
-323.923038
-324.368089
-326.176688
-321.277431
-324.838601
-325.208646
-325.638512
-325.774218
-324.295087
-325.724680
-324.453940
-318.170290
-321.444723
-329.845048
-325.306917
-326.647441
-326.064494
-312.571741
-323.807785
-325.734208
-326.305630
-325.637705
-336.682644
-325.459360
-325.387119
-324.691941
-323.403952
-324.592041
-328.868076
-324.107090
-320.400349
-325.836895
-326.553315
-370.206980
-331.574707
-324.573763
-325.699218
-323.421366
-321.551268
-312.829327
-316.203179
-316.970506
-317.556665
-324.868169
-324.490865
-326.653680
-324.788108
-325.041073
-323.765748
-324.801324
-322.222965
-323.139347
-322.853115
-327.144333
-325.433026
-323.716231
-380.669294
-323.600862
-323.497203
-324.871692
-320.711269
-327.224225
-323.871068
-82.636637
-328.113118
-326.596163
-324.082405
-326.609328
-330.521471
-325.909335
-339.560159
-325.494699
-302.301525
-324.244371
-349.945685
-329.205165
-332.186174
-325.540763
-323.733814
-305.396876
-325.695340
-325.505574
-325.626288
-356.448779
-324.833032
-326.346426
-328.703313
-323.832733
-325.459466
-323.290036
-329.478484
-323.307340
-323.983777
-324.634369
-324.997115
-324.578798
-324.862296
-324.735927
-323.728938
-325.076516
-326.336795
-324.311953
-325.151095
-324.996963
-325.793720
-325.916641
-324.224758
-322.881085
-325.093392
-325.329517
-327.878744
-325.890590
-326.689015
-325.625130
-324.954432
-325.221789
-323.905967
-326.494619
-323.953655
-333.908791
-310.181101
-321.425943
-324.245165
-328.381612
-325.691170
-325.137513
-325.719887
-324.848904
-326.013086
-322.118750
-329.023464
-324.808328
-324.079694
-324.731622
-325.757539
-327.136046
-321.192446
-327.779710
-341.394831
-328.137540
-330.866106
-325.898181
-324.596919
-326.272185
-326.290507
-344.583542
-325.350874
-325.299161
-325.675669
-325.676423
