-153.666650
-156.873655
-152.772814
-156.524423
-154.235293
-154.491566
-155.241005
-152.349557
-148.652953
-155.514561
-155.086544
-156.363223
-152.334735
-155.091128
-157.659329
-150.906079
-155.486094
-156.250338
-153.300594
-154.373922
-154.073203
-151.857700
-156.209912
-155.457309
-151.846388
-156.661970
-158.718882
-155.242410
-155.878013
-150.536110
-175.252409
-155.179792
-150.337657
-156.437074
-154.568737
-156.356438
-151.212941
-157.852326
-160.015550
-153.657948
-146.180510
-153.671228
-155.962619
-154.650816
-153.222009
-153.508213
-154.491112
-136.721973
-150.803619
-154.258623
-155.140642
-155.009234
-154.299729
-154.505210
-152.607189
-154.961222
-153.122293
-154.611050
-221.685441
-144.990691
-155.130935
-156.467039
-154.327674
-155.347204
-154.633903
-154.252210
-153.577281
-154.810958
-154.887381
-154.799168
-154.289971
-154.980690
-158.233989
-159.712670
-155.378654
-154.496693
-156.226988
-147.971966
-155.714400
-149.196153
-153.715982
-159.320416
-154.673749
-152.922360
-170.275118
-154.207651
-144.333734
-155.182522
-154.824010
-136.574910
-154.801180
-157.001276
-153.787181
-153.692524
-153.907828
-153.901557
-157.658422
-153.829559
-140.967822
-152.473194
-173.886957
-153.980814
-155.388190
-154.407240
-155.760907
-155.237875
-157.170602
-167.976153
-154.416627
-155.847976
-155.550402
-137.263347
-154.091170
-153.425440
-154.125951
-154.881288
-155.145812
-154.917865
-156.384968
-188.599441
-154.605817
-153.211594
-165.410370
-153.313419
-153.418241
-152.899887
-154.091068
-153.781493
-153.205344
-154.618816
-154.388431
-151.553347
-154.465920
-155.403646
-156.840528
-153.702074
-153.888961
-147.636011
-150.802346
-155.089092
-155.393179
-154.334223
-154.268204
-156.882813
-153.620184
-162.267782
-152.320870
-90.425518
-152.979208
-154.683395
-154.311000
-154.346853
-154.912660
-155.682347
-157.566889
-154.896502
-153.670847
-154.434935
-155.224583
-153.665683
-154.194570
-154.983570
-154.176368
-150.508615
-154.214785
-155.317612
-154.196311
-154.134977
-153.668560
-153.275683
-256.358399
-154.216014
-152.646624
-155.480319
-154.068964
-153.934409
-155.172746
-154.899428
-152.265057
-154.933384
-154.687685
-154.214897
-153.669911
-154.199877
-154.224490
-143.405223
-128.202420
-153.544812
-153.835857
-153.650973
-153.722277
-156.192861
281.253592
-156.868523
-154.752168
-150.790937
-152.987243
-155.222557
-155.133285
-155.510093
-155.472074
-119.495097
-154.922370
-154.051424
-153.925950
-161.180898
-154.135139
-154.867742
-160.082628
-159.077662
-153.888762
-155.253978
-156.206774
-155.625442
-153.596492
-145.692979
-155.084847
-153.657183
-153.749555
-154.864906
-153.429214
-151.779023
-154.501603
-148.831161
-152.544821
-156.529542
-155.794739
-153.398390
-154.128112
-153.454289
-154.395844
-259.780669
-153.792062
-155.347551
-153.794458
-154.099039
-154.256833
-153.815680
-155.099417
-154.115846
-159.925487
-151.955507
-152.275502
-153.661312
-159.958178
-154.927390
-155.545782
-155.591357
-160.920888
-162.651895
-154.171135
-154.408454
-156.971205
-154.880785
-154.075645
-154.528333
-154.336241
-159.228243
-152.858151
-154.849837
-154.839308
-156.473643
-154.257365
-156.000476
-154.466896
-154.796806
-153.873960
-151.702062
-154.722108
-152.448724
-153.935422
-157.211186
-153.788905
-156.833994
-154.308348
-154.868810
-147.941760
-154.937856
-154.054973
-158.050465
-153.461055
-151.596682
-154.304494
-152.623137
-154.124293
-151.212373
-153.765334
-154.290527
-154.637408
-153.549704
-143.241972
-155.383938
-155.788697
-149.414344
-154.352905
-185.254240
-154.361114
-133.229444
-157.952807
-165.692542
-152.915636
-147.856127
-155.796607
-155.013834
-153.675468
-155.556105
-154.583596
-154.090189
-154.019715
-154.886556
-155.378959
-153.729101
-155.705578
-154.420457
-154.966741
-156.124185
-151.349773
-176.280798
-154.828458
-155.560918
-153.802388
-163.605577
-152.681919
-156.026303
-156.754343
-152.295048
-155.103660
-155.036015
-153.659698
-153.886347
-132.921450
-156.472225
-157.598012
-153.829598
-158.387542
-153.660855
-153.766234
-152.817620
-154.831846
-153.967399
-130.736997
-152.785590
-155.282320
-151.621399
-153.471487
-149.260936
-153.621432
-154.045241
-155.947628
-163.203100
-153.735281
-154.143825
-150.520324
-155.106032
-154.353804
-154.177976
-154.363027
-151.816255
-154.171913
-153.611133
-152.950602
-154.283594
-154.993788
-154.636071
-156.695700
-150.161489
-154.438040
-155.568699
-152.990353
-155.208264
-159.219216
-153.264841
-154.074932
-153.717682
-154.691160
-152.813969
-154.956599
-156.640236
-152.055729
-155.274625
-155.591289
-151.801037
-154.556442
-119.356825
-132.570488
-155.845670
-153.280645
-155.080879
-154.325678
-158.188460
-153.601035
-137.711056
-154.349925
-154.410075
-154.479192
-158.594345
-154.300152
-154.013289
-151.837769
-154.378576
-153.739428
-155.019947
-155.835102
-153.648113
-149.243628
-156.750449
-157.321773
-154.351432
-108.439410
-153.196779
-150.265902
-163.910128
-153.481481
-184.571725
-155.124474
-152.732259
-153.797387
-153.299959
-153.786610
-154.331441
-154.057339
-155.406172
-153.555138
-154.473932
-154.017927
-153.257313
-154.747510
-154.283539
-146.240594
-154.589233
-154.221958
-138.593889
-155.009865
-159.743373
-152.615968
-154.013265
-160.946272
-153.769281
-154.893167
-155.460980
-154.614755
-156.006404
-153.374763
-162.253982
-151.387703
-155.001618
-158.548811
-157.719909
-154.902102
-153.175302
-156.654691
-152.776511
-185.625296
-154.263672
-154.658288
-145.121062
-152.581402
-154.259221
-154.590404
-158.514294
-160.780018
-153.135714
-154.916992
-154.648465
-152.877670
-156.891118
-154.492390
-155.069321
-153.096122
-154.811445
-151.512286
-154.116611
-152.171243
-153.860391
-156.622777
-155.568822
-154.380346
-155.826348
-154.748077
-155.430363
-154.886006
-157.097332
-153.615161
-154.549821
-153.479313
-101.484252
-154.319392
-153.693198
-153.717389
-153.271350
-154.181751
-147.915311
-153.033009
-154.531118
-152.196317
-153.479242
-152.742202
-157.363340
-154.660051
-153.304608
-156.558081
-154.682325
-154.053314
-154.382433
-154.436453
-149.661983
-155.280455
-153.014000
-155.352457
-153.440435
-153.519904
-155.842452
-154.095577
-154.880450
-153.873164
-154.261185
-154.046840
-151.597055
-158.001601
-155.618855
-156.868364
-155.470236
-156.712856
-154.823127
-151.685286
-153.744373
-153.927123
-153.491042
-158.276869
-155.808518
-154.542362
-154.150662
-154.605778
-153.220820
-152.260693
-155.041480
-153.896556
-150.970727
-154.698687
-153.099472
-153.433959
-154.066976
-142.139889
-154.269500
-154.126648
-153.902543
-152.940885
-154.746763
-155.173879
-210.172288
-155.301463
-154.521758
-147.694117
-158.152526
-153.938982
-154.727783
-153.237467
-154.328354
-154.725420
-209.734848
-154.074317
-151.110455
-151.779292
-154.272778
-153.319791
-152.649261
-151.308034
-162.326771
-154.033741
-157.905817
-153.631052
-154.627191
-167.105716
-175.703100
-154.157601
-154.739943
-155.680520
-153.427070
-153.363757
-154.378694
-128.807703
-154.548967
-158.102385
-154.433201
-154.291481
-150.068772
-153.810834
-153.968151
-147.791140
-156.844574
-156.219839
-154.879011
-38.756724
-153.695721
-153.978884
-154.518965
-154.868700
-154.729465
-155.513290
-155.356834
-155.397082
-153.657714
-154.374839
-154.199690
-155.280818
-111.176839
-162.196879
-159.323258
-154.150805
-154.680925
-155.737658
-161.783625
-148.588570
-146.040449
-161.699849
-154.538751
-153.204479
-155.020882
-154.094979
-154.802199
-153.373782
-195.061047
-153.976379
-139.681043
-155.516318
-154.160746
-154.171460
-154.484946
-154.132495
-153.791002
-156.456289
-154.480716
-153.949440
-153.089132
-153.001338
-130.327191
-153.942850
-150.917825
-154.317477
-153.555137
-152.470038
-152.181774
-132.130281
-154.570325
-163.543921
-156.583989
-154.997277
-153.846821
-176.067199
-154.471644
-154.950798
-154.371410
-152.760200
-156.088863
-153.818094
-155.179969
-157.574696
-159.018324
-155.607996
-154.417152
-151.340773
-154.999674
-152.739218
-150.002321
-162.618500
-155.057199
-154.624365
-152.825423
-154.502133
-163.063450
-155.926642
-156.835057
-153.076230
-155.832867
-142.994349
-155.753301
-155.686514
-153.253993
-161.856020
-153.370911
-155.569866
-159.028809
-153.751610
-154.097952
-156.288149
-154.279823
-153.908323
-154.482650
-148.488147
-157.644022
-153.361966
-142.597575
-131.406189
-154.660502
-155.050929
-154.770167
-154.127478
-152.981763
-155.864594
-156.354758
-154.273172
-155.602037
-153.767634
-155.010101
-154.125196
-155.712392
-153.529829
-150.706272
-155.553077
-155.716792
-154.342765
-153.846404
-155.277064
-156.120938
-154.453173
-152.342379
-153.978671
-155.017036
-157.282454
-88.754516
-150.306103
-152.757707
-151.805608
-154.862745
-154.234755
-156.310165
-155.596990
-151.141747
-155.072084
-153.360110
-153.260485
-152.392400
-146.346321
-153.310898
-127.363847
-154.526891
-152.828258
-155.256234
-153.347119
-152.709817
-158.550830
-154.420490
-152.170635
-152.378676
-161.470369
-154.743608
-159.953270
-153.291102
-152.960349
-154.500358
-150.914217
-155.080332
-154.040442
-31.381131
-157.798787
-153.032898
-155.641568
-150.088987
-154.019459
-154.872965
-151.402571
-150.273066
-158.416297
-96.498427
-154.228143
-154.396016
-153.974009
-151.967938
-153.960328
-155.595668
-154.956918
-154.788012
-153.464697
-159.790852
-154.444522
-155.378987
-150.441076
-159.526378
-159.018210
-154.496934
-154.809024
-156.708186
-162.620332
-154.224971
-151.626491
-153.746035
-153.951189
-155.873850
-147.719086
-155.045795
-154.404960
-153.375946
-146.608592
-155.269176
-160.573598
-157.556026
-154.721443
-152.557748
-154.528762
-154.204751
-154.889851
-147.998669
-152.418159
-154.059586
-155.023879
-154.491297
-154.740883
-154.731301
-155.128759
-147.895824
-154.322382
-154.109640
-155.312753
-154.996971
-151.856249
-148.593859
-151.736521
-153.124021
-148.670494
-161.258747
-158.524419
-154.805192
-160.232860
-153.059261
-153.990306
-154.989145
-155.957695
-156.900275
-153.105933
-154.541040
-155.081462
-153.138865
-153.183618
-152.678356
-154.910964
-153.844293
-158.378853
-150.094959
-153.724788
-154.644694
-149.594847
-154.732818
-155.649559
-155.325430
-154.694869
-155.256951
-154.528562
-179.776614
-160.238628
-152.906023
-173.217394
-154.955044
-152.977075
-156.869341
-154.476126
-152.189689
-155.348314
-154.380122
-154.790214
-152.797472
-154.784392
-151.550591
-155.432546
-155.245089
-154.883209
-154.690357
-152.934063
-153.779408
-154.447937
-156.138315
-154.290474
-163.734062
-340.735605
-156.268976
-152.521676
-154.704666
-151.002433
-154.351547
-154.692458
-152.648137
-158.427094
-154.473243
-156.683529
-154.628356
-146.549572
-153.215388
-154.946088
-152.918706
-154.674788
-155.178158
-154.847681
-154.444893
-154.872842
-154.219233
-153.928939
-153.991149
-154.829937
-153.041060
-154.647457
-171.075433
-153.825216
-241.376917
-143.869512
-155.162326
-155.068082
-154.588314
-154.400512
-153.061185
-152.771856
-159.490058
-153.951100
-154.726906
-154.791473
-155.593640
-157.576223
-155.767407
-137.682219
-36.246230
-154.252907
-153.511401
-154.141808
-156.535219
-155.129303
-155.277803
-153.987396
-154.430004
-152.722614
-137.499232
-156.320171
-155.068605
-154.303502
-156.600373
-154.895370
-154.311254
-153.766238
-153.971572
-153.953866
-155.001085
-154.791020
-153.818999
-153.037136
-155.952510
-153.910541
-154.756394
-154.447673
-154.777621
-154.023347
-154.375125
-155.470060
-155.422189
-155.838024
-152.801716
-154.042630
-149.369553
-153.666904
-154.005986
-155.307313
-149.462182
-355.637524
-154.491841
-154.862551
-154.916111
-155.473191
-170.255884
-155.860940
-156.003200
-153.599109
-154.141166
-154.687096
-153.820211
-159.925291
-148.852095
-143.054716
-157.062924
-153.463493
-154.255068
-155.087359
-150.632588
-155.503897
-153.971711
-162.396160
-154.637716
-155.777655
-153.851904
-153.924529
-153.732842
-154.363531
-155.361264
-146.626828
-154.399928
-154.113645
-154.385116
-155.018028
-158.399217
-149.274487
-155.947679
-153.688506
-155.388824
-151.534925
-157.185408
