-256.786447
-282.818593
-283.347530
-282.470006
-282.838542
-282.495049
-308.492420
-286.593046
-282.441340
-280.301626
-276.918413
-282.799044
-283.317070
-280.568029
-284.125679
-283.102314
-281.737593
-283.058707
-284.354339
-282.641949
-283.245351
-282.919184
-282.015264
-282.881191
-281.449786
-277.985608
-280.618232
-281.994090
-291.342257
-283.128299
-287.945940
-283.362954
-283.681297
-301.762542
-277.895872
-260.665652
-283.313839
-282.888235
-282.559240
-282.506721
-282.061651
-281.877162
-282.677806
-282.667466
-281.899147
-282.708153
-277.579863
-285.013217
-312.186155
-281.238310
-290.208171
-282.649816
-282.862008
-282.975385
-279.845957
-283.269708
-286.160811
-282.780616
-281.812791
-286.121025
-287.404675
-284.535204
-285.369622
-293.592042
-280.914236
-280.111561
-283.539553
-298.854454
-286.449083
-275.097938
-255.879964
-281.842086
-276.277644
-283.657250
-286.576256
-258.146783
-288.441122
-280.842359
-281.997358
-280.308796
-235.944598
-279.986737
-282.417933
-282.537951
-264.954241
-229.488617
-281.839007
-284.507970
-282.155046
-283.469853
-282.276037
-284.681566
-282.401165
-284.208689
-282.716083
-283.103736
-298.454657
-293.606468
-283.272884
-282.731613
-282.824474
-283.096045
-283.646021
-278.902374
-284.329948
-281.633445
-281.713569
-282.349458
-283.208422
-280.558306
-281.336010
-282.429879
-283.561667
-282.013074
-283.039871
-282.026817
-281.412937
-281.376671
-283.106378
-281.763263
-283.879832
-281.584889
-282.764289
-282.548238
-283.115960
-278.628912
-282.666587
-283.120929
-282.235352
-284.726766
-282.783549
-282.721338
-283.539850
-285.122256
-283.174351
-283.187958
-278.713596
-285.618804
-281.386372
-283.530752
-281.800284
-283.416102
-283.141153
-281.947278
-282.779198
-288.327392
-281.751808
-282.194981
-297.471709
-298.227178
-282.394466
-284.725244
-273.075749
-282.533381
-283.193841
-278.434190
-282.843841
-283.674108
-282.068729
-283.370949
-284.713527
-283.170181
-282.228043
-281.853157
-281.233220
-280.638841
-282.098417
-283.508826
-283.352652
-281.552665
-282.847375
-282.849786
-284.147707
-287.378431
-282.718559
-282.372155
-282.359318
-283.844143
-277.593861
-287.350235
-282.858423
-282.672678
-285.858925
-285.371890
-282.462146
-283.790977
-277.570221
-274.162035
-282.912099
-282.408461
-282.855420
-283.755707
-283.307272
-280.696979
-282.275583
-275.243300
-283.865050
-283.273534
-282.868854
-283.513139
-267.451179
-282.491987
-282.328265
-283.006453
-281.446172
-282.832498
-281.894616
-286.477982
-282.828722
-265.716436
-282.633940
-283.036215
-283.845107
-283.953713
-280.869549
-283.352490
-284.728844
-280.601009
-282.733302
-282.603171
-270.417908
-341.063696
-282.517048
-271.033243
-283.147680
-283.380034
-283.052241
-283.018402
-283.699470
-282.060316
-282.593450
-282.847932
-258.528966
-460.545000
-281.584373
-282.414352
-283.333545
-281.272132
-284.343659
-278.503859
-280.983136
-282.522763
-283.742793
-283.951633
-282.362558
-281.187613
-282.386654
-283.166010
-285.424523
-280.039117
-282.043456
-275.708341
-284.690405
-282.950558
-281.454271
-248.149700
-284.023589
-282.706945
-290.112072
-281.869470
-282.039684
-282.714272
-280.595009
-283.132249
-294.168969
-281.545025
-283.344439
-282.398132
-275.354190
-285.140794
-282.549583
-321.293516
-282.794845
-281.941612
-286.649597
-284.700570
-282.419441
-283.786333
-283.177770
-292.784920
-281.572313
-291.588744
-281.407536
-290.007477
-283.202394
-282.639416
-289.101627
-283.016710
-282.494946
-281.670881
-282.858205
-282.656398
-283.903753
-275.413626
-282.907183
-282.816606
-279.366681
-282.544073
-284.120870
-282.433700
-282.837758
-282.802975
-330.184745
-280.106558
-281.989350
-281.774173
-285.602815
-283.304023
-282.766452
-265.703994
-284.134132
-281.034579
-280.277946
-279.563245
-285.269331
-282.041687
-282.697030
-288.822354
-283.738323
-278.534523
-278.506016
-285.227273
-290.611779
-283.667403
-281.906065
-282.997693
-281.771131
-277.140862
-286.502694
-284.414714
-282.163559
-281.364615
-278.764068
-281.912139
-283.059095
-279.706046
-282.834932
-281.951902
-279.931146
-284.027281
-282.540160
-282.527325
-289.616775
-282.884929
-282.552766
-283.359914
-279.104953
-279.314650
-284.406628
-282.158565
-285.187272
-283.268592
-282.919826
-269.696447
-282.548465
-280.721969
-282.884036
-286.050370
-276.672682
-281.956923
-282.360521
-279.410254
-278.407767
-281.660578
-279.959863
-283.496036
-275.348736
-284.444235
-281.277525
-282.868630
-282.682755
-282.517122
-282.442708
-283.314485
-283.314156
-284.795684
-280.581458
-281.284828
-283.007744
-281.780459
-274.703043
-284.068395
-279.918065
-281.002188
-276.915959
-279.064076
-283.610687
-284.255452
-281.731994
-282.902863
-298.247397
-282.911463
-284.071568
-283.588900
-282.805757
-283.162824
-283.359979
-282.070234
-282.536720
-282.696576
-285.694620
-280.647876
-282.934111
-283.817148
-282.510112
-275.706551
-282.431101
-280.023538
-282.210540
-281.809628
-282.593828
-281.100029
-282.651613
-282.068809
-283.041655
-291.786991
-282.393866
-284.154422
-285.463474
-279.302178
-285.238322
-282.928783
-282.497701
-282.123900
-283.900870
-280.065037
-282.409249
-278.637115
-280.322581
-282.645490
-278.532240
-282.749182
-281.143158
-281.966411
-284.128057
-284.676793
-282.512068
-281.057441
-275.908975
-283.249373
-281.929880
-286.188859
-282.738475
-279.295825
-282.150157
-284.510688
-284.407190
-280.579682
-282.396325
-284.915795
-283.065226
-282.441795
-283.517254
-299.206465
-282.063516
-282.818258
-281.324250
-283.625187
-282.751140
-297.070884
-278.755866
-282.332387
-282.615944
-283.253408
-283.394915
-283.654958
-286.772592
-288.707451
-287.806473
-282.620128
-282.886957
-280.686921
-283.649431
-289.884633
-278.585189
-281.755197
-282.411762
-280.079982
-282.771946
-284.321618
-283.479314
-282.601232
-280.892139
-282.921869
-282.624635
-102.530937
-281.837776
-282.663013
-279.883774
-281.299895
-282.360809
-283.914708
-282.465321
-282.402769
-282.751803
-283.319767
-281.982685
-282.639887
-289.930057
-312.388643
-284.714150
-283.883175
-282.016109
-282.293238
-287.837566
-282.545047
-364.391428
-282.261608
-278.466521
-283.578002
-283.308220
-280.629005
-281.867380
-282.535965
-283.294725
-283.286054
-282.911266
-294.527419
-281.456756
-278.814199
-283.344136
-284.794289
-284.477442
-283.206181
-283.790667
-285.225777
-286.840481
-275.930333
-278.816699
-283.964293
-281.149530
-282.186826
-282.918821
-281.998740
-282.976969
-235.068746
-281.537438
-278.676025
-284.066796
-284.026796
-284.800925
-323.909048
-285.331352
-285.029706
-280.668591
-282.689563
-285.049397
-283.916295
-280.538756
-284.225325
-282.563798
-317.707272
-282.589995
-285.255011
-283.081103
-282.298020
-282.426408
-282.888018
-282.712802
-281.800659
-283.272005
-284.401033
-282.538536
-282.294070
-281.973014
-283.485554
-284.336012
-283.102530
-282.877401
-280.082515
-283.582473
-282.147316
-283.917624
-282.252817
-281.806963
-282.189213
-282.822366
-282.857110
-282.221946
-288.349001
-281.324389
-282.878634
-284.471600
-302.225785
-284.285062
-282.253841
-282.361002
-282.274577
-283.350974
-285.765801
-284.664720
-273.786370
-285.405966
-285.028394
-282.096321
-281.835160
-284.239218
-284.158141
-283.048857
-282.028763
-272.439309
-281.819677
-281.051588
-285.371622
-283.494881
-282.234147
-285.556630
-280.987016
-282.067649
-280.290876
-283.166506
-286.640187
-267.105907
-286.904256
-281.507244
-283.262891
-282.657137
-281.376789
-284.790585
-281.372010
-283.723634
-282.119311
-279.325037
-280.905196
-282.529375
-283.673528
-282.101716
-278.503924
-279.052789
-282.298427
-280.628217
-284.408159
-282.094184
-283.563084
-278.965348
-291.203217
-281.959320
-282.988164
-283.687787
-281.600051
-282.385060
-285.029739
-281.890373
-277.288670
-282.118588
-282.806050
-281.177981
-285.518616
-282.442721
-283.619907
-282.247106
-282.870246
-282.751657
-280.868975
-283.014001
-282.123068
-282.728670
-284.686454
-282.770467
-283.826880
-288.454467
-252.237972
-280.475983
-283.006210
-283.506278
-315.611150
-284.767320
-289.904336
-277.119090
-281.834166
-282.436909
-281.411014
-282.246749
-282.421532
-280.705512
-280.110722
-281.900158
-281.216064
-282.669699
-287.376266
-281.835085
-283.512476
-281.274215
-282.097392
-285.114048
-282.289820
-281.053726
-283.428019
-284.973407
-282.927957
-282.267852
-281.485793
-282.975362
-279.849131
-282.042325
-232.521521
-283.482300
-276.282940
-282.023801
-281.659790
-282.300168
-282.232985
-259.752327
-277.447151
-285.327037
-284.212286
-281.717824
-294.475157
-283.948596
-282.019645
-281.999454
-282.855244
-282.356426
-283.121164
-279.275939
-281.734875
-253.970730
-283.226181
-279.104782
-286.079883
-275.397801
-281.410850
-280.706629
-282.418637
-281.652912
417.955301
-283.942612
-280.793611
-337.189158
-281.140132
-282.496754
-282.540538
-284.279873
-280.528274
-283.073499
-282.317845
-282.155755
-299.537796
-282.671055
-279.780880
-281.756666
-281.394850
-284.315934
-282.049031
-282.021619
-281.662527
-282.731908
-282.199337
-285.807562
-283.191096
-282.347058
-281.472495
-280.205004
-285.038039
-281.845179
-279.427190
-283.225733
-280.751226
-282.272650
-282.960475
-283.413361
-309.957265
-282.163057
-287.910601
-292.237822
-280.254433
-280.089527
-281.784554
-273.563160
-282.085622
-280.625050
-281.655875
-307.262837
-282.126987
-281.904006
-291.290999
-277.998131
-283.224758
-284.166399
-275.055165
-280.132335
-289.429703
-282.485117
-282.280284
-282.440966
-281.193997
-282.139413
-260.427208
-277.901919
-283.300097
-283.172929
-282.782048
-283.689391
-282.509501
-282.123197
-282.759098
-283.650629
-284.176328
-282.680379
-282.939444
-280.122103
-282.794487
-282.260882
-281.981119
-282.446351
-282.098662
-279.207694
-302.819353
-277.952494
-282.441625
-287.944469
-282.709223
-281.333682
-283.454200
-283.713104
-280.654377
-281.854125
-279.197249
-282.938590
-281.818237
-280.339340
-285.429968
-284.411075
-282.313717
-281.530159
-282.837427
-287.927038
-285.892589
-286.056234
-283.627952
-282.920675
-285.390401
-281.198253
-285.023193
-283.536726
-279.227771
-282.148380
-283.663577
-287.226913
-283.442552
-281.707956
-285.543693
-282.767181
-282.138197
-283.128220
-279.702030
-282.136735
-283.929584
-281.979564
-290.508322
-274.916554
-277.752455
-281.270095
-281.434940
-282.346277
-283.184908
-280.875682
-289.610052
-282.488369
-278.673961
-281.778737
-282.228785
-281.915387
-283.523043
-284.380827
-282.011959
-276.871303
-283.394925
-292.641018
-282.613597
-277.019534
-282.485423
-277.576153
-282.948581
-276.002606
-287.116822
-281.870512
-282.119142
-281.944656
-277.278672
-283.467124
-281.341440
-281.342803
-288.036951
-282.103422
-282.280547
-281.244742
-281.141826
-283.396390
-283.020649
-283.943084
-282.028369
-284.477137
-281.514042
-325.165681
-283.667413
-281.827821
-282.280595
-279.977203
-282.002628
-280.708599
-282.310034
-283.591046
-282.662948
-265.743472
-281.390762
-289.040786
-282.420963
-377.072843
-282.296544
-282.768107
-285.591347
-282.629024
-274.879829
-283.503674
-300.976088
-282.460399
-282.023263
-283.122983
-283.215085
-283.272773
-283.867174
-283.463417
-282.459245
-283.671669
-279.859277
-282.967123
-283.795510
-281.527281
-282.517319
-282.766506
-283.176583
-282.763939
-289.033466
-282.913897
-278.014042
-289.922614
-284.588521
-282.282129
-299.997696
-282.079818
-282.178244
-274.881614
-282.502147
-282.652979
-281.996374
-284.100150
-285.944352
-282.894928
-293.971687
-282.055657
-279.330749
-267.774462
-280.477017
-282.428196
-279.839405
-281.953046
-282.474172
-284.076342
-278.958710
-280.476113
-281.093423
-281.651302
-282.074897
-282.088417
-279.016279
-282.415477
-284.091949
-281.523647
-282.372830
-285.910293
-285.213032
-280.815985
-281.695633
-278.930022
-281.104221
-283.347465
-281.357411
-283.620244
-289.530445
-282.675270
-281.517792
-281.109552
-283.043553
-283.000964
-282.381436
-339.289166
-283.793715
-282.184256
-293.106301
-297.380206
-281.966517
-268.977226
-284.458648
-282.538912
-279.366063
-281.142481
-283.741629
-282.084383
-282.233095
