216.525134
215.733339
218.959251
217.511771
211.924637
228.966547
217.927108
213.563064
216.994571
220.058994
218.295984
219.887958
220.938304
218.818288
215.746272
218.262776
225.257475
229.327305
213.871320
218.836567
219.583650
214.936982
217.387712
216.656448
214.928470
216.631907
209.062906
219.127650
204.783004
217.069293
216.596346
218.141618
217.982994
217.721258
222.394781
218.479435
218.448886
218.501261
214.731886
214.831687
215.005499
217.868239
216.993702
217.286400
217.043674
221.314841
218.682933
211.575980
204.119939
218.634479
225.431763
216.185714
205.186314
217.077083
216.453259
217.488720
217.371596
216.371630
217.784890
217.049759
216.954816
218.672464
226.075964
217.346018
216.192457
218.095449
215.718567
235.240830
217.291824
221.166028
222.373054
218.858658
214.569193
219.941905
217.777313
227.854775
217.595218
214.498079
217.022641
215.320146
218.460870
217.880974
218.631210
217.076154
217.570545
216.098095
218.210981
215.243901
212.005350
217.447531
218.489433
218.487800
211.540680
217.415732
217.452512
218.578372
217.751048
207.771546
216.582903
217.638836
215.476348
216.486252
218.111923
211.490516
218.246164
219.175610
219.071926
213.704809
217.793963
218.255003
218.047232
216.854874
218.899451
219.201039
219.880117
237.447906
218.940686
216.184608
218.286357
218.105358
216.150239
214.226883
214.759459
222.528174
216.592930
218.607005
217.643668
216.025309
223.796864
217.641378
218.264195
223.301676
216.922504
216.637094
216.527108
222.096476
218.709498
217.253308
218.304945
214.977085
217.186431
217.431296
217.249278
216.990721
215.500219
219.177719
217.966902
210.684322
217.433441
216.609116
214.315920
213.285794
219.180042
219.190099
216.260417
216.827776
215.201729
216.510303
216.131283
216.800227
217.828329
216.299721
221.551689
218.718431
217.812194
226.847636
216.867871
216.630793
215.143977
217.310305
217.853837
218.402978
216.938768
213.898506
217.659507
217.413526
215.193133
214.050525
217.676869
217.837058
215.169339
217.491572
215.719138
218.053713
218.509642
218.410143
216.778778
217.537276
218.620763
203.679957
217.634883
215.918238
217.656450
218.116250
217.386133
217.401525
217.487322
217.133383
216.274546
218.798166
217.819795
216.900188
224.095680
216.790532
215.861518
217.151666
215.531883
219.106817
214.486266
219.892372
208.436582
218.460475
217.301131
344.252889
216.383429
216.859626
217.042295
217.427129
214.902923
220.207878
216.273078
217.194347
215.009442
218.056635
218.890988
219.212794
218.195149
216.908479
221.696309
248.341781
212.983618
216.671360
217.222225
214.202148
217.230761
217.831827
221.541233
216.758572
216.648864
217.022727
217.269392
216.950239
215.899281
208.734111
216.486761
216.592106
217.339729
221.166360
215.720223
293.309689
217.176466
214.890920
215.244505
213.690300
218.507954
219.126942
216.762304
219.741456
220.992541
217.511663
215.765958
217.937583
217.707707
218.440721
217.754611
217.071176
218.853886
218.377408
218.146643
210.839108
217.034407
218.361438
216.526776
216.850731
215.628532
218.255674
216.465742
209.623271
219.356505
217.342238
216.426600
218.830274
216.609626
216.902440
218.268334
217.207828
221.464758
219.681950
214.634334
217.940115
217.373784
211.155330
217.222948
218.733540
218.759421
216.852708
217.380250
217.215610
216.610050
217.042773
216.806697
217.078222
211.455257
224.299010
217.251189
204.103555
214.582428
223.708139
219.616940
217.553944
217.446965
218.066568
217.810037
216.346432
218.991954
217.262836
218.398479
216.770682
216.381176
216.575740
215.813119
216.501389
218.870451
215.146092
217.702768
217.086706
216.500468
217.355489
218.320357
222.249769
217.737141
216.097521
216.693642
214.588366
217.770240
217.651729
208.627457
219.814983
216.508540
215.343984
225.443852
219.687231
216.830440
216.443938
216.382503
217.675996
216.213999
216.778803
128.932235
217.706710
217.369304
218.979417
218.609517
223.066054
217.397326
217.891577
215.941659
216.257327
216.275420
217.587604
216.657845
210.720072
218.655267
216.974472
216.743926
218.591014
219.718210
214.577223
214.224179
210.300210
217.868793
217.400071
215.699160
218.644527
214.813713
221.565521
217.980483
215.888670
216.949535
215.657640
217.702930
219.629163
251.198223
216.752343
218.990390
216.564424
215.022839
217.759742
219.565000
189.579922
216.785673
214.339402
217.312535
217.080452
217.315676
218.638827
215.517329
215.307725
216.638491
217.310234
217.128619
217.564845
216.546119
218.178718
216.960294
221.589891
216.085503
218.301221
217.604066
219.082480
216.617787
230.853976
216.807254
217.511438
218.710323
216.538117
217.394043
222.807292
221.366088
218.238491
218.597163
217.090265
212.541606
217.834795
217.324430
218.344377
218.132164
219.519819
215.998858
217.358576
218.261152
217.153771
210.105072
230.351679
216.650062
217.106474
217.743275
225.382007
217.639569
217.353510
218.314968
217.259107
216.713631
216.365903
217.342828
212.876895
218.142136
217.768081
217.494062
215.375051
218.227932
213.794030
223.526015
217.925501
216.462165
217.279329
219.382356
216.687702
216.958236
219.901810
210.597900
209.518711
213.519545
217.926488
217.664889
217.039253
216.290553
215.947905
210.031667
215.916982
215.203014
215.751574
214.816856
218.952965
221.358894
217.656142
217.103285
215.435812
215.322232
216.880246
212.658877
219.616595
215.293813
215.849536
216.712653
217.474790
217.469579
217.628019
218.214658
218.428059
216.494575
216.306501
216.938337
188.212706
211.513206
219.232353
213.818240
87.803021
218.262482
212.452285
217.364432
209.198888
206.054822
239.782362
216.822776
217.117112
217.542361
218.918127
217.195606
220.010475
253.983357
217.565538
212.029704
216.530942
218.394449
217.409353
218.951866
215.380968
221.449626
217.569680
216.234997
217.092276
217.260885
98.486085
217.903901
218.692780
217.875755
214.484863
238.993402
217.577774
219.214852
218.733525
221.128461
218.849120
220.361961
217.457788
213.825907
217.091234
217.934946
207.105460
215.705441
217.521277
217.346015
216.216127
212.142734
216.032710
217.288058
218.827974
215.110293
216.035490
216.794859
216.918452
216.953805
219.536402
220.242707
215.900986
216.873418
216.795475
217.144215
208.562133
217.013213
218.817836
218.358980
218.962044
215.218839
215.368279
216.450080
217.816104
211.339909
219.235376
218.609031
216.755367
202.653244
196.457251
216.172627
205.891475
218.386099
214.701992
219.342866
216.058191
216.914381
216.285988
214.272497
215.810755
213.327991
217.050792
218.938330
278.608477
216.977250
216.535621
217.128312
218.131791
216.899426
217.801629
217.038181
216.914971
214.646443
212.133955
217.244976
216.339688
218.583791
223.488173
217.015146
220.881463
217.481716
215.216708
216.310271
165.539233
214.722816
206.970602
216.890556
217.247264
217.680734
217.051505
216.055082
217.205503
217.611355
218.525668
217.725588
222.414598
217.060487
215.534889
215.527468
217.618974
217.288641
216.079425
234.509693
216.665952
216.767934
217.758020
218.761365
221.850647
217.871971
216.319840
228.860532
217.501631
217.043855
215.344046
221.681635
216.820134
216.403898
216.707783
215.796294
217.116798
216.976908
217.084118
222.404266
215.500534
219.208468
216.803087
231.257659
217.571404
219.610179
216.501926
218.383640
217.057977
217.334712
216.699713
216.657776
221.888861
217.278833
219.113377
216.249068
216.861176
217.532253
211.636876
215.068112
215.369841
219.487686
222.641787
217.945061
217.114113
219.903905
217.915252
218.953079
212.422463
216.743524
216.904819
222.412109
217.512102
215.926786
215.948386
216.079877
216.747892
218.391520
217.555381
215.964391
218.828531
216.999305
217.767217
217.305664
217.808074
217.225057
215.090956
217.998085
217.825784
216.402178
218.338946
217.367864
214.132241
214.822626
214.621045
206.876448
256.608762
221.211587
216.213690
216.672593
213.346753
208.615554
216.973321
216.968195
219.334609
217.296890
217.909165
215.819816
214.874820
217.698798
217.724405
219.112088
217.293647
220.029657
214.685701
219.059040
216.692206
221.007517
216.195507
218.331140
217.600551
213.641743
216.966579
216.202661
217.630007
215.948829
216.181053
216.325218
211.531125
217.560616
217.760847
216.996055
214.918349
216.825237
216.134288
218.489134
219.396593
215.539671
219.317723
216.785766
216.629020
217.371124
218.039961
215.352874
217.166448
215.944855
219.575749
217.124682
216.822153
219.757733
215.153390
215.676208
217.403239
216.968276
217.782214
217.825462
216.325892
217.428000
218.585151
217.247749
217.510395
217.103214
217.484579
218.303746
217.152770
221.620554
326.437499
216.679691
216.601110
220.586711
216.662564
220.321127
218.507047
215.195251
217.499241
217.882962
217.188378
217.592315
216.994721
217.852793
216.512405
217.008229
217.420370
214.863381
217.468876
217.930428
216.803189
218.479232
217.060984
216.752435
212.061954
216.787862
220.657792
218.127976
217.706060
213.861462
209.037824
217.137571
215.928856
219.756612
216.253199
217.643381
214.183185
211.660898
215.919097
216.421170
224.322807
216.797156
217.584976
217.063500
217.232308
216.129912
234.606870
229.024570
218.252591
219.259507
217.075912
218.097913
216.043030
218.620367
215.257616
218.225293
216.517253
215.440864
217.506620
217.507453
220.016763
284.220246
218.377140
221.849926
210.489466
212.217597
216.244964
212.200522
218.320022
216.733157
216.560350
237.973724
218.589299
217.066588
217.789577
217.190243
216.778269
217.213573
198.414119
216.735780
215.886681
217.457570
225.446175
217.873115
216.817617
212.601968
217.555914
215.947315
217.214831
217.168755
216.574571
217.457869
213.588161
218.969718
217.476841
216.670969
210.281623
217.365951
217.157407
216.877203
216.623590
214.307249
217.362835
217.334759
216.756722
219.211784
218.718664
218.732260
216.725132
216.851699
215.645762
217.373850
217.587286
217.153471
218.782208
330.562947
217.438178
216.414586
218.014339
205.176931
213.913610
216.899832
217.807547
215.066218
176.771267
217.616194
221.828899
216.846581
217.501917
218.350597
189.886793
216.537096
216.930293
217.131010
217.306740
217.462329
213.352368
220.897321
214.852671
217.186219
216.864135
216.876075
215.615905
217.133564
215.977491
216.657632
201.430290
218.494611
217.943391
218.033742
214.345530
220.351750
219.157194
213.986772
213.582333
216.401264
217.691938
227.036724
211.633895
214.455042
217.543617
217.170833
217.324711
174.989088
217.206077
217.385372
215.375862
220.495867
216.770638
218.326056
216.766895
216.737533
216.632015
214.884830
210.058218
216.837947
217.490182
216.597212
219.804818
217.509076
216.364360
218.226968
217.388707
234.702249
216.756022
185.145486
216.913883
216.680192
216.831893
216.819959
216.835207
214.781695
216.269774
216.592103
217.513793
217.475610
217.107752
211.436924
217.337668
215.881489
217.685799
218.320639
218.259200
243.245497
217.369698
213.638534
215.744920
217.980620
215.637573
217.606420
175.358201
217.447771
217.921574
216.668766
218.085278
216.478098
214.103328
218.510116
219.193517
217.463041
212.285043
213.790233
199.924805
217.846177
213.655532
216.013990
217.130559
