391.749618
392.350726
392.663967
392.779389
389.230250
395.421427
392.468452
389.606738
395.231362
391.506879
392.546626
391.402272
389.391123
393.178091
394.366791
406.676808
381.807652
395.919232
392.443225
392.629333
388.639605
391.403802
398.588365
386.030913
392.887636
379.769525
387.554171
391.584969
391.027333
392.657243
391.347818
395.220125
375.374453
392.509209
392.740393
393.186234
393.149386
673.537916
391.889523
393.711078
395.211031
391.308372
393.473452
392.063173
390.626107
273.272747
389.857814
393.307276
387.369441
394.026397
393.733331
395.977437
392.851657
386.604999
385.829248
394.403509
394.167091
392.579026
393.530224
386.250303
393.493350
389.550352
399.094555
392.908204
392.242296
391.456709
392.367846
392.499044
391.620204
393.303749
393.111945
392.770018
392.191414
392.405718
392.099461
390.758852
393.300323
402.135497
384.815671
370.266303
391.003377
392.310656
390.141286
393.237543
389.851873
392.025124
392.064871
391.774168
390.726732
401.365794
391.968732
391.653506
394.788984
390.285545
391.358605
396.555805
392.607638
392.923418
390.356720
392.496025
386.205760
391.509312
392.503590
392.514558
391.278177
389.803123
392.801772
399.928483
394.481292
421.040565
394.319395
392.054818
394.543353
393.471084
390.409547
393.008369
391.774892
376.921507
391.935978
397.882555
400.666807
393.288448
392.602018
395.994478
391.869064
393.096419
393.051975
388.940688
392.295008
394.727013
392.893387
392.272470
393.726614
392.305409
390.849360
370.962301
390.078008
391.366986
391.603857
391.890013
392.741015
391.964744
386.627167
392.294936
392.517499
388.007008
389.284567
390.685448
393.899649
391.513682
392.542484
392.208183
391.716618
394.382314
391.836038
388.110839
391.046903
392.309840
392.147419
392.358238
392.570019
393.248099
390.552095
388.251132
399.422674
427.311172
299.834096
392.330102
391.737427
368.274846
392.061946
393.075179
393.779373
390.713492
390.666586
394.342315
390.392682
390.794452
390.899953
389.819373
389.837396
389.832942
389.545714
391.182102
389.144418
389.975401
392.900517
392.915604
388.980626
390.520477
388.719093
391.797545
393.829584
393.313339
394.398899
391.738891
391.765162
403.463200
392.464198
394.730910
407.939439
391.584309
391.977046
393.288535
389.647786
391.700585
391.626739
392.177208
391.606550
388.226796
392.575704
386.826732
387.948000
392.778928
391.319842
389.071290
394.171630
391.649974
392.928241
394.786656
393.327390
391.228041
391.409085
391.053310
392.059942
390.123933
391.453183
392.679263
391.486187
393.842785
392.157342
401.592378
389.660022
393.054470
381.826746
391.756309
392.110787
391.703325
392.653384
395.112604
392.004917
388.022395
399.277491
393.328265
392.053196
390.500345
391.501399
391.135298
392.246974
393.703989
392.226716
370.523877
392.984290
393.843632
389.742233
391.836342
391.322471
393.503155
394.320021
391.600815
410.778811
393.468821
392.445871
391.246120
399.002096
391.809818
381.803613
392.225663
392.082092
392.844046
391.844662
392.174242
392.576770
390.430013
392.880071
392.610268
390.901734
391.168809
392.029077
398.617342
391.183364
391.581931
392.591509
392.349047
392.823484
393.942767
392.783483
390.796581
392.541989
427.366436
391.992428
393.432457
392.760623
392.447372
391.204170
392.830328
392.303380
392.548130
388.964703
393.037485
392.122084
391.785492
392.091212
388.727205
389.854773
392.029063
393.181695
390.907931
393.030054
333.464755
391.523851
388.343205
395.142686
388.773486
390.162101
392.728421
392.645706
390.973051
392.682421
391.336778
392.071126
391.299320
392.395370
335.077292
392.018969
393.574352
392.136217
392.133512
387.223273
391.705538
386.559627
383.958836
391.013112
392.181264
391.017388
391.606538
392.150940
391.801202
392.068820
392.021574
389.897051
391.943868
391.606022
380.407752
393.661474
392.945467
390.272021
393.066918
389.394518
393.719842
390.805646
392.277701
393.343226
392.389239
392.829259
398.317998
397.957617
390.303694
387.489062
390.521749
391.138718
392.410727
392.477514
392.114505
391.480816
393.668986
392.786852
393.106088
395.010748
392.235497
394.813804
392.952326
393.169627
384.297278
394.629844
392.853131
389.340954
392.358617
389.084023
392.779199
391.846192
393.168283
393.555491
395.661311
391.771660
392.747291
398.661934
450.298682
391.859477
392.860845
392.301321
356.000207
397.535037
391.006666
393.468570
393.368431
395.492453
392.376335
370.798470
392.592289
393.072987
390.831114
390.928287
392.485130
392.165216
387.795851
392.040135
394.019833
414.651716
385.232561
390.514185
389.976197
392.284610
391.746384
392.568312
391.068848
382.912705
376.300757
391.234627
391.373828
384.218024
393.149335
391.863578
394.048244
392.190551
392.939301
395.652653
391.971757
385.311058
387.411864
391.454400
395.950091
379.825958
392.688980
404.218855
384.246945
391.437871
391.614577
393.496776
395.909883
392.912902
393.300450
391.115125
393.111914
389.539010
391.930359
393.823881
392.564090
394.201414
394.236284
396.244806
392.611223
395.966935
340.502571
393.046994
392.986817
387.679660
392.799962
393.549373
391.294163
408.672662
391.955479
391.888262
397.205651
397.385104
393.571207
393.642504
394.084991
392.435124
394.094980
393.184790
392.003537
392.481680
391.290180
392.211228
391.178380
381.238096
390.702556
392.545762
399.657216
392.595910
393.862538
393.220369
383.373809
392.046636
391.463936
392.459517
392.442308
391.711480
391.937636
392.267440
390.691085
391.870950
391.740425
391.364152
392.110449
397.090553
390.665447
393.735870
391.040613
392.131038
390.423000
394.415446
392.210983
392.751548
396.277806
391.564736
389.763664
392.448972
391.132332
391.251372
392.980425
392.047034
390.763951
392.516739
393.106310
391.265089
375.839851
400.911460
393.095796
391.855548
390.739339
393.008451
392.700404
398.011704
392.592375
392.611200
389.534025
390.871689
391.260441
389.211184
391.807180
397.634025
392.002483
414.945525
390.948810
392.301272
391.720043
392.636950
391.513169
390.914059
388.434891
392.919426
391.401536
389.228086
394.653772
393.944037
391.136495
391.615551
390.644148
392.936052
391.443729
397.650274
392.578788
403.770632
390.067885
392.216850
391.974293
383.243882
392.289254
394.814448
393.289691
391.732971
392.353345
392.191016
391.560906
391.088456
392.604607
390.414932
391.886336
391.766088
392.125081
393.439743
392.178814
391.299683
391.941886
396.368668
391.837150
390.387099
391.659241
392.317788
202.512331
388.733466
390.908405
393.848284
389.887417
391.062562
422.361391
391.505189
392.413493
392.049485
391.041400
392.266871
393.944044
395.234462
388.339120
392.983298
392.664461
394.275513
392.765541
391.713535
397.139272
392.425177
386.552723
391.360504
377.486977
392.822470
397.084790
392.529111
379.880673
391.772799
392.304805
392.603073
393.986284
393.139453
392.066577
392.023342
325.497499
392.622404
391.864592
394.161487
396.179799
392.558816
391.118599
408.059781
394.175220
391.492504
394.194712
395.865035
391.915765
393.786742
393.154653
392.635236
393.051781
391.430602
408.888104
392.765357
392.539822
392.326615
399.574629
399.423824
394.932979
390.571392
392.806526
392.357185
390.929745
391.610197
393.843760
392.395127
389.791188
395.011632
394.084451
391.733841
392.066129
392.284239
392.848408
392.304302
392.430248
392.499280
391.524156
392.196930
390.763088
392.130808
396.017641
392.094294
390.326926
389.116045
390.566020
392.581834
395.361059
390.102958
391.959845
391.580749
392.281014
392.925297
315.890955
392.050496
395.391482
388.603392
391.224210
392.050762
394.534290
391.923682
395.069280
390.470460
390.321470
392.900539
392.274459
394.125472
388.814403
391.476012
394.649585
390.586343
391.795823
425.942693
392.512166
392.691765
391.565048
387.632285
377.280012
391.010605
392.441439
403.183743
392.374766
393.364965
393.855707
390.480258
392.360408
391.910161
392.732341
391.889050
389.373357
391.081987
391.477153
393.610458
391.695231
392.190508
392.434153
392.438148
388.150519
391.813983
391.168859
391.408668
393.434335
393.293290
392.455690
393.407418
384.784789
392.068174
386.960659
394.104940
374.764168
389.252146
392.828276
391.321368
392.188182
392.388480
394.214699
389.553205
389.918806
392.833234
395.422167
422.781612
393.943523
374.337699
364.418628
401.566035
391.579038
391.702196
374.319370
391.487712
392.566244
394.969831
392.140321
391.284236
387.406604
392.617791
391.456378
391.689804
378.466858
391.229869
391.992325
469.883627
392.074479
389.691518
381.509648
392.840031
391.986565
354.008474
391.620936
393.014794
392.893566
391.516475
390.626730
394.374197
394.757791
392.523598
397.411153
392.905049
392.195131
392.536546
391.613982
391.415128
390.283892
388.402740
391.768169
392.856435
393.009569
389.958109
392.954964
394.518988
377.899177
391.298029
382.957017
390.350529
391.016876
385.504612
404.337422
392.467644
393.464586
393.366631
393.518539
391.559207
395.336822
392.293313
395.019284
395.874083
389.049591
393.092097
393.137021
390.496585
392.410661
391.689051
392.207710
392.969880
390.144195
388.368506
396.999211
392.814568
392.860020
390.550476
391.130051
393.724185
313.947275
393.516211
392.866912
393.136533
391.896003
403.240194
390.367662
391.220010
391.936517
391.637166
391.522433
393.626034
392.515985
392.799061
411.243505
390.815364
393.513497
331.122371
428.881198
391.320732
392.807135
393.515932
392.314240
391.797898
393.195652
391.862946
391.256899
389.781433
392.918174
394.294163
392.979019
391.812264
392.296651
387.069511
399.551127
411.790324
391.493532
394.640724
389.461098
390.882526
396.905111
392.041943
393.549475
392.614986
400.757154
390.147752
386.189091
394.062735
386.238725
392.357133
392.446867
391.615253
392.822051
396.283181
393.385195
392.310683
393.336407
391.913967
392.878421
389.478271
390.985218
393.682376
391.645163
396.217016
392.103119
391.197820
403.746828
391.183356
391.083789
390.762863
380.315663
391.724894
391.960210
392.794993
393.650308
391.826724
394.441771
393.854129
393.770238
393.891746
390.859809
394.140644
392.209594
392.217939
386.289017
387.186888
393.102227
390.366297
392.066011
391.451637
394.816217
392.985452
393.568200
392.582156
430.436504
168.600927
392.923465
404.398776
392.587131
391.685993
393.101729
394.687278
392.739678
392.860306
390.247400
390.753335
391.380069
392.138690
387.927763
391.727520
406.887766
391.919975
390.912205
394.457237
391.850341
392.228840
392.306055
479.683021
386.196552
394.929919
392.363028
392.187874
370.794863
394.719928
377.133941
392.543352
391.661389
365.297409
392.537737
390.416084
392.278447
390.423462
392.615980
391.652918
390.292651
392.076320
392.193732
391.335894
392.807397
390.797500
391.482916
389.081308
391.769331
392.896749
394.178443
394.106570
392.067817
392.065538
340.321497
394.887454
393.423793
390.495104
404.581070
394.264622
392.876263
393.271449
391.977876
392.666122
387.464878
397.756241
394.394421
392.539361
391.879153
390.888768
392.163232
396.545280
388.540230
391.880764
386.458784
393.262035
392.497765
394.190496
391.542836
391.742506
392.660501
392.023619
392.966403
