396.225014
397.854038
397.419661
397.784481
397.632030
399.626245
397.537511
399.512769
400.560547
384.999227
397.610198
397.960881
397.072862
398.418590
398.449087
402.970621
399.751461
398.026495
398.653803
399.725137
397.136393
398.428821
402.253358
397.539077
394.435884
392.174208
395.294495
398.645145
382.001459
395.309758
398.996907
396.145833
397.564580
397.533893
397.587292
398.071266
397.961940
398.213468
408.784312
379.580074
398.104523
421.871919
397.548344
397.020342
399.687010
383.370392
398.148832
398.003243
401.413972
397.824459
399.017986
398.787910
397.820878
398.594369
398.060134
396.302359
397.541782
413.346880
398.384000
397.370990
416.413418
399.149891
397.203660
398.291252
419.612447
397.678163
396.655889
397.839157
397.185493
399.630723
399.519522
398.135676
402.078409
399.161168
397.900517
236.062797
398.732300
397.042718
394.691172
402.710186
398.321704
398.684487
398.053232
393.279426
398.776658
398.633064
398.850808
396.642022
397.614211
398.540465
392.472279
386.669133
394.670663
397.049686
396.617755
396.548763
397.295223
392.962028
398.144065
398.460130
396.936224
402.701526
406.285284
396.578706
398.127706
401.060504
395.605559
397.139930
393.350665
397.242195
397.406854
398.463468
396.630463
399.443976
398.511885
398.606085
397.982534
395.369229
397.544348
398.854069
398.259212
422.718165
399.455603
398.103441
398.308663
396.991208
396.809015
401.687003
398.778694
398.232642
398.220582
394.298883
398.884958
382.745317
398.403927
397.028180
398.647336
398.917908
398.414023
400.680259
397.253028
400.422611
398.149422
397.587249
371.638810
396.210611
399.561983
399.537764
396.399495
397.862100
398.424709
416.195757
399.498710
394.907519
401.125456
404.914135
404.871089
396.073288
381.757030
344.674820
445.881078
399.580609
91.471795
399.765141
396.793319
398.106520
398.072881
396.878259
397.167492
398.145399
398.093803
444.835012
399.469393
390.934021
434.775495
397.855117
397.479949
398.069439
400.491144
396.534098
404.901827
399.610360
397.950165
398.855573
398.405808
398.066782
396.883970
396.856191
397.483400
398.053994
399.536982
399.347105
399.183033
397.687294
402.250392
397.332188
399.286911
397.498305
397.599160
394.550826
396.516364
397.387264
397.209663
397.881508
398.888447
397.875202
397.599442
399.190731
398.089919
395.417395
400.430916
400.401466
398.330976
398.669200
398.536965
398.462537
397.919178
396.786728
397.314527
397.986507
402.103432
396.359623
397.109808
389.183133
400.686101
400.485327
398.243090
398.222799
398.087110
398.696496
397.858071
397.290286
396.727076
399.917497
397.095684
397.562224
395.728298
396.299123
397.132471
398.545203
397.352679
398.151334
397.599120
399.485073
397.729537
402.966019
398.006030
384.955344
398.877369
410.680899
391.617333
399.701281
399.152763
398.833641
397.460006
397.129683
397.109935
395.977316
397.840291
397.895180
399.198885
397.709116
397.325429
396.142903
395.391557
396.880949
398.376749
399.167159
398.403362
396.146382
397.670438
398.983202
398.340707
397.735720
397.528593
387.805469
398.339629
397.435106
414.269595
399.090088
396.648952
398.174964
386.590114
399.207316
398.138587
399.011472
394.757824
400.072032
407.349110
506.255482
399.330880
397.817126
391.331091
402.460984
395.949422
397.171961
397.675499
393.929474
395.807883
395.452330
397.892666
396.030050
396.760862
399.347342
397.066225
397.372865
390.886052
397.775139
398.439142
397.418406
398.199448
397.924004
398.915435
396.008967
396.358346
400.351076
396.954071
397.717313
398.661186
397.480288
395.696805
398.102503
398.670934
398.730264
398.066063
399.563300
397.936710
397.318764
422.852486
377.768368
397.873550
399.538080
397.986551
365.601634
402.312472
397.392243
398.906518
399.536012
398.582708
397.483880
401.330836
384.993546
399.053902
401.732092
398.370169
397.647511
397.540392
417.821376
418.287103
382.276429
391.007135
397.474750
392.031159
398.378443
397.145733
398.457249
397.518547
396.649705
398.152228
398.195090
398.595282
407.849109
398.583344
398.020926
399.466794
400.682133
398.838154
404.301243
397.404593
393.340246
394.096491
397.066057
396.125171
399.828351
395.110750
397.536645
398.243971
397.326150
398.292846
398.069136
396.937554
397.877584
394.456798
397.831689
396.539227
399.745483
399.314620
396.808092
396.526390
398.078910
398.726246
403.976456
396.205621
398.023962
400.053844
398.750824
397.102346
399.654781
400.045708
398.792574
400.023202
397.947821
390.433697
423.392715
392.630382
398.192998
360.101351
396.868436
364.229335
398.196222
399.877171
397.842694
400.483127
399.651780
399.016419
399.011183
398.339551
393.344968
399.036087
396.956314
400.307212
400.854606
397.252079
412.057576
398.521514
397.570486
345.647507
399.879662
397.330646
397.702921
390.211344
394.381321
398.351339
396.939959
397.823058
400.755722
398.137988
396.144187
398.288723
398.102000
394.521052
399.727250
400.321347
397.854904
398.234515
398.945720
390.607949
398.595993
393.789967
398.780396
401.242589
419.484661
397.845360
400.722340
397.585637
398.557462
399.335985
398.754500
399.370280
398.476481
400.689126
400.310635
398.160882
400.859836
398.221615
398.526446
398.181690
398.184197
396.995056
401.775472
398.923237
397.750163
398.035666
397.015821
398.345630
399.605952
399.369929
400.145863
394.137361
396.914315
398.969964
400.052746
396.640309
406.406894
399.396598
397.865819
317.594997
398.381352
399.999708
399.454280
396.647856
403.158959
398.787346
398.747911
396.096609
422.586753
396.668431
423.601895
404.353353
399.370377
398.845646
396.015031
400.353909
400.644413
397.046641
398.089605
398.734719
395.188434
398.214020
396.038719
401.558883
398.895051
404.104059
404.278376
395.979893
399.647116
396.878693
415.163094
397.567201
396.951195
397.483795
403.162445
398.578248
399.718089
398.376311
400.494201
400.841717
400.369100
405.502703
395.180849
399.622273
408.760798
388.653332
397.679398
397.543168
400.183756
397.740573
396.666393
396.903236
397.545171
400.840698
397.913080
397.572047
399.998790
397.053348
401.706099
399.150188
397.998038
395.128040
398.129883
398.507447
391.513644
398.050722
398.482325
398.708838
411.237684
397.661508
396.040048
397.817239
399.102729
397.873048
402.646742
399.067471
399.181196
390.905852
397.277466
396.870650
399.855003
397.721830
404.318156
400.875579
399.787768
403.862962
399.564618
401.170827
388.937152
397.242489
396.549753
398.356217
399.049818
376.654738
397.011747
384.060613
387.821003
398.743546
402.018949
398.359328
397.311870
398.702858
397.456399
396.189024
397.812701
398.463507
396.755333
399.446289
398.478646
397.405812
398.936892
458.973658
386.095593
397.694318
398.688968
382.945143
399.011834
397.578753
389.728798
398.472341
396.168514
397.681138
398.169649
396.243348
392.304011
398.346662
397.812639
395.677746
398.181160
400.791849
404.423052
397.876897
398.057068
398.358321
400.329101
398.514970
398.565209
397.651685
398.715898
404.680831
400.612153
398.459010
398.699669
397.860039
398.833135
397.678230
397.188592
397.439024
399.743169
396.849195
397.485247
398.799556
399.221058
400.700429
395.594228
403.717411
416.026526
389.731488
401.193456
399.783041
397.659647
398.290514
397.744827
398.405011
398.295222
398.345948
392.298928
404.714654
395.948298
398.382017
399.324996
398.309444
396.585212
397.786408
384.321126
399.972855
394.369714
398.408238
398.105644
397.429690
381.420821
398.052675
403.740294
396.906573
399.320926
401.800148
398.064916
398.019328
397.637047
401.308167
398.944389
391.186427
370.906658
397.494117
398.456602
399.301122
397.537076
397.933499
397.962561
397.993292
398.201971
391.802949
397.254057
397.508661
397.929678
402.643404
397.619889
398.350716
397.626352
397.742827
396.382269
398.172253
398.532012
376.714588
398.357453
397.020407
398.049886
399.789493
398.048671
397.879854
393.565289
397.349817
398.362004
399.200199
400.234143
395.527537
397.447360
399.420553
401.852731
402.067770
400.211079
348.198418
397.329665
398.113940
397.535783
398.205388
395.743302
397.512204
387.545951
399.574570
397.958112
398.144155
399.760104
395.263756
398.913157
396.207920
397.384407
398.423825
400.421797
398.206553
397.966538
398.360478
399.245929
397.776866
398.672997
397.492987
398.865093
399.584142
399.170767
400.808594
398.318207
406.177864
397.800489
398.605309
398.804705
398.011514
393.882676
398.798299
401.122338
397.520187
398.386995
397.527759
395.365268
397.146138
399.071390
398.106791
399.477353
389.225431
397.187524
397.913728
400.123692
397.408394
396.672114
397.661025
397.769327
212.593821
396.700382
398.176565
397.672627
398.059482
397.886383
399.130172
398.456966
392.088868
398.956949
366.704978
397.981154
397.740000
400.444425
398.294459
397.385801
396.905103
403.091221
397.875346
405.660975
390.742597
384.754178
400.818290
397.646411
399.378607
397.490477
393.980228
399.333402
397.594880
399.312207
397.325763
398.191761
397.474753
397.845646
400.072373
395.705485
399.068072
396.525993
400.217295
407.674908
395.796801
400.401502
397.957626
396.079449
403.348555
398.077344
386.529681
393.423760
398.965254
472.518148
427.207054
399.156630
398.725307
397.697504
318.869564
399.222840
398.562975
398.707097
398.081369
400.261150
397.957087
397.767918
398.171244
446.592651
398.789970
396.917560
395.850262
392.894924
398.340772
398.688390
398.034345
399.026197
396.102294
398.404686
403.030090
451.482355
399.528359
398.560278
396.203527
396.475777
399.535976
397.911483
398.410048
398.366677
400.201372
398.166097
398.353017
397.935218
398.594453
395.890682
406.448546
397.639662
398.044554
400.176497
397.801788
397.455087
349.947402
398.673450
398.329460
398.575526
399.088773
397.992230
395.685710
398.317783
398.877891
400.312387
407.716081
401.324627
397.461961
398.588434
397.761603
397.701404
398.997084
399.216608
396.776389
392.575240
399.505419
396.922095
409.432052
397.213135
399.684905
400.340188
400.355548
400.231888
397.472591
398.661054
397.421469
399.114360
398.532614
397.912505
400.020152
396.933284
398.358609
397.280009
400.993275
398.055078
397.526115
388.024131
402.297910
400.881388
398.178157
396.342396
401.926135
397.861994
398.362546
399.502746
400.820356
396.598823
398.438252
397.540289
394.325956
401.478770
397.301910
395.234432
397.235686
398.296024
401.639206
405.251336
398.820711
397.330694
398.831502
396.064372
397.530972
398.719781
397.195476
399.142571
397.786080
397.119968
398.803198
400.442563
396.898823
397.353185
398.912017
403.859746
398.821261
402.175490
397.750298
399.910857
1186.965423
363.030594
389.498669
398.389648
394.917878
398.898325
394.576825
398.437796
397.616432
400.367965
398.336093
398.011376
397.602798
399.961752
398.905669
398.221535
398.299285
396.919971
397.521304
395.406025
406.525816
399.225576
391.532791
399.469264
397.003600
400.678333
398.430831
394.989794
396.596286
397.233268
397.813365
399.015729
397.891594
400.296819
398.599129
400.227555
398.344371
420.667774
397.468728
405.418383
399.143714
385.656563
396.591601
398.138520
422.845414
397.503202
396.355503
393.251507
398.655226
399.203364
