446.080185
445.849091
447.702486
445.542523
459.075588
444.389617
446.611901
446.218491
446.174241
446.406415
446.920633
445.740475
446.579430
446.520572
446.175943
439.407929
445.859725
446.442324
446.536858
446.440004
464.310812
445.142299
446.470132
445.444180
445.134379
446.997091
446.164405
442.849654
446.429414
449.363708
446.532244
445.457190
446.758763
442.015835
451.846299
414.879138
448.368872
444.830624
447.808440
446.424775
454.402919
448.569906
445.951075
445.507690
445.754995
446.002964
445.207149
432.096834
454.337728
443.592958
446.363735
447.338496
446.129053
443.288549
446.142904
445.382626
446.271299
445.566345
447.107942
446.194368
445.469743
448.047087
444.078928
446.145125
458.665875
443.656362
451.133481
449.404950
445.376744
445.436937
419.697289
446.737343
450.736308
445.715570
445.982378
817.107165
444.004052
448.226642
446.127050
446.278466
443.986792
445.015822
415.540970
446.482506
446.016264
443.818324
447.515557
450.525971
443.697081
440.462582
446.621654
441.628908
444.388388
432.590665
444.246989
447.797289
430.527309
450.087238
447.408959
452.131241
446.376432
447.334290
446.089944
448.563174
445.759249
446.856981
446.314585
443.862838
443.228153
465.946551
442.262812
441.948442
446.056814
445.458319
449.022857
443.537755
443.411571
445.962528
447.110538
458.365589
444.921367
391.698142
430.117197
443.210812
448.344260
445.668260
454.284943
523.364917
447.687512
316.388124
448.135298
445.807022
445.302263
443.274148
446.243894
436.709918
446.175228
446.713057
410.069367
444.175858
443.846007
441.222684
446.090583
444.438866
446.217653
445.182653
446.465990
429.042066
441.920667
447.955874
448.408137
445.076136
445.767125
447.537039
448.241052
446.581169
445.617865
439.792515
447.418946
447.127520
465.132488
444.968312
445.192378
446.861369
446.944627
432.653090
445.973836
446.418395
447.713550
284.278798
445.234169
445.531454
446.894469
445.301163
445.179375
445.159922
445.440624
448.624375
448.977552
450.068347
446.468333
445.201481
473.915910
446.188041
446.152165
446.905931
444.299101
446.029444
446.729478
446.796509
446.536450
440.887112
426.181390
446.406683
445.167199
446.626073
444.940205
445.553490
446.759791
447.117549
445.559123
444.718405
448.084185
446.425945
445.841325
444.196460
446.985413
446.897992
446.946772
432.367970
445.751259
445.579944
449.660935
445.151788
446.697136
447.005918
439.873516
445.981301
447.891796
449.862333
524.664198
445.990824
445.768083
448.272216
441.684314
448.765779
447.333374
444.262894
443.510048
448.615667
446.531463
448.616875
446.119400
446.026228
443.078369
445.848040
443.141057
446.325921
455.108758
447.025074
448.092844
446.447221
456.839123
449.366092
444.669603
446.046217
446.331394
446.860904
446.910320
445.218330
445.568054
445.607924
445.676253
446.653681
447.383567
424.894462
445.329890
441.501161
447.232655
446.982099
446.924536
446.140794
447.670161
446.961373
447.553307
444.097400
444.461400
445.346570
446.549969
-169.675017
453.946795
446.193097
446.944723
449.237258
445.203190
447.058516
499.773769
454.037764
438.696361
445.333572
447.051895
446.643992
446.230561
447.754618
446.376584
446.868291
444.351282
442.681201
446.676485
450.579654
442.787305
445.439005
446.466113
445.805622
436.292753
445.449451
447.199830
444.688230
448.775465
445.787811
444.806701
445.779505
446.298628
445.092879
447.355751
444.579001
446.364902
446.577181
444.358962
446.253499
445.974343
445.610646
446.973001
445.679409
446.059559
445.806735
444.705433
445.157199
445.630788
438.856322
446.899700
444.695210
446.241383
445.993317
446.983137
449.487369
441.833872
447.362731
446.044688
444.283704
449.223353
446.495520
446.070205
442.899696
446.469523
445.828482
444.783567
446.742155
446.434351
448.808626
453.008542
446.733610
446.892969
445.764996
445.577126
446.428123
446.741137
447.979332
454.435052
445.971626
445.537269
442.953113
445.071374
444.875077
446.619619
447.604627
445.679417
445.898035
445.409185
447.491459
445.567094
432.554735
445.475233
443.221878
446.413394
445.867739
446.013478
448.952295
447.159222
443.595835
445.148372
444.442749
445.542745
442.744056
445.085410
447.406280
447.309633
444.944370
445.790353
435.803860
448.859025
445.680091
444.094875
446.208921
445.981106
453.313961
446.652599
446.068477
445.401678
445.880521
445.114462
453.025543
447.429256
446.100877
446.210612
449.268419
444.908425
446.606783
449.954964
445.588048
414.478200
446.944858
444.723556
446.283792
448.677463
445.426463
449.055253
446.218390
444.699797
429.590554
447.623255
447.391161
442.614297
451.408632
445.776752
445.585305
445.167991
446.717430
445.372425
445.723145
451.212514
445.402638
447.460321
446.128590
448.906217
446.224653
446.474562
447.603470
449.630183
444.555478
445.021036
446.520770
450.381675
445.897180
439.745735
448.626320
446.036642
446.005083
486.840031
446.852362
446.882321
447.514704
446.014575
447.920187
447.339729
446.813016
444.744547
443.376138
450.712485
439.521346
447.978254
446.129662
445.902048
448.042482
447.522607
445.162833
445.858318
439.795844
446.211011
449.494518
446.199608
444.787517
446.456222
446.715054
447.708018
444.784713
446.095537
446.329694
445.922167
446.973500
446.685461
445.366434
451.178248
493.011444
434.367105
437.066079
447.504980
447.199038
445.111783
446.573067
447.766607
446.802354
445.576990
447.207568
445.200243
455.662488
445.223595
446.913658
499.428753
446.016165
446.977827
445.165963
448.274238
446.210925
445.645522
444.074674
445.490583
446.929522
445.121993
449.187481
444.775908
445.750640
439.657094
446.452356
446.554713
438.629026
446.499318
452.120757
445.455296
446.504327
446.520065
446.636349
447.999169
446.655170
442.233611
445.489374
445.814096
446.365500
448.523673
446.195277
446.273060
596.935319
446.348937
446.652830
446.577542
445.811014
445.541641
448.337700
449.822515
446.138997
456.806375
446.511000
446.187792
447.088460
449.861734
444.019663
445.764414
446.834465
443.997911
446.121825
446.850792
447.670757
445.435856
446.292531
444.788384
447.771402
444.554613
449.634856
445.152569
445.272035
445.993427
448.228712
446.753282
445.969731
445.176672
447.138210
446.943569
443.996331
447.659557
444.637332
446.265356
450.484953
446.168486
444.745043
445.052550
445.804174
445.892689
447.998674
444.583698
445.659487
447.992236
447.413403
445.444135
432.825187
446.709237
444.761204
446.278613
446.443415
445.402622
446.210459
445.984640
444.964479
439.270998
447.296619
445.019059
449.354768
442.403296
470.228706
445.948298
446.163028
444.933553
445.860574
445.477100
446.077069
443.125573
443.304401
446.170783
447.681575
448.576481
445.550505
447.722400
444.337004
445.018502
443.764602
447.252350
444.592592
446.442489
445.860483
445.912475
446.382468
445.787643
445.810209
446.394610
444.320979
447.275499
445.869608
447.011501
466.204137
452.180190
447.262254
445.950482
348.799314
446.955850
445.873113
445.633533
445.856785
449.360422
447.115114
444.542174
444.703788
448.717827
445.076352
448.390585
445.147636
448.162399
446.464819
446.131261
448.230658
440.055592
441.751788
448.345175
446.440153
444.191732
445.995106
443.356837
449.553304
445.923109
439.735243
443.190908
447.710176
445.575088
501.498443
446.930171
450.446856
445.610011
445.700107
446.086281
445.507223
436.963415
446.706447
446.667252
448.252281
444.579784
445.851196
487.824296
448.386441
446.789228
437.690206
451.907740
445.583194
443.859396
445.262395
447.216788
439.529416
445.115417
-125.830586
450.223238
442.087579
443.719210
452.502826
445.968363
447.932994
444.459554
443.363532
442.093343
446.578668
446.178214
446.401659
446.880036
445.107184
444.871751
448.089523
447.453973
445.760261
446.112044
445.563288
446.130087
439.336048
446.168628
449.863238
446.799791
446.799778
448.807364
445.318791
441.910860
446.489318
446.550830
446.118937
444.859543
446.490067
450.136117
446.109989
446.356917
445.018587
440.870809
447.303471
444.264534
447.163522
442.301779
446.565416
447.088165
445.479596
445.451073
438.358999
447.410288
444.206059
445.700625
445.325793
444.448706
445.623411
445.408723
446.766609
445.361597
445.627141
445.189762
442.995008
448.306558
444.853273
446.258975
444.052784
447.381451
459.877312
444.677322
446.770240
449.744129
445.520255
445.732860
447.489935
435.861692
445.704801
445.786374
446.636981
446.326742
429.137287
445.996982
447.249821
446.027392
432.969484
447.333930
444.972918
439.578316
445.937151
453.445067
448.183562
446.161185
446.147060
447.033102
441.637090
456.879931
443.642396
444.614812
448.709539
445.433284
445.334928
445.751001
445.983112
443.042235
441.056038
446.332486
446.952695
445.678783
446.260516
445.781750
443.667188
445.938259
446.379385
446.653605
425.759062
446.920537
445.802780
445.481221
445.430321
446.987996
455.744623
407.991087
444.535607
445.628759
436.707015
433.781650
544.642604
446.800113
442.423346
452.989936
446.361119
447.387948
444.423259
446.270352
445.514567
446.531770
448.363430
447.780778
447.581540
448.259982
447.584993
446.051928
446.817248
447.069371
443.356613
445.635492
445.462918
446.672956
447.079559
448.844592
445.969426
446.672529
443.190404
448.092099
445.260320
445.685996
447.961846
443.777937
446.705506
414.764986
446.009831
449.907366
445.759936
435.526791
447.784204
476.548369
446.755445
446.376912
446.212322
446.778418
443.400554
443.418914
449.995173
448.015085
446.777373
444.764160
436.453361
446.259995
444.867077
445.188222
444.729079
446.160356
446.900668
447.020785
445.106984
446.096469
446.630247
446.204811
459.210731
445.476534
446.354537
446.801205
448.840889
445.408406
447.378483
444.156903
441.924767
445.064254
446.765770
447.461899
445.865324
444.216608
446.638518
445.334172
443.275752
445.584323
447.339111
448.875306
448.223860
445.633165
447.336340
446.194821
445.746966
448.269841
446.163476
446.077076
450.653961
446.767616
445.789572
444.868089
450.657697
447.909198
447.450987
446.805951
445.783237
445.956327
447.674018
441.231628
446.226754
445.713101
445.396953
439.441347
442.395632
447.035816
446.141476
445.689535
445.560464
448.851632
446.372928
456.659069
444.942420
461.308541
466.174838
446.083213
446.246539
440.476159
440.556646
446.184799
444.375428
445.030849
446.542756
441.965444
445.196754
442.590412
445.525293
446.768645
433.551219
444.639074
452.705509
446.015944
445.127741
444.328735
443.274441
448.717596
447.040449
445.842886
446.351637
445.307493
446.332612
445.343112
445.716248
446.493387
447.733529
442.042578
455.233207
446.104989
436.635323
444.470501
448.456522
445.131278
447.458868
445.418786
446.800020
443.434674
446.172934
447.437553
453.020403
445.774572
446.217321
449.452795
446.121085
445.723558
446.101354
446.372886
451.861500
445.122648
446.432256
447.275780
445.222296
444.285098
445.419439
447.183188
445.281421
445.332775
445.249372
448.895957
445.057939
328.198604
432.746985
443.519979
452.433650
470.973879
446.716555
446.547662
446.520216
444.702663
441.999214
450.447699
446.561871
446.491506
438.093718
448.349885
445.710180
446.948797
446.432044
448.386973
445.439637
