-401.625396
-400.467521
-400.180879
-403.757097
-398.430375
-401.154787
-391.653385
-400.903099
-403.361268
-399.419933
-398.820388
-401.686083
-400.935804
-402.697532
-402.426595
-400.451262
-402.728204
-401.902187
-393.598592
-397.425352
-401.349451
-353.254026
-400.947851
-409.879713
-402.936541
-402.970135
-401.217102
-401.587770
-401.395104
-402.199899
-400.781067
-400.720832
-400.684995
-404.109560
-402.354363
-401.062793
-402.650215
-401.730283
-401.367878
-399.696556
-399.947177
-395.546523
-405.346719
-400.942858
-400.436905
-402.454084
-402.547807
-401.385765
-404.850573
-403.857911
-411.626312
-409.126485
-402.500048
-401.998375
-405.362639
-404.211748
-403.009349
-400.295308
-402.206441
-401.793852
-398.730585
-402.315751
-401.812195
-403.240946
-403.246219
-399.661953
-405.995206
-402.365143
-400.899607
-401.558380
-401.366814
-403.251985
-400.709219
-400.982185
-399.509539
-401.659414
-400.411294
-402.091728
-401.746062
-401.513599
-402.487690
-401.590924
-402.799242
-403.985307
-401.181051
-403.187928
-404.822246
-400.457168
-402.212028
-401.180545
-401.306196
-402.327368
-401.653851
-401.730383
-404.281324
-402.153169
-404.465119
-401.785603
-405.630889
-402.270576
-401.004983
-399.339210
-400.988860
-408.033626
-402.139558
-402.620458
-402.569338
-397.693801
193.846210
-406.433558
-388.768344
-399.581774
-401.993338
-411.520995
-401.853298
-401.966924
-399.419872
-401.253336
-402.093576
-403.776339
-400.327333
-403.089408
-400.172300
-398.988030
-405.118564
-402.788421
-401.119127
-397.970861
-397.971600
-402.330595
-401.877888
-402.184368
-400.210808
-402.043573
-399.236066
-401.082036
-401.953940
-416.254824
-403.426060
-401.482117
-401.523928
-401.857007
-400.900330
-401.637471
-397.847490
-401.481193
-400.823505
-401.492601
-401.105897
-402.045428
-400.915654
-404.672723
-402.840823
-402.743287
-425.933811
-398.520041
-404.283140
-400.367853
-402.552024
-400.626457
-401.696996
-397.319962
-400.913708
-422.823442
-400.402288
-401.560143
-403.644268
-401.585381
-405.524624
-399.087174
-404.116460
-400.516157
-400.148863
-400.798384
-400.352495
-409.360031
-404.084030
-408.925657
-400.738302
-402.429170
-400.947267
-397.013653
-402.707990
-404.955664
-404.206232
-401.907290
-400.496530
-401.619970
-401.522723
-408.158606
-372.269991
-400.807465
-401.834998
-401.532027
-404.096458
-401.107788
-400.757837
-402.205293
-400.954173
-401.758796
-390.572951
-402.168590
-750.674922
-402.930964
-400.965575
-402.984607
-400.787159
-404.480045
-405.410201
-401.395679
-403.923231
-407.205383
-398.356002
-401.901620
-401.678649
-400.809412
-402.825323
-401.967372
-401.677312
-400.399273
-401.546961
-402.091344
-401.915503
-402.040874
-381.898518
-401.865690
-403.107230
-401.876292
-402.297213
-399.547944
-400.364552
-399.713841
-401.265663
-400.659452
-399.713692
-404.517650
-371.769757
-403.266056
-401.727485
-403.172848
-401.508484
-402.996074
-407.809348
-402.035354
-401.305944
-403.449478
-398.208095
-404.053858
-398.849779
-403.376522
-399.589270
-402.315663
-401.435763
-406.813958
-400.116138
-392.698043
-401.366737
-403.759113
-399.134614
-402.047976
-401.433530
-401.064841
-399.363666
-403.659936
-402.211165
-403.255145
-401.465874
-401.171903
-396.755775
-401.554035
-401.406852
-402.511715
-373.423010
-404.573780
-424.338186
-401.265711
-400.978859
-402.198155
-400.808096
-401.274663
-403.209865
-404.838486
-400.125868
-397.765047
-409.718996
-401.721851
-402.785870
-403.443101
-401.591196
-402.055348
-409.968116
-399.175035
-403.231926
-401.398036
-398.593303
-394.639263
-396.505310
-401.519205
-358.463238
-419.890655
-402.703573
-405.996254
-403.031956
-399.715590
-400.372868
-404.482001
-403.753214
-401.980812
-402.489740
-401.367970
-401.308639
-396.627051
-401.105014
-435.616660
-403.332538
-409.222335
-401.853293
-395.765805
-400.275233
-400.452616
-401.816934
-404.018599
-402.021692
-402.405437
-401.501745
-399.384623
-398.537408
-402.031666
-400.932848
-401.626368
-400.219652
-401.375617
-401.816446
-402.546725
-399.723064
-402.343417
-405.495106
-403.145163
-401.050738
-402.312395
-400.923267
-400.492519
-403.865228
-399.666849
-400.241680
-402.466132
-401.812255
-403.053827
-402.223155
-403.631937
-402.483711
-400.272109
-402.054883
-401.815405
-401.153023
-401.031337
-400.537429
-405.644616
-402.712046
-400.892840
-405.103374
-401.162712
-401.469901
-404.240008
-399.440689
-402.559301
-402.341640
-402.729396
-405.971590
-400.666762
-402.479878
-399.095472
-401.754512
-401.390328
-402.083161
-401.450819
-400.793484
-401.674239
-402.075788
-396.362565
-406.901309
-401.648286
-402.434150
-405.987014
-443.494014
-400.803876
-381.960207
-397.237181
-293.855541
-401.535761
-405.688928
-400.475329
-404.591488
-413.466779
-397.061856
-396.422890
-402.190105
-399.373294
-402.645960
-400.916103
-402.250908
-400.798317
-405.815896
-401.009597
-402.672140
-398.652043
-404.684776
-401.773300
-399.840157
-401.796890
-383.945985
-402.669855
-401.516448
-402.348141
-404.763849
-401.067072
-400.987786
-401.277255
-400.573878
-402.396373
-402.910995
-402.432373
-403.425453
-397.322374
-400.180297
-403.706053
-402.235532
-401.046217
-401.487588
-366.332967
-401.520451
-401.213164
-401.780052
-401.685122
-453.385782
-443.870767
-460.400129
-401.069178
-403.566778
-406.982987
-404.710393
-399.791806
-401.434943
-417.795482
-401.633077
-402.066582
-401.413493
-403.574368
-400.552924
-402.260681
-401.528718
-387.898819
-400.834059
-403.578985
-398.638717
-402.789697
-406.746844
-402.101803
-400.048989
-402.894768
-396.680935
-401.755911
-403.281108
-399.609603
-403.225755
-402.810881
-393.628796
-400.922322
-401.813055
-400.497482
-399.714074
-405.236320
-397.411275
-400.356040
-401.309971
-401.921452
-407.658360
-403.831284
-403.655654
-404.779211
-402.072997
-404.456736
-404.745726
-402.659517
-399.827080
-401.006264
-404.616855
-401.351079
-402.182060
-401.741454
-403.779447
-402.057804
-404.172511
-401.831400
-402.050044
-402.519950
-401.063829
-402.537825
-401.824835
-411.541909
-401.815371
-399.558523
-402.886679
-401.437138
-403.290247
-400.444710
-408.223863
-401.173117
-401.957348
-401.347889
-401.005562
-401.166251
-400.633576
-398.038978
-400.436899
-397.061309
-401.566963
-410.178797
-401.280897
-403.620749
-393.496429
-399.659025
-404.007487
-401.640602
-406.073368
-400.593859
-401.364154
-403.492150
-401.750782
-402.136275
-406.661236
-401.648780
-401.581458
-402.228083
-515.344042
-400.882541
-401.108761
-401.479810
-398.103103
-401.094056
-402.232631
-410.985506
-405.204080
-398.206698
-401.607640
-396.052792
-401.872994
-402.737454
-402.847625
-399.881660
-1312.002241
-402.559183
-402.079267
-402.402212
-415.153775
-401.555318
-403.071715
-431.360798
-401.921383
-400.159121
-401.529905
-404.044014
-401.466038
-402.287024
-402.256566
-400.796376
-399.913444
-402.783241
-402.944250
-404.572674
-402.261949
-399.042470
-402.033724
-401.375047
-402.565686
-400.135203
-402.528699
-401.874353
-404.971395
-401.745585
-402.144744
-404.246327
-399.422255
-400.298660
-402.664859
-404.121553
-401.700252
-400.976695
-402.791277
-401.327494
-401.907265
-401.196998
-400.693000
-402.573705
-404.119614
-402.007025
-401.064253
-401.398751
-401.754954
-360.802312
-401.560534
-403.021353
-401.354307
-401.870804
-402.073887
-401.495637
-402.325717
-399.775514
-402.117496
-408.761694
-399.556665
-402.659162
-401.839979
-401.701221
-401.821561
-405.171772
-403.238479
-401.128909
-403.605077
-398.663007
-401.402499
-399.461441
-381.888301
-402.309574
-402.569511
-401.483758
-403.433490
-401.779854
-396.620064
-402.022775
-400.213596
-401.571070
-403.278476
-400.255273
-414.651806
-393.825816
-400.052107
-401.560885
-401.549129
-401.964555
-399.923850
-397.022254
-401.311151
-397.832974
-403.218222
-401.026638
-404.758267
-390.219391
-402.633998
-401.127310
-401.802368
-405.098912
-402.395352
-400.868919
-396.049792
-401.646720
-398.553662
-400.411211
-401.031038
-401.307766
-401.017460
-401.973755
-403.830978
-401.561644
-401.519133
-401.044396
-400.207005
-401.321849
-396.960659
-406.132523
-401.477298
-402.196942
-401.472682
-393.340489
-401.037719
-402.187905
-402.301844
-401.931219
-402.205797
-406.808270
-401.606952
-409.469995
-401.812991
-400.585532
-401.716587
-400.870413
-400.900022
-401.201267
-402.091970
-403.262591
-402.904596
-408.799678
-402.113230
-403.498051
-505.314195
-400.134754
-401.595504
-401.988213
-401.181743
-402.517549
-402.891991
-400.546815
-411.779981
-400.933401
-402.325507
-400.352807
-401.853220
-396.135819
-402.061816
-396.736793
-401.564954
-401.591590
-402.093903
-398.772167
-401.481106
-409.752284
-406.468526
-401.076182
-403.579664
-404.956933
-401.624212
-402.243956
-401.348468
-397.306570
-441.476968
-394.896569
-392.113632
-400.764782
-401.537606
-402.994749
-400.983401
-401.680816
-401.308490
-400.842769
-402.365176
-402.709036
-402.500685
-401.759062
-403.137574
-399.385687
-401.888211
-402.401490
-398.774172
-401.311390
-401.278898
-401.155477
-382.381342
-409.754763
-396.028209
-403.452757
-413.339107
-392.296475
-417.376905
-402.582044
-400.970095
-402.186770
-402.957146
-401.793168
-401.955670
-404.133929
-401.395298
-402.511376
-401.463649
-400.330001
-401.004819
-406.768332
-399.404867
-401.942341
-402.227759
-398.374047
-400.216889
-401.673582
-401.573114
-403.540550
-402.738063
-403.740907
-403.473918
-399.400111
-403.852241
-399.098772
-401.063253
-261.204821
-625.686153
-398.514880
-403.985477
-401.739401
-400.565889
-402.112712
-400.303687
-401.233643
-404.643113
-398.673721
-400.728811
-400.765749
-400.662084
-403.350619
-402.033536
-402.799852
-401.711206
-401.196712
-400.979468
-403.306246
-401.240924
-510.085280
-398.089724
-402.995856
-400.980560
-446.991364
-449.214585
-433.521839
-404.549421
-403.245119
-360.321710
-402.764632
-402.405706
-406.230480
-400.261932
-406.157938
-401.630024
-401.497493
-401.351896
-402.562466
-403.068057
-399.291770
-397.484829
-399.551157
-402.981559
-399.765250
-401.162824
7.913699
-402.017398
-398.908868
-406.889336
-409.207151
-405.692848
-403.792817
-404.507114
-404.444327
-403.616425
-403.899425
-405.963552
-402.132062
-402.156774
-402.740295
-400.702102
-401.119394
-402.008099
-402.259688
-398.112619
-402.309727
-399.423317
-403.347179
-401.484933
-402.021345
-401.737743
-403.366420
-402.660106
-401.587868
-401.363936
-402.450894
-402.444234
-403.632686
-402.953318
-401.876062
-402.749798
-401.398471
-400.899214
-403.038953
-402.698400
-403.087974
-325.762930
-402.427573
-401.796497
-400.117189
-402.073878
-401.503401
-401.876348
-402.014015
-391.927856
-402.959906
-403.876885
-401.888335
-402.832652
-400.990553
-400.773868
-401.273654
-401.650227
-402.394885
-400.869209
-399.919963
-404.376487
-404.797283
-402.001056
-401.737951
-402.758082
-399.599700
-399.867740
-401.715427
-396.521133
-403.346278
-3001.066486
-401.611596
-406.590142
-403.969082
-401.758787
-401.461817
-401.235791
-401.193371
-401.246085
-401.278397
-401.185056
-402.682552
-395.907359
-401.030808
-402.292878
-394.080320
-390.156459
-403.862077
-403.512586
-403.963181
-401.861683
-412.055249
-401.292475
-417.706497
-401.566555
-403.156938
-478.445037
-404.857952
-401.426576
-401.665871
-402.785935
-399.980884
-403.577368
-403.510201
-388.362553
-401.378725
-402.799109
-404.494095
-401.753092
-402.973171
-404.713207
-399.851887
-403.375761
-409.250398
-407.188879
-401.707188
-405.474763
-400.849042
-402.454669
-402.290824
-404.010300
-414.426663
-396.658809
-402.066421
-402.593029
-397.287224
-417.107417
-402.280992
-400.128812
-402.762146
-402.236230
-402.314746
-404.267039
-379.705087
-400.825914
-401.592343
-405.657081
-402.358893
-405.347397
-401.313549
-401.668795
-403.029898
-402.166182
-398.384248
-401.506880
-401.325952
-398.204633
-402.510754
-401.682601
-402.851654
-399.668658
-401.594323
-401.377921
-401.790939
-405.056618
-401.603515
-401.671165
-401.708725
-403.035706
-403.002883
-405.611323
-401.420017
-402.801824
-409.131937
-400.410558
-399.876143
-401.172576
-400.646034
-401.289178
-401.820265
