-34.591660
-35.557182
-35.349457
-37.269498
-36.441315
-37.120224
-38.529241
-31.637380
-37.845364
-35.936379
-35.363752
-38.465821
-33.442784
-37.498307
-32.136908
-33.631364
-26.666460
-36.801058
-36.438629
-36.681002
-38.296025
-35.524097
-38.258551
-44.651879
-38.861418
-36.565086
-32.628373
-34.514639
-36.013494
-36.248369
-36.410869
-36.035266
-36.048014
-35.706971
-37.012495
-34.192612
-37.069956
-37.532054
-37.507029
-34.130523
-31.745333
-36.540356
-37.830165
-37.270378
-34.734778
-36.689849
-30.062288
-37.429958
-37.430150
-39.537294
-38.654621
-42.800322
-36.162715
-39.888297
-36.308514
-39.316583
-32.477896
-37.368009
-39.607123
-37.263212
-14.619140
-35.681916
-35.727237
-44.866196
-37.241759
-36.505319
-33.808139
-36.136892
-33.991917
-35.880799
-36.061403
-35.720813
-37.023322
-35.996528
-36.635115
-35.935886
-36.014530
-36.740794
-31.486533
-37.023965
-40.541529
-36.084199
-37.331095
-35.750184
-37.136509
-36.592973
-34.919438
-37.682397
4.518698
-37.351898
-35.568084
-37.776943
-38.784063
-37.136090
-36.353867
-37.275541
-34.552814
-36.588163
-37.121177
-39.509760
-29.549590
-36.318124
-37.048369
-36.447597
-36.728858
-35.652343
-33.554800
-37.301145
-36.962823
-43.863761
-37.092579
-37.577345
-30.924177
-35.336025
-41.835206
-33.837465
-37.439198
-36.043358
-44.908446
-36.186083
-35.236924
-29.321013
-37.984655
-36.788239
-36.859742
-34.765989
-37.010561
-37.233675
-39.228643
-35.963408
-34.151634
-36.980433
-39.880446
-36.337733
-33.747185
-38.990081
-36.352557
-37.887135
-61.384506
-37.352596
-35.023126
-25.828521
-36.235834
-35.116205
-36.738221
-23.084610
-36.831474
-39.405640
-32.894414
-36.381190
-36.690145
-60.801231
-36.481638
-31.598518
-37.048643
-36.734549
-34.592151
-16.431703
-36.318580
-27.509013
-32.866928
-36.421599
-37.083673
-36.316830
-30.786193
-37.130146
-36.708455
-35.754555
-36.860441
-36.455653
-37.191723
-36.281543
-34.469526
-42.578541
-290.705720
-36.253467
-35.666060
-37.205180
-42.818707
-36.854918
-34.886796
-35.741575
-33.293208
-36.173146
-36.386496
-39.431256
-36.388128
-36.027726
-67.233237
-37.830878
-36.160267
-36.524473
-36.302608
-37.096285
-35.256930
-32.932548
-36.450192
-25.552450
-36.604846
-42.260945
-35.368095
-40.111642
-42.639107
-43.462954
-37.159495
-54.315739
-35.349734
-38.284598
-38.562583
-36.738377
-37.893810
-41.368742
-50.012932
-38.073564
-38.060303
-35.512779
-36.564899
-36.429948
-31.040551
-37.080368
-36.870127
-41.275666
-36.149440
-28.008639
-35.996650
-32.559116
-36.871290
-36.383302
-35.096755
-35.035146
-38.943880
-34.010479
-35.630042
-39.141456
-32.020930
-36.987281
-36.532284
-36.698160
-35.876959
-37.656504
-41.622346
-35.824503
-36.779961
-38.590752
-36.866389
-35.316250
-40.485801
-37.520464
-36.706616
-37.366833
-38.658431
-37.685902
-43.334453
-36.045492
14.875099
-35.717333
-39.330018
-34.332529
-36.373085
-36.777621
-36.485635
-34.800117
-38.434386
-36.470412
-37.530136
-36.775060
-36.444336
-36.445936
-63.092512
-36.646644
-35.450454
-36.025733
-36.340844
-34.048583
-36.121799
-36.572164
-32.835056
-37.766596
-38.524184
-37.707015
-37.046785
-36.634089
-36.893867
-36.050049
-36.655792
-36.795810
-36.308064
-37.540701
-37.413639
-37.000154
-40.620315
-36.391128
-36.330575
-35.675474
-36.979127
-38.852021
-40.071831
-36.141757
-37.843851
-37.937306
-36.318452
-37.795584
-37.222954
-36.136483
-35.479957
-36.714802
-33.179876
-34.566497
-36.741632
-38.660643
-39.073842
-28.994325
-38.566284
-36.885398
-37.125246
-36.939088
-36.784957
-34.346309
-37.401908
-37.225921
-36.469341
-35.826073
-36.571650
-35.448226
-37.407161
-32.164782
-35.458035
-32.174936
-38.515405
-32.553995
-36.113195
-35.253404
-34.615682
-37.810250
-35.404541
-33.594584
-35.130738
-37.536913
-38.575689
-35.164317
-36.639342
-38.705776
-37.414351
-36.325934
-25.587809
-29.731019
-36.126925
-36.837975
-38.317625
-36.874266
-40.299026
-39.409891
-37.015434
-35.879084
-37.610050
-34.914920
-31.019166
-52.909087
-43.800753
-37.064785
-37.376161
-37.621675
-35.601374
-33.789299
-40.700503
-36.985717
-37.615630
-37.280041
168.386506
-39.834102
-40.041464
-34.913067
-35.801927
-31.870646
-32.248498
-37.253894
-36.579127
-37.235100
-36.986012
-36.828221
-34.041666
-36.645442
-40.790160
-35.837597
-36.856480
-35.748315
-37.136854
-31.213759
-37.038792
-36.836877
-36.436583
12.600501
-36.568544
-37.324186
-33.781400
-35.190388
-32.303738
28.758753
-37.972320
-36.215936
-32.328777
-36.705600
-37.307062
-36.165419
-33.663704
-40.249257
-35.954501
-37.017066
-36.773991
-28.480097
-39.172874
-35.244956
-31.670355
-37.548778
-36.411417
-35.254498
-22.537227
-38.203216
-36.462167
-35.871325
-38.137875
-10.416907
-36.688033
-34.902496
-34.267928
-35.893933
-35.784955
-34.919272
-37.728661
-36.124263
-37.761311
-36.753680
-69.697702
-37.134324
-37.502128
-36.776133
-35.805762
-35.420259
-33.321393
-36.996517
-36.367821
-37.242700
-34.008356
-35.540374
-37.256051
-35.038405
-18.022066
-37.433153
-36.779005
-38.417652
-39.424767
-36.154793
-37.199250
-37.380010
-84.967958
-36.797724
-37.973274
-36.538355
-36.408492
-36.211968
-34.167400
-36.453317
-35.037663
-36.276276
-38.737660
-57.743642
-37.294869
-38.892141
-36.913350
-37.751681
-34.444369
-38.267100
-36.577060
-37.604731
-34.095212
-35.649357
-32.065617
-36.793398
-49.403818
-35.987308
-40.073981
-36.232738
-35.518080
-36.788951
-847.516117
-36.439279
-59.258240
-36.143622
-35.301261
-36.207053
-36.339104
-40.721894
-36.041170
-37.433019
-33.818205
-34.822873
-34.873534
-38.179761
-600.953287
-35.940814
-35.913731
-34.570605
-37.532046
-37.029084
-37.168044
-40.811567
-35.732198
-27.220604
-33.160958
-31.645172
-36.791071
-39.627211
-37.621984
-36.684328
-40.081511
-51.113126
-36.391647
-36.260367
-21.982480
-37.163181
-36.763548
-36.260361
-22.061277
-36.274612
-36.771183
-38.872975
-36.211724
-30.765174
-37.470319
-35.548459
-33.935604
-33.023477
-36.079095
-37.547783
-37.612562
-39.679015
-41.950917
-36.973242
-35.517395
-36.046677
-37.448299
-39.127290
-34.775986
-35.888146
-36.455519
-36.702263
-45.203352
-35.258071
-36.525257
-36.971592
-37.466429
-29.368239
-35.840995
-35.167073
-33.691029
-20.413029
-35.829866
-35.448520
-35.961898
-33.387851
-38.621056
-35.852176
-36.063678
-37.055262
-36.673629
-36.735209
-36.751729
-38.726272
-34.543030
-36.955171
-39.598732
-33.605756
-36.213241
-36.377615
-36.231525
-36.054016
-35.048851
-37.590952
-39.639908
-42.055460
-35.310964
-36.685772
-36.576856
-39.353795
-36.887919
-36.292600
-36.838930
-36.055564
-39.849103
-30.158883
-37.512170
-30.703883
-36.923954
-39.158010
-36.835538
-35.245978
-32.962297
-37.247167
-35.806227
-36.721299
-36.559237
-36.829424
-36.993057
-42.737875
-42.473201
-44.815322
-38.503599
-37.397532
-35.123562
-21.844610
-36.705368
-35.847017
-32.943637
-35.090070
-35.455813
-38.018786
-38.412789
-37.295019
-32.947208
-38.500990
-37.210138
-37.878479
-39.351858
-34.839813
-36.830692
-35.002479
-23.774784
-38.791872
-36.082091
-39.058377
-44.144894
-30.952300
-37.447286
-39.135953
-37.300062
-36.282719
-29.185652
-36.841790
-36.682407
-36.787579
-42.471983
-35.689237
-94.572315
-35.731135
-36.569586
-39.127458
-35.827344
-37.070065
-37.406192
-36.275214
-33.584520
-36.697471
-36.961602
-35.917470
-31.456302
-37.106251
-36.681354
-37.320981
-35.944130
-37.482701
-37.470679
-35.780260
-35.735249
-36.247094
-35.510368
-38.009928
-36.936192
-37.669758
-37.887545
-35.492859
-36.459089
-31.695740
-33.184897
-34.144681
-36.145515
-38.075110
-35.484130
-40.056534
-35.558835
-33.471722
-37.197068
-34.633528
-36.243085
-38.829710
-37.542027
-42.063845
-39.349997
-35.897507
-36.790824
-38.635867
-36.671489
-49.202058
-36.293705
-35.369226
-38.098307
-37.336392
-34.090984
-34.926269
-36.231844
-36.935470
-35.097926
-31.771590
-36.698172
-37.587390
-35.698234
-36.831210
-34.682319
-36.991383
-37.919326
-37.397068
-36.810416
-37.424043
-35.525811
-28.079235
-37.173358
-39.921304
-36.982835
-39.719613
-36.811574
-35.268228
-37.405378
-36.521695
-36.451066
-36.928496
-36.990620
-37.136207
-35.919068
-36.752822
-38.451313
-36.551764
-37.488005
-36.935134
-42.974335
-36.096196
-37.811732
-36.543000
-37.219951
-34.272944
-37.616869
-50.204160
-39.005272
-38.657262
-37.037136
-34.088903
-36.351934
-51.991063
-38.649451
-36.639655
-53.372206
-36.770860
-36.858375
-36.976422
-35.405498
-36.949255
-35.550124
-37.924647
-35.544452
-37.254355
-35.586725
-98.141098
-23.057615
-35.875943
-35.890682
-35.298558
-34.056076
-36.329882
-59.971807
-36.568976
-30.425941
-36.913042
-36.117376
-40.604680
-36.593927
-39.294103
-36.764038
-61.182307
-32.742089
-34.752388
-36.691933
-28.801281
-34.443471
-29.995551
-33.343978
-36.200133
-36.003634
-35.304281
-36.243308
-37.855050
-34.695304
-37.333034
-38.696930
-35.693079
-34.718550
-38.288983
-36.334524
-36.711615
-35.188490
-35.067859
-37.354378
-36.380987
-33.503918
-35.940894
-35.809521
-36.718865
-36.987206
-34.164933
-37.604596
-36.503307
-36.498181
104.656681
-38.838093
-38.589262
-37.363934
-29.529563
-35.879305
-37.564470
-36.977971
-35.864293
-27.426312
-35.946778
-37.330795
-30.596260
-41.865719
-35.547484
-37.105805
-37.530343
-37.000246
-35.071602
-41.167698
-26.799870
-36.935982
-41.605548
-35.987043
-37.090120
-36.534878
-35.704958
-36.234116
-38.106582
-37.072516
-45.411739
-36.232779
-37.575055
-37.218495
-36.932298
-34.881184
-36.360295
-35.972232
-37.256514
-31.752646
-72.152569
-38.163047
-32.502659
-36.523020
-38.103612
-37.201024
-37.010971
-34.285140
-36.005296
-37.230699
-36.058751
-34.794843
-36.481101
-38.294038
-36.668695
-38.707153
-37.334476
-36.801612
-42.142075
-37.531185
-36.141044
-36.484061
-35.324313
-35.194513
-36.560570
-37.022182
-41.642715
-36.535671
-39.335486
-37.463032
-32.407117
-36.505677
-36.171297
-36.374228
-37.837317
-36.377008
-46.643506
-35.235344
-36.289217
-35.735487
-36.494914
-35.370426
-26.766771
-36.813698
-35.764112
-32.329295
-34.401764
-36.375102
-36.674267
-38.710476
-44.284567
-36.257815
-35.013427
-36.011441
-37.745223
-35.446128
-37.496318
-39.119571
-37.848596
-35.991159
-38.531386
-36.490289
-36.813758
-36.797974
-36.167494
-35.944455
-36.675708
-37.693968
-36.893927
-30.685429
-33.464152
-41.220499
-28.466129
-35.129587
-10.340597
-37.345133
-36.685457
-65.167954
-39.472504
-36.727184
-37.603009
-36.304775
-32.689484
-39.653237
-38.284913
-28.922431
-38.148802
-36.380029
-36.378874
-37.609634
-36.734841
-81.509250
-36.292944
-37.460399
-50.885797
-36.944141
-36.078824
-35.821017
-36.352850
-36.868971
-37.490636
-44.084846
-34.466591
-37.795862
-36.016209
-36.721057
-31.523265
-37.121837
-37.044243
-36.487165
-32.208301
-29.548604
-36.142030
-35.590649
-36.464670
-36.062216
-37.858433
-37.237045
-39.646648
-36.890780
-40.316962
-36.465899
-36.991663
-36.831044
-36.253441
-38.357410
-36.956289
-37.756054
-34.310246
-36.696167
-32.545314
-170.750228
-41.389411
-38.201262
-32.285079
-42.549901
-37.245108
-37.237324
-50.851102
-35.937013
-37.733064
9.886295
-31.976448
-35.270234
-37.110128
-38.949246
-38.161943
-36.268024
-39.843774
-37.666400
-36.981480
