479.053633
477.342600
480.023294
482.329192
477.612404
479.395153
478.043246
477.411578
481.450458
478.584135
477.043588
477.233655
476.651194
475.478991
475.906636
477.042726
476.660959
476.609618
475.746195
476.846713
476.924960
477.179538
476.488822
477.614873
477.016089
476.339534
476.516916
477.545337
521.001893
460.016066
478.193675
474.605611
476.376017
477.742382
480.008364
470.524995
477.328019
477.646628
475.915295
477.432699
475.927731
477.154986
478.651558
476.904092
479.641918
477.865539
475.662862
477.471384
477.064417
480.532720
475.642644
478.776705
477.519375
477.069438
478.125795
482.074173
457.070392
477.088741
492.516778
473.974794
475.887269
477.490165
485.524137
477.015192
477.163586
477.373215
473.816130
477.486302
477.003832
523.551454
476.837857
477.370865
481.119038
471.755552
480.557534
477.899389
471.799129
476.394771
478.762133
478.119839
477.598635
478.015499
477.127044
477.343890
477.883514
480.017756
474.918334
476.747373
477.809313
496.231535
478.736679
475.041347
477.065814
479.782646
476.596356
477.122114
478.539127
482.952360
477.267402
488.198282
476.722618
477.260619
477.693660
477.344356
481.736004
484.800272
476.805008
478.009658
478.017812
475.371142
476.876012
477.049187
476.057733
475.089238
480.002305
477.146025
481.277381
477.263754
476.989762
475.077321
477.943860
479.202127
477.009158
478.166596
478.002017
476.440323
478.484070
478.428874
477.427927
474.336225
481.951435
478.472118
475.743991
474.592050
481.474595
476.692098
478.019795
479.269811
476.289806
471.256343
474.014422
475.210657
476.624762
476.461745
477.228135
478.448856
477.138459
477.528043
475.392963
477.710842
478.050861
496.575089
477.958185
476.889304
476.179295
477.056862
474.110942
475.627079
475.913725
478.061158
478.105665
476.949784
468.113100
478.033831
481.051806
477.284511
523.534696
477.694390
489.039997
478.147552
477.218755
477.901441
472.285780
475.207844
477.559970
477.255181
477.601535
475.672920
477.253326
467.210668
478.152025
476.934834
466.197063
468.632744
480.960657
478.214687
478.483572
478.835583
478.004044
476.657794
476.534300
475.587880
480.707394
477.430165
475.945569
478.267689
480.166881
477.458137
478.405189
477.173717
471.806590
475.825474
476.090523
477.902804
477.583318
476.750770
478.004901
475.607806
485.996893
476.949603
476.985787
478.107127
478.036972
478.056848
477.914621
476.296053
476.470652
475.557979
491.317186
476.588625
475.816594
475.318115
475.805216
473.445813
478.048547
476.383728
477.361281
473.103871
476.977410
478.764721
476.081864
477.023578
477.770394
478.791567
477.616497
478.036160
478.273090
473.825911
476.714014
477.466374
477.657733
478.301603
477.257394
477.544196
479.540317
478.987088
483.833452
481.539216
477.707696
478.168879
476.160495
477.444522
475.720686
477.005056
465.052553
476.997777
477.805295
478.373148
478.974859
476.735524
477.160999
444.026371
478.260838
-272.602358
480.116787
475.650636
477.195976
474.257774
471.930473
476.627527
476.898777
477.487696
478.213681
475.893783
478.875962
476.438833
478.419477
477.108438
476.266614
478.882950
477.071911
478.309915
476.311273
479.715679
476.132059
477.301594
465.094973
477.200443
476.384035
478.178514
471.943181
478.175185
476.270727
478.340074
483.328930
432.925183
477.637612
477.190077
479.473927
477.278286
472.660560
477.634112
476.606166
478.571179
478.439256
965.530819
476.269047
477.459713
479.098869
494.700751
477.733331
477.727724
486.237872
475.368032
478.266138
470.431245
477.233299
480.899249
480.325430
475.713006
477.817188
474.883608
544.393128
476.628903
478.932881
477.018764
477.965108
476.372280
476.789233
476.963528
476.512503
474.938183
475.664381
477.394584
476.773088
477.337389
477.522629
476.533825
477.815124
475.690218
477.344476
477.372022
476.389038
477.281711
478.182639
478.545840
477.486052
477.793270
506.660258
488.555192
477.738012
479.570442
477.395542
476.402244
476.209828
479.555662
477.605451
475.879949
479.087250
479.613783
478.618152
476.250158
476.914514
475.292431
475.186520
502.989437
475.249837
477.398607
476.064183
479.074326
480.860534
477.406773
478.023707
475.781149
475.483730
475.951861
478.463910
477.840791
480.736483
475.620754
475.826038
479.784627
477.264190
478.012639
476.275915
478.382898
477.546054
476.833856
476.899190
475.487604
476.205796
477.842902
477.481125
478.641488
478.176199
477.670209
475.156008
477.340010
478.535851
480.112206
475.957209
479.949626
477.309786
477.509468
486.313749
476.225912
474.514661
472.253752
463.437684
476.990595
475.762683
477.180029
478.980997
463.604236
471.528555
473.396737
477.139385
487.766576
478.580841
484.812302
476.548584
469.811763
477.291041
478.293846
476.552844
477.629336
475.059713
477.137835
476.078148
476.885354
476.181914
477.908256
478.729202
478.193361
477.326123
478.163456
466.184318
476.020821
476.832100
476.690841
477.784259
476.693268
477.176220
474.918695
477.332146
475.153251
475.198487
478.427573
477.077051
475.523184
476.941099
473.603770
477.412382
475.709355
475.941945
476.862468
476.641301
477.466645
480.260166
476.424925
482.568320
482.667678
474.875989
480.997598
476.434256
477.962327
477.201702
477.341365
477.077126
478.669696
480.042745
477.418186
477.096430
478.474583
477.883015
476.997044
481.423432
478.335541
477.205128
477.717336
478.407122
477.619645
477.395153
478.499189
477.693163
477.624753
476.761107
478.660179
477.305937
478.922860
476.789812
477.814019
477.571024
478.479896
483.619503
477.693202
475.591363
477.434508
477.505186
471.206379
482.198432
476.281412
472.232921
477.513853
476.241019
477.915277
476.665440
477.127582
475.390156
485.226655
476.555263
476.692799
478.269515
477.633557
477.918864
475.946042
426.031882
476.901309
477.060986
476.723539
479.858976
477.240806
477.932190
476.495203
473.535746
478.316163
462.873914
478.395155
478.031090
477.888759
476.203736
477.698254
478.582621
475.754877
476.987720
488.612838
480.145379
477.662010
481.075124
475.945289
476.181925
477.983716
476.254524
467.177657
476.834705
475.672091
476.892570
476.954019
474.993788
451.304741
477.777118
387.356126
475.738027
476.608528
478.575239
478.330763
476.476883
477.032832
477.138234
476.987289
476.616197
478.170568
475.545521
477.497770
476.406991
477.322330
477.008577
477.295954
476.868472
475.983259
478.269393
474.370597
475.860767
478.102982
476.832137
478.028253
478.053077
477.320539
477.439993
476.428699
475.638703
475.344947
477.556189
477.898947
478.151690
477.453395
475.769998
477.299080
476.127556
472.119406
475.551545
481.088839
476.025698
477.297677
477.257796
473.967672
477.699488
477.038961
477.253252
478.117243
476.776194
477.090486
478.162621
484.730447
477.049183
477.632682
477.465283
474.123947
475.603815
476.679605
473.948239
478.639305
538.798204
477.325244
476.953750
475.943371
477.731798
464.062270
477.117679
477.891349
476.196400
475.670177
476.207510
943.318432
478.308375
477.246033
478.084172
472.539035
477.443544
476.332754
476.631126
477.007553
478.800083
478.499684
469.481655
477.754863
474.484976
477.168624
499.623786
476.523570
470.772607
476.997170
475.672693
475.843719
476.659280
474.118398
481.003411
477.527424
477.877924
472.275424
474.117018
479.161792
466.640928
468.952343
478.521169
478.899957
478.309808
476.325953
476.253877
477.342807
470.823518
477.840305
479.972624
476.574210
476.923800
480.854604
477.555971
483.412602
478.184038
475.898785
476.322004
481.579421
478.039219
479.839598
476.401785
479.030343
475.349235
476.497054
477.823712
478.891136
477.396940
481.519510
477.307625
476.716946
476.792414
476.293752
478.003767
479.630774
462.462384
476.384539
478.256312
477.756726
475.831314
477.621206
471.005395
478.851794
480.033603
477.807975
477.829054
480.557110
477.651159
477.292793
479.193383
476.748549
476.987356
491.602197
479.573524
476.171330
479.782113
477.668217
477.834681
477.543642
473.000630
478.246080
475.086859
477.745483
479.108499
477.117781
476.497148
475.797284
477.345370
476.615584
473.969594
477.592079
472.982726
477.272586
481.055256
478.105504
476.643885
520.643318
478.029359
478.925358
478.918820
483.726567
476.930769
476.683497
478.776550
476.755745
476.308649
485.431054
477.089998
477.603410
477.855374
476.592116
477.504450
477.526298
475.735953
477.652503
477.189333
487.430949
477.642203
476.723778
476.890031
476.555223
489.583250
477.724731
477.137449
477.743811
478.493687
519.193606
478.439974
475.830593
477.590234
477.323559
477.510770
475.781768
477.983955
476.099892
477.324860
477.798120
464.980006
481.876655
476.954279
478.952440
477.351673
476.724922
475.808751
478.171801
476.352860
477.630258
479.045334
474.329162
480.516963
476.107908
476.452604
493.850618
476.659365
476.759715
478.941399
476.082896
477.745541
477.272495
477.758697
479.607602
479.473755
480.885427
479.980037
477.317657
475.703834
477.875448
479.345785
477.249658
477.060581
478.697515
463.161280
469.300916
478.272273
476.794364
477.537776
477.148411
476.448505
478.521200
477.743753
476.696898
477.503358
476.149059
487.033017
477.025966
476.884600
477.302239
477.520914
478.138705
477.974820
477.715190
476.271159
481.332659
474.647265
481.907223
479.072410
474.959045
476.402773
477.960524
476.684255
478.110126
477.537072
480.878933
470.779236
480.454427
476.077999
1265.866312
480.595568
476.892326
476.441624
476.461876
477.089646
476.226061
476.610416
477.400277
477.331950
477.570515
477.432208
477.028803
479.005982
575.625499
476.920418
492.589471
479.533687
478.593560
478.724807
478.384472
477.823450
477.016699
476.214162
475.835597
477.323665
478.715519
498.812031
473.731957
477.264386
478.291758
476.823136
475.776676
478.290247
477.343910
481.653168
478.387696
477.892736
479.092186
469.247004
479.183595
477.608169
479.876962
476.305534
474.653564
479.710929
490.961959
478.194235
477.936418
480.616606
476.022900
485.006460
478.444194
477.591748
477.919884
476.783378
477.241486
476.653462
474.744813
477.244969
477.705345
477.460699
475.551552
478.077849
450.800572
478.395019
477.510837
477.247020
478.374500
477.190313
478.835079
476.986350
478.593017
476.068479
476.521205
476.582532
482.470923
477.822499
476.405544
466.034750
477.118731
480.947947
479.086926
476.382699
476.870204
476.767482
475.842257
475.786779
477.061808
475.586303
478.319492
477.264166
476.436024
477.467059
460.277646
473.833469
477.100414
478.412623
477.699812
479.373825
480.733761
478.762818
478.096066
476.858754
477.354034
469.585272
478.514694
477.486602
477.784810
477.589560
483.652885
483.912129
478.564291
491.787489
478.803570
477.898903
478.194554
474.803647
477.232397
477.909654
478.421840
476.829051
477.339763
353.011285
478.204537
477.144216
479.759427
483.906645
472.107172
477.155749
477.086302
479.087436
476.290853
476.179910
477.047922
475.464236
474.579324
472.755361
479.871199
477.329273
495.856361
476.541587
478.882461
476.880311
475.048374
476.846039
476.896990
474.535095
476.145998
475.386248
477.085736
477.664139
477.523714
476.820710
476.691263
479.945638
477.676338
477.499590
476.902332
478.558227
477.236309
