447.200934
449.466534
448.033412
448.281508
448.784371
446.626419
446.200900
447.534747
450.009498
448.616883
446.910465
448.316040
449.056432
448.682665
449.853047
455.986800
449.961905
449.105096
449.089418
441.058647
446.620187
448.344244
449.994324
448.820855
448.453899
448.298602
449.836062
447.939755
448.064015
443.928955
445.136888
441.466432
454.315744
446.371655
447.726357
447.444597
448.068224
448.356085
447.688705
449.350893
444.175807
448.769358
458.091038
449.873200
455.732866
452.836670
448.868129
448.806416
448.176516
448.301884
427.830946
448.401233
445.943143
449.126942
447.713781
448.007884
449.279687
448.552031
449.098453
443.253149
448.478938
1155.492380
446.978534
452.180898
426.144598
444.686218
468.057989
447.937236
451.001155
447.716042
448.390107
449.455612
447.871859
446.195745
367.828781
448.579976
447.407887
449.669855
447.627289
448.599414
435.242144
447.631020
446.768027
447.885264
450.372147
446.170164
446.679175
451.011422
446.820020
457.334151
446.896181
460.860550
446.310496
444.941481
446.519318
448.669329
448.734063
450.304331
447.417414
448.936799
447.721929
449.134677
448.378517
447.423454
444.914211
448.079368
441.439118
449.298727
447.804527
448.436562
448.477662
447.256808
444.547125
446.159096
448.310579
447.238374
449.452857
448.867839
448.051523
441.150950
443.610304
449.346474
450.543857
448.345060
448.082553
448.081347
447.063567
447.992732
446.927365
447.140301
447.991603
447.711714
472.030627
447.668117
447.619842
447.178496
456.212619
449.698544
447.791287
448.202070
450.828755
448.570523
448.795057
447.980219
448.015546
450.099418
446.407240
448.503355
449.978947
448.391556
439.500528
449.381350
448.302751
459.712396
446.429818
448.128578
446.842633
448.448957
451.304220
450.790501
449.071320
447.364293
448.131239
447.058321
447.780422
447.278585
448.591586
444.745546
449.426946
448.856239
445.197074
438.818953
446.671042
448.695050
446.011227
452.744966
450.829116
443.084071
448.385436
449.850098
447.719834
448.089081
449.725857
374.490620
437.912298
444.521566
448.229397
447.732656
446.729236
450.386873
448.063924
451.618714
448.840693
448.487329
445.608475
439.299215
448.114452
447.656749
447.616540
450.110954
448.236746
454.269302
448.164467
444.176857
447.755606
448.771018
450.432794
448.247698
451.165397
446.368457
462.331303
444.903776
448.136069
447.798813
448.110838
442.467909
446.969099
447.847513
597.971737
447.536368
450.596689
449.920077
450.354098
449.142594
444.447116
446.282175
449.357442
447.996033
450.436160
458.623280
449.683117
448.010379
451.174409
448.065756
447.451197
453.507075
447.642271
448.241389
448.207752
445.784820
448.971142
451.504083
448.690053
444.865065
552.463512
445.076749
448.936446
448.110481
446.808959
448.304432
449.924462
448.852153
446.837556
447.769833
444.987789
449.886111
447.529879
451.992226
403.249113
448.068603
447.961558
448.653746
448.080937
448.256227
444.513208
458.972698
450.282227
447.689418
446.579587
447.855418
450.600669
456.952025
446.641736
448.589791
448.053070
443.260825
448.345772
444.538750
447.947379
446.696734
448.407774
449.671399
469.967736
449.466287
448.340938
447.350877
457.624509
443.914940
449.578645
447.426727
450.421951
447.691588
448.107850
447.488359
448.509666
438.179980
448.767638
446.927110
448.978486
449.177881
449.811595
447.530090
451.690888
449.109807
446.214562
448.164886
447.766781
447.483086
447.287998
446.137271
446.298893
447.966988
448.037230
447.879735
447.906758
446.236454
447.617889
447.641396
446.490194
451.406746
448.747811
449.401160
448.343489
448.261512
445.975899
447.658905
446.484789
447.869920
445.302131
449.827574
418.633011
450.411329
446.103677
448.097909
449.449293
447.758187
446.426046
447.318053
448.547743
373.513700
446.946050
471.203415
456.422321
448.402727
445.139724
447.976038
448.369797
448.000126
440.637504
448.442649
444.694245
448.041868
430.745212
448.316627
447.798379
448.045386
449.660360
449.179160
448.329868
452.941544
451.758101
452.682467
447.673976
461.272753
446.339038
447.194535
449.203315
449.694156
456.890858
446.141207
452.688194
448.181311
454.752400
448.523555
442.081213
450.790402
448.089232
447.039905
457.026939
328.701108
447.890677
449.297644
447.201646
451.462006
448.586074
448.535304
449.668437
445.977738
474.918584
448.277532
448.599187
456.483786
447.521393
449.747369
445.818356
448.719999
450.589540
446.807353
449.887767
451.407959
448.376403
452.652127
443.976241
447.042841
446.709666
445.670747
449.250625
437.092170
446.866082
448.163903
444.105658
447.369891
447.857068
451.180429
448.020475
431.282454
447.670836
446.961211
449.611324
442.791888
447.868310
450.626257
448.886855
444.380300
448.856765
449.425697
447.113846
447.158261
448.974348
446.795425
446.671841
448.720277
447.194326
450.741034
446.803402
447.991599
446.484338
452.670895
448.035841
448.571882
453.072108
448.634210
448.059923
449.783959
447.419556
442.903857
445.157687
445.339394
448.261381
447.048596
448.500857
447.363164
447.180100
446.921999
447.734460
449.488626
444.334474
449.637596
440.903849
447.742290
448.346866
448.265509
448.722492
449.927236
447.766619
290.805474
448.781847
448.402582
449.036821
447.867155
447.258771
454.565409
449.218613
447.887966
448.084642
449.606035
482.321028
449.676085
447.714020
450.734939
448.471144
449.917697
436.183186
447.913450
448.308848
440.311611
447.522736
447.555856
459.816320
448.286326
372.656614
449.764061
446.647529
447.056720
452.926339
447.735955
447.188532
446.269102
443.467685
443.177637
448.589696
453.304255
447.591257
469.492708
446.053972
448.975353
447.828055
447.719094
446.448998
445.195357
447.357546
443.878253
447.830200
449.671902
447.300141
452.581464
436.401224
439.702161
453.250792
446.720344
449.745318
449.001503
445.337533
449.004022
452.591006
446.254454
448.004883
439.112614
454.236295
445.570279
449.001123
447.089881
447.319947
446.965934
447.028872
449.755054
447.187452
450.829101
415.450637
459.617334
451.808685
448.002551
449.399582
450.296081
442.976961
449.306877
449.878053
452.398015
452.552353
445.868893
447.390543
447.453021
447.329316
446.123741
334.112459
447.473177
447.519311
445.990690
450.504100
444.039047
451.084487
453.674459
447.258638
450.477955
447.454328
450.411099
455.896307
448.146940
444.968898
447.853381
448.494388
447.491072
445.991511
452.044152
448.313871
449.740481
448.082801
447.644357
449.405261
445.013788
448.035743
448.453984
445.415051
449.652731
452.052540
449.911379
447.470839
447.326669
447.255526
447.677659
450.843057
448.877599
448.700140
447.126270
448.586203
447.299452
446.667300
394.672358
448.414304
457.530091
444.188124
447.901963
448.138087
446.067778
447.621912
458.668462
446.556946
444.692497
441.803444
448.362890
449.179543
448.465808
450.280425
447.587134
450.449939
452.651209
448.664623
447.579367
448.873410
448.260797
446.975218
447.950025
449.155306
404.976670
447.706005
448.257101
450.988042
451.419893
448.932730
450.871774
448.057508
447.921598
447.190820
447.380243
446.372232
448.229772
447.898762
448.328734
451.229265
445.367979
451.978677
445.436609
448.889804
447.894038
386.845533
444.793999
447.828196
448.487100
445.458175
448.018490
447.657881
448.016929
446.338216
450.230618
447.688793
444.132308
432.278933
447.443003
448.352030
447.989147
456.570709
447.424290
446.955520
445.605971
449.635777
448.905119
449.808918
448.602041
450.428475
448.587880
447.515144
443.546693
455.261437
444.501634
448.326909
445.069518
448.707616
448.151407
447.833181
458.670524
448.963164
448.090457
446.269471
448.633211
441.850236
447.595454
447.476403
459.337562
443.254636
446.026361
447.607761
447.567376
447.901413
446.791915
447.224065
447.497729
452.144899
448.829608
446.632969
448.429362
446.671767
446.595526
446.529557
449.285221
447.011538
447.259730
449.020422
448.229127
449.001837
449.647278
448.201989
448.654602
449.561093
448.119449
448.077736
449.026485
448.351511
446.186372
447.994479
448.642923
448.679662
432.005042
447.767243
447.958778
451.024186
446.470260
449.694592
447.320828
449.153268
447.178370
454.242133
448.773117
449.576304
448.515600
444.377735
446.551705
447.132883
447.096511
446.992838
448.691437
450.276046
450.737755
447.624048
447.766003
445.709955
447.866718
448.761735
450.515000
445.885050
442.794153
450.615165
446.183172
448.374955
447.760820
449.305563
446.565731
519.921018
448.445392
449.585524
448.538435
442.564439
446.907597
451.571420
445.845690
445.775436
447.212793
444.801570
450.090503
447.578979
449.432073
449.528863
447.872047
447.226472
445.799377
446.763728
446.868716
445.298881
449.682770
447.253764
448.037646
450.729947
453.204460
449.274025
448.230221
448.837698
447.500250
446.461758
447.867951
448.932582
447.210215
446.130709
449.952661
449.205764
448.850719
448.404005
447.161680
450.142023
451.687575
448.097167
449.275640
448.154580
447.521455
394.265909
449.157038
448.520411
448.049392
448.025963
456.674852
446.651302
449.715771
447.132123
445.150810
448.072252
448.108175
443.358226
425.950487
444.878737
450.308635
451.457901
448.608530
448.574306
445.897790
453.829938
448.115392
450.996897
446.111654
448.548367
446.356596
448.096588
448.872074
447.382947
436.798297
448.911135
447.904966
448.111205
448.438703
448.862686
444.871892
446.400759
448.065596
448.394887
441.963872
449.154444
447.752007
447.416652
447.725882
446.961520
447.632667
448.329759
447.167179
448.239611
448.974995
448.973809
449.473821
453.390893
446.827366
450.420521
447.883600
446.715447
441.034556
442.061412
448.850113
448.290086
448.397192
444.652682
446.905270
446.245325
449.508358
447.825115
449.131755
444.553585
449.476915
448.852707
448.727657
444.328970
449.002955
446.713060
447.611356
447.307955
446.963731
447.868766
446.850452
448.214059
447.979922
448.453725
444.307783
448.044195
445.569332
448.046297
447.969041
448.336645
442.754261
446.709994
448.660818
449.577332
448.139534
446.151636
447.440459
448.905392
476.877845
447.318621
448.192020
447.680727
447.428919
448.215958
448.432314
448.980055
449.578524
443.861807
446.597283
456.413124
446.521947
447.484146
448.028641
445.027787
448.578506
447.692452
452.061532
448.248331
442.965484
447.508133
463.167861
447.769298
448.819283
449.162263
446.212724
448.949005
448.404445
444.381435
457.360755
447.072687
448.693782
446.492135
447.413292
447.784113
449.384605
448.778366
450.614032
448.463203
446.787458
450.528845
444.070593
448.300447
449.532097
448.481986
448.099815
445.321777
450.776210
437.558111
429.859286
445.374559
448.553449
446.898288
444.197871
446.917647
445.469782
447.956058
576.501704
448.024399
448.718690
449.060063
448.479136
450.596847
449.801608
448.555334
449.306829
447.476656
449.049059
447.490193
449.705830
456.849568
449.577631
448.197856
451.883381
453.771519
446.828764
457.549706
448.150524
447.822865
447.641371
447.093087
446.745907
447.025550
450.561767
445.346077
447.925015
442.696734
448.127487
448.986125
441.830030
449.906925
448.566742
451.766426
451.121131
448.050032
446.260198
448.950335
463.931008
447.214827
434.400273
