491.798145
499.516891
499.084689
498.562916
498.173605
499.134058
509.861783
498.659484
497.532510
498.958018
499.260297
497.872081
498.273352
494.876218
498.302561
498.942542
499.663849
497.817664
494.158511
498.212157
509.646571
495.652140
500.371820
498.175520
500.085942
498.696829
501.632053
501.261485
497.878240
493.744201
462.814945
498.533825
498.782649
498.080686
498.911822
500.230471
497.933155
498.780789
497.203043
497.888833
500.007203
497.967520
494.695513
499.263258
497.350058
501.319946
501.049864
498.603784
498.065569
498.753441
498.365952
495.677967
498.149229
497.805643
498.978139
498.757088
498.182975
495.759302
499.284682
494.848624
496.621289
497.957383
503.007549
497.394802
499.467376
498.184492
495.468533
500.698247
500.295656
498.122149
502.423670
494.436527
498.673483
498.204410
499.473172
500.640606
498.971025
496.995377
497.968720
498.648923
497.398806
500.300496
501.706960
499.774391
500.127783
498.658918
474.672687
500.617096
497.872748
498.637277
416.730301
498.321716
497.864473
503.459172
492.738503
499.813165
497.328359
499.645080
498.881373
498.775833
496.901800
498.510993
498.588816
498.747091
498.102821
499.050261
499.729705
496.204197
498.797296
503.686128
496.156865
492.990802
498.595093
499.640371
496.683891
499.820906
499.353275
498.296150
499.522611
502.772044
498.941318
498.224437
498.339744
494.524021
497.866563
498.984950
500.155590
499.334812
497.995886
498.312305
497.685223
498.896057
500.049785
498.800572
498.275074
498.063419
498.803850
500.102933
497.325747
500.483261
497.755392
499.916046
503.407802
497.466268
497.848931
496.927913
503.853320
499.165645
498.259980
498.047182
499.841276
501.607940
495.627053
467.720191
498.303419
501.868375
498.291278
498.811459
501.103477
496.822500
508.626910
494.961223
499.252119
499.094553
498.382677
500.693031
509.168705
496.533041
504.285986
500.269735
504.024578
499.092139
500.309575
492.677672
496.866302
512.670177
499.790852
498.643228
498.479673
497.167447
531.090050
495.121002
487.022403
497.004165
488.532115
497.521622
498.231960
498.883884
498.164464
505.487529
498.786020
498.179407
495.365428
498.107652
499.691376
498.585765
499.172727
500.837765
505.604221
480.838480
497.616479
499.047274
501.375975
498.730435
496.691857
500.346766
499.723805
496.676974
505.846687
499.430046
495.562330
498.788036
499.787095
501.219775
493.464101
496.704468
498.417807
500.948740
2407.902562
524.072726
497.560129
499.107684
503.612320
498.157141
497.217356
497.932050
498.359365
498.357389
499.654522
502.992324
503.323668
484.824289
497.474226
498.260566
499.234225
497.976424
496.980876
498.181084
497.541808
496.663852
499.123297
497.337443
500.685025
497.009460
515.958356
495.689262
504.879291
498.958666
498.377616
497.644780
499.109446
497.338363
497.974110
507.854802
499.101376
499.288133
502.203261
494.378914
497.834465
493.288509
504.245918
497.533360
499.476850
491.098449
498.758852
497.373715
499.282280
498.589442
497.878195
499.758728
497.192718
496.836742
499.994098
495.999574
498.131301
511.740497
498.890448
498.940900
502.292386
499.577322
505.066899
498.643232
497.700360
499.370003
498.763095
499.102891
498.401360
498.974590
498.021771
498.796307
503.084179
503.648066
498.834152
499.214886
499.754060
499.698018
500.442033
498.843292
497.452822
497.308350
497.961193
486.542733
495.437603
498.937261
498.052366
498.998550
499.574764
499.306657
500.293156
498.412858
473.538491
499.512973
510.705272
491.474012
498.844615
495.787379
484.789096
497.642375
498.418731
499.592759
497.380539
498.210901
498.529369
504.717268
499.594179
498.362932
497.748760
499.102343
494.989337
498.453765
499.077536
498.890380
496.492240
500.309669
497.750543
498.036873
499.091772
497.405604
497.992111
497.991244
501.081086
529.974052
490.015921
500.253682
495.071521
497.676169
493.052069
497.295930
498.069139
500.143020
500.532559
499.498905
493.590830
499.449032
498.801594
436.492778
499.320889
497.685611
502.073780
500.764792
498.585455
495.053889
498.421839
498.530956
469.213578
494.614598
497.350506
498.597593
496.616416
497.763002
503.804582
503.366966
499.401639
496.994979
501.039967
498.479418
494.575006
498.744675
498.241448
498.984441
503.690204
500.230295
498.109938
498.445060
498.850338
497.856309
490.630569
498.826665
498.236373
501.569125
499.522520
498.067071
487.662184
499.633562
500.403012
499.506346
497.194253
35.929862
501.107692
499.472614
498.348933
499.116726
500.234597
498.709096
497.808357
501.832624
497.866767
498.119152
498.938323
497.356516
498.887185
498.456909
497.768565
499.579351
498.951443
497.187642
498.782213
484.654621
498.596619
496.050325
494.789012
499.142567
492.236905
498.161538
499.898617
497.496950
501.170465
499.687595
499.131114
498.848948
496.705653
501.149188
499.167355
498.226464
498.046566
498.396740
510.037881
498.774573
498.264231
497.217209
497.802858
498.644935
490.924206
497.789715
498.946224
495.713861
499.477490
498.989920
498.570489
497.903721
498.354088
497.577847
496.737388
498.475291
496.764175
498.752987
498.422846
496.821959
498.163319
499.579934
495.651135
541.694521
498.554817
498.597415
498.949487
497.021894
497.625006
497.336857
499.067475
501.086469
495.563251
500.628759
498.010353
498.503416
497.753892
508.083980
499.397798
499.056449
497.978146
499.971861
498.783128
498.578090
492.388372
498.861473
497.348247
498.290397
498.801242
498.002530
456.344844
501.613214
497.591259
498.590171
500.917627
490.482526
498.301524
497.728192
498.712481
499.232033
494.103702
497.086130
498.781807
497.351556
498.703188
498.256329
498.076404
497.984856
496.354934
502.732741
497.393030
499.446673
498.254712
499.581203
497.426999
498.887456
499.046220
497.980077
498.248540
499.093787
499.203491
500.627073
497.431822
500.461994
498.092323
499.108654
498.345874
499.778547
497.798116
498.904428
499.872185
496.979042
498.059130
498.525291
500.267340
494.405223
498.085763
497.102077
490.855377
498.996550
498.210327
497.582440
490.266604
498.063416
497.068249
497.933768
501.467846
498.852747
498.195585
497.115019
499.005230
500.208981
501.132841
495.571637
496.219983
497.904697
484.394695
502.664017
493.757586
498.360767
498.122277
498.488981
497.361290
491.012264
498.365033
496.959795
499.227629
497.916385
501.695073
495.602597
499.039277
500.546789
498.800761
498.619934
497.782447
499.316895
498.541549
497.609832
498.631179
499.864335
508.753716
497.385426
498.634185
499.331403
418.151109
498.636927
498.554617
500.003619
508.073544
511.534497
498.088220
496.000002
499.429702
524.475845
498.633323
498.267585
501.646102
500.006623
500.877324
488.861817
497.816474
510.462181
498.797031
499.138053
472.474793
553.659205
496.523645
500.274684
498.799118
503.581272
501.181023
488.158411
498.511689
498.751976
498.384575
557.150889
497.112620
498.518772
497.887964
498.333429
497.297898
516.152488
500.821028
505.057039
500.166179
498.955835
497.849701
498.457214
498.666218
482.730598
497.757159
502.565807
497.684503
509.118952
497.306890
498.375033
499.988655
494.563470
511.994045
493.468214
484.540980
505.290869
499.086773
496.203863
498.788430
498.798929
497.344810
500.648933
495.581911
498.471539
498.082352
497.024388
498.589588
497.095885
504.372915
490.157598
525.928811
500.502085
447.440159
497.740118
497.845407
501.936655
497.132485
499.703556
777.884407
497.798465
498.648919
498.200003
499.084363
497.668933
499.274942
495.977620
501.194482
498.066207
498.362893
499.785293
497.480594
497.529860
499.511245
515.419315
499.746674
499.594177
512.098768
497.036952
498.816172
498.141807
744.993395
500.583813
497.633535
499.287724
492.015101
497.964425
498.513742
497.811746
497.797032
498.554128
499.047756
493.219086
497.781698
498.276495
495.302182
499.039722
497.716276
499.056729
498.668008
499.349044
508.826395
501.372146
493.918562
495.408409
499.227468
494.661803
552.775213
499.273320
498.651661
498.125494
498.663287
502.294423
499.041900
509.064307
498.142214
499.039561
520.847337
81.844036
497.745130
504.520951
498.584283
499.524015
496.772682
497.990523
498.079960
495.270207
498.057141
501.003230
498.850304
499.063081
502.076046
499.512503
499.025559
497.927221
499.047721
499.069093
500.464367
498.646731
500.790029
501.467730
491.551745
498.112724
499.187978
498.987223
498.932131
496.533070
495.627213
508.128852
499.652575
497.744628
498.968046
500.693369
499.425383
499.895408
499.161301
485.949424
500.464516
498.006820
498.635082
496.763925
496.111111
497.875108
473.940969
497.520686
497.822349
501.021361
498.824411
499.573807
497.159256
494.566212
498.502888
500.778757
499.097914
496.825906
499.208432
497.477239
501.523361
500.370961
498.182793
499.828597
497.946187
499.553817
497.553361
499.389832
497.215773
499.769260
498.641631
499.178622
488.176700
489.794570
499.646504
497.600980
492.930803
501.738383
506.236557
497.520134
496.037744
498.824626
498.340251
501.259620
499.270689
498.622216
497.402227
500.479636
503.852335
509.262008
494.229449
497.436923
500.381642
496.979391
498.942318
498.972387
498.220463
497.406520
494.124354
497.615872
504.246318
498.136262
497.728713
494.123715
497.869759
499.053586
498.696229
506.098284
498.139648
498.543142
499.306426
485.778913
495.938652
496.792633
497.662433
498.082092
499.070921
498.962072
508.764584
499.233277
500.111110
500.478235
498.371863
499.907296
503.081451
498.265811
498.883887
498.439515
498.226008
498.880900
497.763496
498.640076
499.338298
499.508394
495.387211
498.020435
499.619838
506.263389
496.455964
492.878996
482.716204
498.895525
532.667991
498.588268
494.391272
497.314995
499.179223
499.114450
499.119874
499.228500
524.043803
499.458205
499.277074
498.582399
497.483180
500.352275
498.151550
497.566977
497.079695
501.625620
493.724403
498.639002
505.120681
497.621387
489.225082
499.012733
501.767451
498.126084
495.050137
490.017084
496.131231
498.300558
498.561266
498.949319
498.486782
498.096902
499.535444
501.731860
510.136670
500.901593
500.056398
498.612999
500.784762
498.251666
498.791955
498.256410
501.660809
498.930427
497.033962
500.239552
498.717544
498.455894
498.700080
500.029835
498.975458
497.831527
498.036680
503.263073
498.466775
501.209787
498.913171
499.780584
506.547349
498.886788
499.346917
501.996337
499.928056
498.274271
498.811842
497.193898
500.795117
498.941579
497.556104
499.359952
498.405026
499.954934
497.605561
499.660560
498.084745
498.664648
498.862265
498.032747
498.616983
490.613341
498.435180
502.762929
497.331507
498.307239
498.115314
495.546406
497.781974
498.432603
497.718682
494.880251
498.622107
498.482108
497.846317
499.631490
498.179106
499.596674
496.703459
496.354882
497.250419
498.843541
499.939775
494.142378
497.090534
494.200681
496.687701
497.043748
494.296150
499.351307
507.894998
495.629110
498.421467
497.348016
499.071311
496.018551
495.776364
501.199216
499.475348
498.367539
498.224695
500.225512
495.036049
499.212152
498.019606
497.970108
495.811628
494.311889
485.151657
497.528407
498.605300
522.735398
494.929888
502.211300
497.710249
498.009802
498.185639
500.501643
