479.806744
481.123863
479.611968
485.086099
479.805644
458.262817
479.463908
474.384064
483.650672
479.656409
478.802009
480.426503
478.985626
480.854906
473.268270
479.542677
478.616289
479.520639
478.453735
479.731589
480.555425
477.074713
480.031089
478.443779
478.747960
477.523061
478.012701
480.371462
483.204359
480.065959
479.037739
480.588575
478.834601
479.406098
476.943656
322.490160
478.819235
481.769336
479.872595
483.994094
476.991958
479.804838
477.083832
480.309305
480.202354
478.110836
480.101460
479.926949
479.283580
479.242124
491.422034
478.507504
477.231932
480.656538
478.857487
478.975955
479.079278
478.775315
474.934871
479.569177
477.067660
479.432529
479.742192
472.152875
478.621866
481.068766
480.514701
479.052670
478.724485
456.052418
479.614751
479.467684
478.765815
510.053555
479.783065
479.700895
484.835590
478.943887
474.127661
478.723495
478.603337
441.389227
481.102783
479.889259
479.766216
480.830738
479.571085
479.170069
480.370038
479.299488
478.327192
479.351002
483.649973
480.513352
475.857483
481.136509
479.618958
556.997266
478.991699
481.613220
-1811.515966
478.775831
478.093804
478.891432
481.762144
477.968597
479.699104
476.696348
479.421344
476.274925
479.021358
479.142566
836.821715
479.336655
478.514271
479.664786
481.602032
479.349622
480.958256
481.714307
475.642134
478.283366
478.526760
479.199524
493.255591
475.902040
478.824405
479.325653
478.847382
477.095828
479.449527
472.372652
481.418510
463.739520
476.571320
479.440929
479.596527
474.662746
472.036519
478.734086
479.081873
479.791242
479.889372
469.637394
479.460150
486.583554
479.527240
507.549188
476.990512
481.513383
479.274145
479.875020
469.452018
485.032359
480.405153
481.828487
477.998679
481.759055
478.608109
477.290109
477.821219
480.049760
479.667945
479.825372
479.621167
486.620053
478.149125
479.289158
476.887162
482.974864
474.622092
480.079960
479.470159
477.682109
466.945240
478.817810
480.213062
478.871676
479.627688
478.241836
478.792270
480.422758
478.150686
479.287620
480.294108
486.753165
477.545672
479.093329
477.417427
481.411597
478.011603
479.976297
480.575267
478.879737
480.696229
479.557677
478.277655
480.846046
480.213110
479.493960
478.897766
479.668981
479.400516
478.758251
478.662523
480.661112
477.715017
458.867020
479.272508
479.766715
479.889462
481.481256
478.212545
479.112108
480.573187
481.794276
478.195151
487.280081
499.997705
477.111163
479.894044
478.314202
478.915047
478.682517
480.048625
479.627403
479.602815
478.129362
484.404084
479.901050
486.213553
478.804373
480.889575
481.011416
478.584290
479.379880
479.212210
480.212474
479.661106
479.195290
483.133166
469.214552
571.799215
481.166977
477.199778
478.174055
480.353667
478.862807
476.939557
478.741757
479.533269
479.513417
479.877312
479.381803
480.125085
488.271018
485.056357
479.204878
479.405133
481.634835
480.338765
479.852761
479.435535
482.875636
479.332468
480.109554
482.383063
480.475589
483.436101
479.773759
479.643580
477.748145
478.116921
479.072120
479.635333
479.384842
477.159213
480.168752
477.956056
479.321114
476.894523
480.271915
481.217831
481.609228
460.840249
480.670688
480.523447
478.388994
480.332709
482.046824
479.193003
476.658989
480.165152
480.259497
480.195049
482.133542
477.458794
477.278709
482.698088
477.034840
481.327880
479.825610
479.352595
479.026970
474.014716
479.259568
479.058204
479.268452
480.422097
479.553815
479.886123
479.091243
473.632590
476.780801
479.713526
478.052227
479.936296
478.840708
480.544959
480.711212
479.148239
461.128541
478.590343
480.034645
479.736213
472.468086
481.130784
479.139756
479.168745
480.235245
465.187081
480.013752
480.212725
478.439521
480.308018
477.531103
479.747991
480.036912
487.762324
478.232232
479.474725
469.864416
478.762186
479.887673
475.549534
480.645190
478.721999
479.598901
477.639488
472.579557
480.219791
479.385074
477.042820
483.128652
476.120232
478.983990
480.796873
478.812701
478.430454
481.656685
481.457857
481.722936
479.736276
477.002907
469.574619
481.912562
480.350133
478.075000
479.306968
479.489218
482.894706
479.338871
482.611046
480.326717
479.704581
479.953826
497.216742
478.575342
477.515066
479.075720
483.504212
479.395873
481.685932
479.581188
479.366891
478.182241
479.872314
478.867271
479.121883
473.863312
480.920670
478.811439
479.505692
479.717733
479.360495
479.327151
470.811467
478.597227
478.863820
478.896616
476.936270
473.731507
479.867045
487.107655
480.043407
483.672997
479.990840
479.469132
477.809868
479.501689
483.634070
478.335655
611.775436
477.896911
477.856496
479.157983
480.999242
480.062048
478.347496
478.958455
476.724586
479.033609
481.466346
478.053210
480.401767
480.476050
479.944393
479.140706
480.071920
463.403012
477.098060
479.653487
487.501459
484.889814
520.201564
482.598613
481.628577
477.904919
479.123095
477.077909
478.975352
481.036160
487.435537
476.016282
482.742047
476.583922
479.938631
480.478411
478.425090
480.345216
477.886913
477.841619
478.903431
477.633612
469.537555
480.465900
478.495137
478.401216
481.274003
479.138119
480.366691
482.216573
472.733779
427.617172
479.912909
478.027290
478.340883
479.200492
479.275624
479.802375
478.018026
477.181463
479.383762
479.307927
485.609176
464.417045
478.597005
478.581011
479.458605
483.692180
476.332964
464.095338
474.221207
479.576193
479.516447
482.064033
481.478362
476.311967
466.135029
479.220633
480.228431
479.636403
478.637824
478.964708
479.706118
479.036828
478.454316
472.933098
480.265423
480.708996
479.054772
477.623920
477.352031
479.148996
480.345717
477.316661
477.825123
478.716880
479.163226
478.730061
479.047539
567.313427
478.586688
479.436192
364.798545
480.064388
479.596062
479.136663
478.760077
479.644090
479.480603
476.389948
478.579785
480.049454
478.041912
477.973780
480.138783
479.795851
479.365177
480.589201
982.349520
482.117873
481.143947
479.192653
479.389224
478.788968
480.043122
479.852906
479.238936
478.117977
479.638159
479.478975
479.612291
482.240116
478.684893
480.442417
452.738759
479.405595
480.519200
1588.013271
480.466096
473.649312
480.408586
482.689942
476.588219
479.479830
479.923087
476.804481
479.698334
476.834449
484.303776
479.108842
479.220984
477.803602
480.366205
479.686262
481.246669
480.381259
477.897232
479.358485
478.933036
476.915609
481.470826
480.067648
473.510104
479.094459
480.204298
473.449999
479.637921
479.556586
479.586969
478.659461
481.528249
479.355225
488.199296
477.148644
408.106860
477.815233
479.340464
479.079978
479.248405
479.128649
478.816655
479.564956
479.792529
480.418938
479.167226
473.516950
489.931382
478.158916
480.645794
480.612049
476.718716
477.575213
480.075799
479.310840
480.264480
479.827957
480.031585
480.566526
479.650762
479.352369
473.580379
480.175554
479.416955
480.338152
476.419667
480.521196
480.374362
476.509115
479.083541
481.179646
480.332265
478.261459
445.838780
481.004904
479.988022
479.225370
480.277327
483.150209
481.361791
478.811235
480.065922
479.688882
475.256160
480.747692
480.377163
478.810841
480.921920
481.542328
476.992749
479.285452
825.711151
479.405087
479.516156
478.588622
478.217691
479.764292
481.275413
507.791944
479.482195
478.526756
479.497315
479.575221
479.170515
480.364419
479.321339
479.090041
478.290057
481.480110
479.494354
479.507688
479.941284
480.071146
479.388889
480.103524
479.873780
483.067206
484.717941
479.368427
471.993388
482.058201
482.987208
475.464382
478.467464
480.186283
482.394786
479.802238
479.820388
477.848360
594.053239
479.171929
479.958154
478.668609
479.389439
479.811137
478.742601
480.236229
478.920605
479.221489
478.331826
477.700717
477.025654
480.583734
481.162798
479.159947
454.630719
486.536635
478.782227
479.066526
479.167984
478.872714
480.196347
488.052298
479.225689
497.468902
480.128807
479.704165
480.678126
478.326738
479.874736
479.260008
480.445499
476.883882
483.403088
487.276614
484.831397
489.103580
480.194002
479.038720
474.901200
479.978318
480.022872
479.250988
481.285322
478.228746
480.737054
475.416996
476.896270
478.848362
477.866706
482.843280
480.129661
475.411433
479.478515
480.127267
484.074844
479.823330
477.841612
485.397079
475.898984
478.276635
478.532392
479.798753
474.932695
481.326383
472.796132
479.155099
479.830633
501.362076
479.559917
479.121744
475.480584
479.099784
480.299686
483.941323
480.485525
469.445807
479.106212
481.804756
478.855822
482.256758
474.127927
479.044577
480.051317
476.890610
480.720862
478.070412
474.111234
479.509033
480.119786
482.511354
481.008473
479.237434
479.735133
480.412313
478.969909
478.598258
479.355771
478.138083
478.191344
480.052796
491.278161
483.568394
479.131403
480.891695
478.493054
480.327663
479.245736
485.770135
483.238772
479.495176
479.655010
478.180882
480.229865
479.276544
480.128931
474.686456
483.009104
480.251446
479.078420
478.494611
470.108747
479.689049
476.090574
480.307390
475.829508
481.672652
466.788739
480.042744
478.680825
479.010988
478.949130
480.908528
480.787476
481.082325
479.212066
478.316342
471.351107
480.460486
480.314911
477.612674
475.495736
478.916380
479.247982
483.551208
477.822820
479.818116
480.445788
478.036166
479.140252
479.914768
478.840331
479.219038
480.208842
478.340476
477.927559
477.053924
481.960664
475.929777
479.236809
481.907467
476.232194
480.833065
480.097000
479.023319
465.402593
478.929439
480.388306
478.254973
478.969684
480.466501
479.802640
478.361345
475.092827
492.666532
478.043336
479.592467
479.354408
479.784219
480.613707
467.359927
478.327316
480.611467
482.506501
478.423169
482.024058
480.729271
479.361592
478.482863
479.287503
480.121543
480.606601
480.735301
476.503188
478.599620
479.903459
479.831138
479.161355
480.830017
476.229518
476.697129
479.871879
480.195148
479.543587
479.416454
477.619312
477.267002
476.333869
479.470072
470.300822
143.887131
473.523159
480.251221
482.343355
490.101485
478.229634
480.362916
479.228263
479.122316
479.852776
481.140697
478.345838
479.621403
480.462203
483.191052
472.791075
479.944120
481.215980
479.698276
483.455964
476.875104
479.119920
491.437606
479.781593
480.131103
269.112041
479.624107
479.119676
477.301406
472.487480
479.675736
479.184067
479.920631
478.962879
483.231479
481.316749
478.438093
485.661050
479.713675
478.969908
473.363472
480.950731
482.003414
482.363027
478.990376
479.955626
479.556296
479.828136
480.340020
473.799209
480.234453
471.220264
476.823249
476.227959
479.058562
477.792446
479.338299
479.291510
481.465833
477.851257
477.155126
481.383122
478.945492
477.468648
475.439771
478.998513
480.619974
479.654915
478.932932
479.221670
479.189119
477.708510
479.959910
477.167497
478.180704
479.787890
478.863839
481.296390
479.495083
479.283272
480.352744
478.899020
482.814079
478.222756
474.452215
478.537527
480.331351
476.938213
478.763528
477.832470
479.394253
484.770918
479.434190
478.816087
490.710966
469.771334
479.901042
447.114662
480.885895
478.997104
477.931410
482.055636
479.170971
478.894525
480.376306
474.992867
477.516557
479.625765
482.063752
