103.250504
103.229139
104.308318
103.859838
103.287722
103.267215
104.430485
103.393387
103.798229
103.375855
100.608898
102.643044
103.800523
103.970387
104.611968
102.743913
103.939231
103.743425
105.342862
104.796200
109.337905
103.665615
104.020859
104.049751
103.791317
101.974964
98.618938
104.242643
102.214243
105.899199
102.177776
103.570350
103.208897
102.644727
104.079952
103.893779
102.617397
102.489787
104.543986
100.565558
103.702629
165.579665
105.922968
103.526719
118.306376
100.509688
105.039485
103.976920
102.681419
98.013857
103.385054
106.494019
104.162959
104.723505
103.521021
104.487830
101.413372
103.958715
104.254753
103.369612
102.842797
102.242548
103.195728
102.783692
103.368938
104.245582
104.263329
103.529620
100.781551
105.414063
102.854355
104.649837
105.644770
111.191603
102.122871
103.781878
102.864025
102.465649
102.002964
104.237958
99.983496
113.927073
106.345617
103.525896
98.124161
103.604853
102.839719
104.661790
103.255150
111.385254
104.093582
97.484767
100.121193
100.153380
103.918561
78.592328
104.150639
104.355007
103.414733
104.017891
103.857645
105.523722
105.735256
88.712451
102.386463
103.177061
104.286039
107.806111
104.701487
103.976464
103.615755
105.910527
104.241014
105.935495
104.339013
106.920745
104.122132
104.258805
107.126642
103.671237
101.031374
116.430006
100.160268
105.805368
103.692514
103.175236
103.752627
104.377804
113.361663
88.508777
93.758335
103.952473
98.894380
102.500233
102.820739
103.993432
103.871251
101.196689
99.880498
104.351600
103.447072
103.507963
102.429743
115.443515
103.107026
105.898718
103.952970
471.871537
102.338018
104.478519
103.940713
100.264296
105.201327
103.881255
106.211509
102.949530
106.922351
103.754192
105.980167
111.060648
121.697951
103.734670
104.426968
105.085754
108.174762
104.341565
102.640046
98.618987
103.407223
102.888317
104.744847
103.712338
104.010121
106.125525
96.212581
104.168507
103.974625
102.835245
103.665144
104.684292
105.585721
99.675059
103.935047
109.618026
108.676564
108.519657
102.468842
104.374861
113.110724
104.308196
104.192308
105.371891
101.001802
104.095895
105.322881
104.019985
103.270174
96.192917
112.456451
104.752941
103.549450
102.756507
105.942040
103.116793
103.359171
102.873465
107.576238
103.805082
104.796927
75.995923
102.987775
102.795547
104.863639
102.821395
103.466492
101.999817
103.300182
92.995046
105.415623
113.651428
103.806805
101.480049
102.245369
107.826746
103.469428
103.286675
103.774456
95.382293
104.694207
104.670035
104.183616
103.532172
104.525380
103.774181
103.719840
103.901399
109.391173
102.247967
103.269341
104.283014
94.117759
103.644857
103.655118
104.320392
103.518127
101.142414
96.963402
102.679235
105.312681
104.613004
106.477267
103.394360
102.946454
101.395240
103.162302
104.524293
101.822191
104.038002
117.539025
103.325052
103.805320
101.894406
78.516523
105.721250
104.286431
114.101111
103.541863
122.360103
102.077044
102.697358
102.937774
105.521553
105.175106
105.572538
102.586953
103.340318
91.876273
103.386368
104.153077
97.601654
101.635057
102.399241
102.666062
103.733202
104.403232
103.087508
105.100705
98.671082
97.753568
99.721086
81.892478
96.528156
82.542001
100.466067
104.334701
137.593386
103.610507
105.776815
103.445233
104.615214
103.819198
104.383141
103.654384
102.958067
102.863891
102.663513
104.576782
103.213566
104.984401
102.750682
110.822271
102.980057
101.258894
86.569801
62.692006
111.111541
104.589745
103.938328
109.299734
104.756207
103.919581
100.793389
103.072429
105.703337
116.729538
103.793283
102.936870
102.643219
104.028244
91.222384
103.375011
103.685959
119.227308
103.315009
104.206158
104.038318
104.204742
104.311154
102.705467
105.036371
104.073466
102.991890
91.375701
103.000211
103.771690
103.140160
99.128505
104.443468
104.160392
103.211226
114.224370
116.745635
102.387769
104.187766
103.258853
103.357638
109.256193
101.896557
103.433086
105.024086
103.862037
103.755077
101.398042
104.200949
101.696738
104.493292
102.053164
103.585589
103.555694
104.084146
104.156855
103.834006
101.346069
100.872034
103.693300
103.239378
109.614055
104.960505
104.649707
109.913564
105.331997
112.069565
103.230800
104.874660
103.892989
95.148352
104.429535
104.770144
104.101834
103.985976
102.910387
104.101706
104.153751
99.490534
109.083186
102.817516
106.323886
105.176916
104.694440
103.630561
103.883873
102.831633
102.782258
103.914036
103.141009
89.127262
104.615595
100.924016
101.475205
104.054244
103.756120
123.222313
106.724158
102.755314
103.001787
105.054701
103.401600
103.744407
104.798840
104.796199
110.147345
106.224139
103.196882
103.227172
105.556522
104.339222
90.860444
104.400300
99.009275
103.036955
104.422829
102.441533
105.896037
102.084001
104.362969
103.252545
102.177405
102.900920
363.077572
103.300881
136.160295
104.352181
103.196098
103.519835
112.897952
108.283323
102.575865
104.389408
103.571133
103.457875
104.253976
103.425833
104.543175
103.581524
104.953499
98.252302
102.393017
104.500018
96.886596
86.535351
103.100159
100.288753
104.973156
105.024414
103.319979
103.627057
109.100682
104.452072
113.892725
106.187114
105.782144
109.588920
102.742355
92.068983
103.500655
102.770401
103.726405
104.082246
104.283268
102.676653
96.465195
105.182515
99.081872
104.363775
101.033373
104.108329
102.746205
96.605949
102.777960
104.168996
103.562852
102.846296
106.756813
105.164069
103.392122
103.619858
110.632492
101.117111
106.083043
102.954589
91.576254
103.983653
102.255373
104.228435
103.373992
104.009864
103.652536
105.032430
105.725425
410.509744
105.570982
103.942689
445.503454
104.635894
128.581233
95.545919
103.711823
95.449974
103.060520
103.988565
103.588416
105.370326
94.343884
103.154027
103.382573
103.998329
103.956275
105.483127
107.325705
103.422717
102.843854
105.276232
103.552648
107.203129
103.200458
94.574268
110.707482
103.986601
105.696170
113.325190
104.266194
105.966840
104.040688
100.412997
106.927047
164.564800
102.929132
104.488762
102.939768
105.880858
102.712067
102.509983
103.792471
104.390412
103.779294
129.527987
103.216796
105.144623
103.994540
108.914175
104.476303
102.366126
102.788571
105.556114
104.235093
102.635637
103.747153
102.921676
105.923476
103.388127
103.430926
104.424023
104.493425
104.565808
103.262873
102.715022
104.958186
102.292812
102.706677
103.860319
108.041456
102.533714
115.453200
110.061634
102.664334
105.226912
103.666289
109.125333
103.715680
99.435134
105.681553
103.667089
103.417951
103.783508
103.463211
104.013009
106.329242
103.527406
104.606967
105.752068
103.403135
102.801674
102.719856
102.636382
102.129071
102.596407
102.552265
104.882069
105.333590
104.097365
105.284568
104.718315
102.748049
102.923720
104.015213
103.298511
101.499569
103.709432
103.497984
100.465985
101.649992
103.799457
103.898095
102.085065
102.296969
103.192321
109.911499
97.690952
103.153792
102.134822
103.685031
107.795701
103.329556
103.705595
103.000539
103.560735
67.663428
103.153257
101.930258
102.485613
104.336944
103.308657
103.805280
104.830603
101.850904
104.644812
105.196897
106.273137
101.851230
102.913190
144.411877
102.339385
103.892797
103.954001
108.828522
103.577427
103.191306
104.812738
100.313651
103.771401
92.371026
105.669070
104.408445
103.629895
104.079879
104.295536
101.434143
104.072266
104.347211
155.425082
104.501389
103.496359
105.390207
103.946420
103.169348
104.435348
101.858353
103.552218
102.284350
104.833783
127.184169
100.442408
103.178966
103.390300
103.220629
106.034378
103.141208
102.932527
105.759308
100.948415
101.650536
103.598688
104.527106
119.066471
102.941391
104.250382
103.725716
112.919572
104.068631
104.399048
104.104258
106.892701
106.566304
103.613933
104.142216
101.543229
102.250300
109.001707
103.682665
101.128046
103.124113
105.727768
102.232307
103.980452
103.755386
104.018164
100.428555
127.008669
108.734754
98.771058
98.118766
103.911986
104.146342
104.026730
105.213948
89.702157
107.407514
166.233390
105.311116
100.447071
91.621681
107.470786
103.858828
106.424501
102.039780
103.824769
104.846482
102.387025
103.147021
103.358513
101.177667
103.245831
106.883258
103.270598
102.960685
101.724310
104.368534
103.692295
108.111563
87.011960
102.324971
102.384962
105.472313
99.870650
102.478135
102.808517
104.401962
104.404522
103.968338
141.659243
102.645060
103.621871
104.032678
103.448937
102.884933
103.468160
104.088963
103.079114
105.438862
103.862535
104.324549
106.868318
103.646932
103.708284
104.697276
103.386618
105.062821
102.636471
103.530231
105.149741
103.244743
104.971414
105.182267
101.158205
102.797054
105.144340
105.838687
105.384720
103.661342
103.480301
104.512355
103.933062
102.709543
103.546003
103.638468
94.043386
103.304884
103.743434
104.799284
103.461827
106.614725
101.985572
103.465940
103.394110
104.068504
134.567357
104.951084
116.045239
103.961155
103.305116
105.532168
103.305078
104.145737
103.718059
105.337239
105.039321
103.896778
98.959567
104.309364
103.603933
107.116902
99.476979
101.594192
105.003960
100.292285
138.380349
104.575749
106.329611
103.980617
101.746480
103.520907
80.055705
103.512476
102.032124
103.881516
103.584588
106.367143
106.863679
110.238834
103.811715
102.984245
103.926851
73.592446
105.524648
107.975189
103.226246
104.350500
104.423289
-45.619766
103.740397
105.934987
102.566308
104.002360
104.309154
105.011733
102.537528
104.187073
108.094498
93.177267
99.925699
102.441304
114.788301
99.790660
105.919503
102.911165
104.705347
95.753725
104.321529
103.191333
105.020038
106.895176
103.535872
104.502545
103.437916
101.446707
104.280827
102.646938
104.938153
104.310134
104.148063
103.992571
104.641920
102.420406
105.567569
101.865834
100.179492
102.083669
104.720030
103.136542
103.538749
101.082217
103.418670
90.571641
103.531093
102.809455
101.820383
103.848955
105.142335
103.958530
102.268450
104.201282
102.863357
103.101423
102.119237
106.687376
103.318527
100.315353
103.053439
130.771630
105.616619
104.742034
109.882772
101.955686
104.003688
103.092835
102.744372
103.569992
111.499897
-430.035730
-1231.721829
103.709529
90.337030
107.533694
101.525521
101.074257
103.497501
106.297690
104.354996
103.665198
103.166615
103.734142
104.491550
105.546377
110.581198
105.944927
106.980867
104.706021
105.631406
104.488518
104.159394
104.431009
100.907865
104.075666
111.829733
105.231724
102.945782
104.034437
103.745990
103.397939
104.523219
7.700206
102.762032
104.619800
103.465116
90.653446
91.021509
102.671844
104.553135
103.615858
103.328308
103.417816
102.764342
90.525940
102.294491
104.817092
103.565573
103.899283
104.260917
103.600015
98.467203
94.901739
101.816248
103.526153
101.440676
103.229858
104.384400
103.252356
103.643098
102.791804
104.012535
103.791473
101.499977
104.903751
106.363293
100.295570
104.156108
101.500596
103.326878
100.920923
104.377124
103.682133
97.361979
103.269072
102.544711
103.776709
105.667816
103.104145
105.207555
100.530738
103.714829
