195.411634
199.160039
197.922575
200.390120
197.826175
197.550282
197.515744
197.514796
193.312356
195.349642
197.373335
198.173929
197.522546
197.704822
198.004481
200.365151
196.183067
198.009860
198.021916
198.858210
196.520757
199.535277
201.634078
199.044574
199.066194
197.699095
198.215924
198.756013
200.692090
198.853026
197.922454
199.388791
197.801684
200.375473
198.795576
201.467246
197.325246
194.028552
194.771364
200.115402
197.954818
195.103106
175.952797
199.722365
196.039424
196.191627
195.132583
209.113567
198.781756
197.922708
197.009433
201.048197
196.914732
196.406762
197.916406
194.104903
197.520849
224.638855
198.613147
197.624877
199.086978
196.081946
198.165305
198.944312
198.125754
196.618484
198.182768
193.925865
198.681170
199.666972
200.696802
197.940147
200.130927
18.293571
199.328165
196.209969
198.899412
189.378918
196.740714
199.692493
198.375144
199.655377
199.361938
198.310407
197.663913
197.782735
196.735586
196.894366
200.990193
197.269939
199.941538
197.512266
196.700339
198.716330
198.813398
197.229280
197.702678
196.772210
196.299396
197.746041
198.203122
198.473775
198.749551
196.476409
198.322215
199.785653
197.260578
196.180471
197.989320
197.611127
198.065028
199.639588
198.558445
197.808036
197.965666
197.951247
205.797837
206.702447
196.612186
198.700186
199.245665
197.476061
197.671974
197.411012
192.722609
199.579893
199.398800
189.069109
197.449736
198.140586
197.356382
200.257900
200.717119
198.118577
199.485840
199.120844
200.091421
197.550497
197.246529
196.804019
202.570485
192.213383
197.631065
196.125820
198.962114
182.101115
204.978622
198.496545
197.882409
185.641974
203.513773
197.330001
199.377829
197.829628
199.139732
219.173430
196.699291
198.281165
253.119489
183.655011
197.289841
197.532649
198.184817
198.007016
196.255607
198.866077
205.850610
198.013397
195.337807
200.365001
198.017080
200.619123
196.381384
199.154836
198.426525
211.768600
203.260185
197.730682
198.528050
148.613936
197.249521
203.420938
199.696522
200.868938
198.496219
192.315935
196.426578
201.990376
197.803020
197.422999
195.008207
195.092992
197.673695
195.376453
199.794609
191.824159
197.198287
198.880439
199.586051
210.218140
197.698095
199.959422
196.596200
197.365581
196.906150
197.192473
196.358784
199.124825
199.237267
198.630248
197.778681
197.964378
197.330018
197.292354
201.121475
196.995736
198.278486
197.917065
198.775881
199.224623
199.338647
198.325382
197.469716
200.291117
198.679150
197.790064
196.812100
198.516688
196.404706
199.744850
198.730397
197.418759
196.197824
197.066173
194.980556
199.169889
198.788746
197.631098
196.044246
197.612718
198.328351
198.052500
201.350005
197.360468
196.727485
198.815817
194.672607
198.035975
197.174512
200.634610
198.101090
198.310152
199.369299
197.503590
185.684383
200.114525
198.526696
194.453380
204.666977
208.269928
198.176859
198.209285
207.605703
198.338322
198.708696
198.498199
203.914917
197.337335
204.640063
201.013485
197.808721
200.033775
212.415582
197.549492
197.074637
198.233389
197.533331
200.727041
197.277687
195.102103
197.685838
252.893645
197.960086
197.381841
197.816561
198.134169
198.103993
198.009968
192.084131
695.617329
197.595699
195.993141
197.877058
198.668980
198.161285
201.413754
198.920915
199.031406
199.022536
196.424117
197.850071
195.560003
195.480453
197.303003
198.603033
-174.958123
200.466814
201.358124
197.303359
197.194176
197.788857
204.557124
193.928802
198.781996
201.209368
197.811841
197.904106
195.046431
168.086562
198.142396
197.918531
197.947222
196.899857
197.879112
202.360960
197.649127
196.912809
197.815982
198.731601
197.891907
201.073123
92.128639
198.987172
197.291084
198.628569
199.044073
198.254104
195.636388
198.948757
195.264811
197.948474
197.498852
197.359753
192.754532
198.543714
198.950712
197.057078
197.614493
196.944140
197.843963
198.027090
198.930773
197.031380
197.361100
194.733562
199.071624
197.718101
203.436249
198.182391
200.471294
196.860226
198.671058
200.508066
197.684471
196.799835
197.790080
193.012305
197.982843
197.711031
198.347585
199.620402
197.965308
199.565586
197.860946
198.963088
197.948106
199.003349
196.090076
197.339892
198.638948
195.661638
196.278268
198.955063
195.310485
197.473296
197.823447
202.559589
197.375174
197.560080
198.233989
204.216204
199.571939
198.331524
201.792879
197.873043
194.308485
196.958592
198.059837
297.876188
196.567615
198.476648
197.744782
194.920737
196.381925
199.397823
202.930086
198.720405
198.654477
198.482729
197.130001
197.446562
197.998907
197.394503
198.580682
197.535685
197.222298
201.858371
199.875915
197.962307
186.470394
198.150477
201.087090
196.701193
201.380047
196.908245
185.093872
197.123593
196.831115
216.028297
196.954035
200.803424
197.549767
195.146895
199.071876
198.512847
196.903858
197.544204
203.779779
200.252923
196.879902
195.203639
196.727866
198.110614
197.253312
198.761567
197.120720
196.617616
193.753272
195.777142
197.529911
197.144110
194.343784
197.580353
198.955159
198.106262
197.066597
256.385002
197.529500
196.434068
198.566557
197.631331
198.081182
197.396578
187.194062
157.145104
198.590399
197.048967
198.055321
197.744926
197.280391
198.798386
199.515206
187.831015
199.010886
193.184197
201.659056
194.762277
197.572073
197.667557
197.966431
197.237737
198.122265
196.988583
199.146125
197.266569
197.959060
194.249331
197.639310
196.030574
363.249823
196.092543
197.984431
198.826563
198.440894
198.991860
200.321810
125.363607
198.107953
196.465237
200.762469
206.181206
194.970455
199.973644
199.745469
193.776620
198.028705
197.522807
197.660139
196.951231
200.675714
196.230703
198.738889
195.428684
198.113060
198.193744
196.764023
202.393592
197.824648
197.962421
196.445532
199.484198
196.743090
197.641644
203.016398
197.377490
195.783263
195.859952
199.760202
197.083208
204.306201
207.163398
199.267792
197.356677
199.336602
197.859541
197.760537
199.706324
196.737581
198.208886
197.483601
200.329183
197.349270
197.313184
197.866097
197.378782
198.055177
198.167780
198.923026
194.941437
198.193588
198.820115
197.584625
198.187642
192.617881
198.701030
196.530129
197.168130
198.750672
199.761253
197.504239
304.843967
197.232176
201.533837
198.581749
196.216772
197.701373
197.278270
198.198161
197.205387
197.012022
198.440715
197.026206
195.312329
199.242370
201.633169
198.105447
197.671426
193.622334
196.972045
200.877778
197.252088
198.235017
198.364457
210.400475
198.084669
206.151388
197.371308
198.991486
196.005967
196.214453
197.236000
197.617030
198.546005
198.476674
201.355693
200.468995
198.365777
200.001634
197.159627
207.670278
200.142113
196.471508
196.206394
197.363704
197.886673
198.576837
196.057983
200.206850
197.382917
198.408109
198.512831
199.605939
197.605538
197.381586
197.871710
199.893757
195.985416
200.107169
202.536915
197.624576
198.011660
197.984062
190.666755
190.323274
197.233502
198.254895
196.467369
192.856924
198.325806
197.443917
209.841504
197.619415
197.700056
196.135995
197.609500
309.186347
197.965819
198.760586
199.983421
197.606981
198.654458
200.578840
198.763731
195.901654
198.326140
206.343730
197.615868
198.655667
197.947305
202.323776
197.222104
198.652072
197.604522
195.637444
199.416659
199.248060
195.666205
200.951249
203.181213
195.574593
195.036629
198.859289
197.934956
198.348582
196.582323
197.618091
193.559274
198.997324
198.229922
185.839613
197.646501
198.171117
199.596293
199.135271
198.145675
197.378859
195.900160
198.588282
180.062957
197.467255
196.296664
218.495137
197.812080
199.314591
197.918843
200.692450
194.965632
195.601931
199.044470
198.272741
198.140913
197.871802
199.565748
199.773851
177.044539
199.440247
198.399795
199.523538
198.680015
196.759624
197.735496
197.095804
197.821556
196.265138
198.641792
192.123640
199.282620
197.761658
198.074342
183.851792
200.339858
191.613555
197.707442
201.287967
200.098865
198.390222
192.926063
200.448949
197.238542
196.923473
193.005972
197.446709
197.785572
197.225681
198.002782
182.448932
192.061296
201.015516
198.516399
196.738192
198.782448
196.258193
200.783725
177.999991
197.520545
195.949797
195.449563
199.763047
200.027903
197.843464
204.178432
196.535741
198.529774
198.505857
192.455205
197.222180
195.979382
200.896369
195.794166
197.476460
197.685102
193.347335
197.868183
194.473807
73.462192
198.644292
197.436396
200.871097
257.306768
197.186838
283.337123
195.868367
230.195420
198.739772
200.938012
199.800446
197.325377
197.605346
200.079669
192.566028
196.677395
197.980144
197.972695
224.006076
184.316218
197.674046
197.839217
195.346210
200.728000
195.534207
198.811714
196.574710
188.891513
213.441861
198.244285
196.827746
200.549890
199.920244
204.252624
198.791530
198.863962
198.473332
198.468835
195.970620
201.801163
196.889135
195.988996
198.218555
199.301838
198.821529
198.851840
198.626786
197.687808
197.648498
198.352313
199.522180
197.362103
198.224285
201.617573
199.479633
197.880075
197.995646
198.591596
195.868412
197.679922
198.229875
197.190418
197.263345
198.595908
197.519962
198.171998
204.605578
199.435463
197.200891
197.649181
198.147715
195.360456
200.430287
198.787102
194.262666
197.001496
195.706387
199.921317
197.257543
199.882548
198.363269
203.188988
200.958712
195.092485
198.318624
199.607931
199.803256
197.623448
198.524009
197.524332
197.230662
196.993383
197.112196
198.207453
196.704561
197.243251
198.439285
200.330398
197.259872
242.277036
199.320743
219.095480
197.196578
198.200705
196.875335
194.666426
199.113018
197.695684
198.189174
218.637874
197.541428
202.291110
195.846320
197.236969
196.195791
202.227757
197.116286
194.248819
195.046957
198.526598
201.225621
197.093575
195.405418
197.234242
197.504898
197.915511
206.622111
197.712817
197.604690
208.140440
196.899536
194.125751
197.180468
195.458479
198.771098
198.136432
200.103159
198.704471
196.569319
201.169574
199.804575
196.561792
198.092056
149.338417
198.985354
198.008362
199.135101
198.971308
197.378780
191.481739
182.096837
194.000717
150.420531
185.854537
199.848746
197.671374
198.036810
200.331855
198.728300
197.729851
196.707112
204.275686
198.183774
194.920403
197.803898
196.659749
197.595972
195.895359
197.907580
178.489318
198.367157
198.030583
200.020270
198.924625
198.648796
198.798006
197.693983
203.575440
194.950494
195.941224
198.956732
199.219323
197.560705
199.031814
197.925980
200.918136
200.969249
197.643601
196.656194
197.610518
239.567493
197.452332
197.543607
193.717947
202.673367
192.241362
198.179507
197.436331
198.291002
198.229448
198.073052
199.855107
197.910102
196.113006
196.352135
198.745073
198.489835
197.158181
199.406309
251.653002
197.130596
201.063172
194.344668
196.988740
198.517684
198.456474
199.338645
197.909857
203.460209
197.296041
196.774781
198.944990
196.532577
196.151116
198.611309
196.744508
196.548004
198.192003
197.401580
197.892041
199.083899
197.185769
198.963645
197.223758
193.593663
198.702021
197.273180
170.729815
197.167569
200.006928
204.734485
197.083176
196.403184
198.447532
201.543855
