-191.983456
-194.442109
-193.322551
-206.519721
-194.849703
-192.561900
-195.051755
-193.197935
-191.112795
-193.654813
-194.128979
-195.711829
-193.530809
-196.487616
-195.353972
-194.259807
-188.373097
-193.634062
-193.886102
-194.374493
-196.386753
-192.854793
-193.568682
-194.455316
-184.831020
-194.376077
-189.356605
-190.756102
-194.442621
-194.711928
-194.167703
-195.409992
-194.893992
-192.561353
-187.266002
-192.588156
-194.409790
-193.385526
-284.097557
-195.092350
-194.542340
-191.815851
-194.677136
-194.797761
-195.785202
-194.535438
-193.216999
-193.053018
-193.558278
-194.588818
-193.933123
-194.614065
-200.998337
-194.257640
-189.766442
-196.260060
-191.048294
-193.840025
-196.812546
-197.038801
-192.185784
-193.098621
-193.861411
-197.248521
-193.963396
-193.197884
-193.171014
-194.868757
-194.352396
-197.025287
-195.681675
-193.910657
-196.230599
-195.187841
-194.543126
-193.904712
-195.577794
-193.384639
-195.010389
-193.441733
-195.676411
-187.976539
-194.108125
-193.464278
-183.921782
-188.954288
-195.523204
-192.217652
-197.488214
-190.782303
-194.620727
-194.254181
-193.645734
-187.330210
-194.865219
-194.823383
-194.177716
-210.438866
-194.230201
-179.785497
-194.148183
-193.939482
-193.738170
-192.911076
-194.779483
-194.812277
-158.252098
-213.083985
-193.403094
-193.953700
-195.956269
-194.456437
-191.845331
-193.993102
-191.711055
-198.961253
-194.816937
-194.931377
-183.723416
-195.435557
-194.753075
-193.554212
-196.477941
-198.156835
-189.776593
-194.794917
-195.393912
-193.329705
-194.901614
-196.718458
-193.049569
-215.653302
-193.029407
-194.964386
-192.818582
-192.856089
-195.174740
-192.662981
-195.751514
-193.963444
-195.619144
-190.963612
-194.296368
-191.895930
-208.289896
-218.067484
-193.609819
-181.702652
-196.587156
-197.108260
-221.635675
-193.802028
-193.478886
-207.324546
-192.035475
-191.009597
-194.640390
-194.726171
-212.119646
-193.571632
-193.052436
-195.122662
-191.039850
-193.577403
-194.289072
-193.309520
-194.305943
-192.767046
-196.954918
-190.398778
-197.856304
-193.572500
-192.914612
-193.975707
-195.708445
-192.399020
-193.483282
-194.671323
-194.079605
-194.083513
-192.033646
-195.158416
-195.316090
-197.686623
-195.519365
-195.307470
-194.889352
-192.476993
-194.459863
-194.350409
-194.208083
-194.835369
-194.981274
-194.152660
-199.857683
-195.051874
-194.463320
-194.865022
-192.780218
-194.160753
-194.050348
-192.822203
-167.674136
-194.102730
-195.912689
-196.233972
-192.058516
-196.179542
-198.749416
-194.345124
-194.078673
-195.374087
-194.200329
-190.815321
-185.868862
-194.232838
-196.016172
-193.742711
-189.269483
-192.350058
-194.398102
-202.246875
-187.927612
-193.579101
-193.157986
-194.615924
-195.261702
-171.907161
-198.712503
-195.670211
-193.666765
-194.319005
-193.843589
-197.888350
-198.263560
-192.452985
-187.658455
-199.159443
-188.917266
-192.283237
-194.158917
-195.303878
-193.483855
-194.122716
-196.818315
-195.177671
-193.875882
-197.351024
-193.633484
-195.916136
-196.387115
-193.111798
-194.245366
-195.172886
-194.149130
-193.785935
-195.427859
-193.144649
-194.389222
-196.942697
-199.503162
992.069748
-194.009216
-194.468116
-181.274080
-195.287660
-192.864687
-195.862168
-195.257217
-195.232987
-194.954275
-194.028961
-194.329391
-194.928079
-197.341048
-188.331269
-193.793860
-194.158746
-192.709253
-192.465664
-192.278912
-192.829805
-193.382547
-196.196751
-194.739747
-195.150311
-187.794122
-194.624129
-190.993203
-194.828472
-195.960942
-193.097785
-196.545964
-215.239605
-193.573332
-195.463512
-190.818479
-194.730409
-194.501048
-200.499927
-193.550462
-194.129555
-193.277420
-196.931442
-193.542244
-194.953834
639.207638
-194.241961
-194.241935
-193.841719
-192.910276
-186.512639
-192.758383
-194.093247
-195.545723
-197.456324
-191.519589
-195.665397
-194.134184
-212.170474
-195.134073
-190.339105
-193.557956
-194.366658
-192.763853
-194.361788
-196.262108
-194.464110
-190.229367
-194.784950
-194.672687
-193.252007
-194.315061
-192.626994
-194.266221
-194.291807
-195.412095
-196.565895
-191.645327
-194.123944
-194.431258
-190.452948
-193.853210
-197.050739
-194.790274
-186.588435
-187.757905
-195.043865
-193.734448
-192.890854
-193.820229
-192.228798
-180.582868
-187.247364
-193.574596
-193.389281
-193.027484
-193.942124
-187.795906
-194.847547
-195.907018
-196.583525
-196.001953
-193.850243
-194.012602
-194.140556
-194.542967
-205.212017
-185.690911
-194.732240
-194.601847
-193.973338
-191.046934
-197.031420
-194.220659
-191.573083
-191.119051
-194.041843
-192.854679
-189.138368
-194.482782
-193.805054
-192.857305
-194.979163
-195.349441
-194.346182
-195.201161
-194.859490
-189.134621
-193.039127
-195.421483
-195.009952
-194.114164
-195.300499
-194.738187
-195.569849
-194.964610
-193.616934
-193.512444
-193.974327
-195.307317
-196.476839
-193.439972
-194.349478
-194.766287
-197.160918
-193.701183
-194.298960
-195.873176
-190.188630
-197.151154
-242.281634
-201.609124
-191.139772
-202.249593
-195.372785
-191.441574
-194.316302
-187.853404
-183.450714
-193.445162
-195.329020
-193.485323
-196.585039
-194.661905
-194.371000
-234.003926
-193.787169
-194.547489
-197.614753
-197.974430
-194.026164
-193.711021
-191.692062
-194.480121
-196.640206
-193.239421
-187.819073
-193.267556
-192.573561
-193.444978
-195.091227
-204.959909
-193.973313
-195.248531
-193.560611
-195.277141
-194.855609
-194.996669
-194.920872
-195.034105
-194.702326
-196.079145
-192.825062
-189.938751
-195.836844
-176.986693
-189.802194
-194.205520
-192.614172
-194.687263
-189.612067
-192.342557
-195.337433
-194.887372
-194.612016
-195.358235
-199.278153
-194.170202
-194.073279
-191.618599
-192.920837
-194.148174
-193.755170
-199.943955
-193.579119
-197.367643
-193.765006
-197.740247
-193.798876
-194.519402
-193.988631
-194.972868
-188.293745
-193.225353
-197.637038
-195.669337
-194.765927
-195.244285
-196.398115
-201.923382
-192.928180
-195.365880
-194.125369
-187.635312
-198.238866
-193.475094
-192.868122
-194.465984
-191.259637
-193.313942
-191.197966
-194.789257
-193.457912
-197.295639
-194.320388
-196.551532
-197.857442
-194.918030
-197.005950
-193.256860
-195.309095
-194.097851
-193.523637
-192.987857
-194.807454
-194.307150
-194.819294
-194.105170
-184.884667
-198.255020
-196.002299
-194.398362
-193.582142
-193.577282
-192.657864
-197.416342
-195.703886
-194.583935
-191.413944
-193.767054
-193.042948
-194.035420
-186.871643
-193.778979
-194.545104
-197.127348
-193.681628
-195.004599
-193.629058
-193.131344
-194.046275
-170.817616
-195.574227
-192.015607
-194.874076
-194.347527
-194.684492
-194.253602
-196.887395
-195.525974
-198.802603
-192.777151
-190.770628
-195.848456
-189.810817
-194.681254
-193.015985
-189.704796
-199.614314
-194.269392
-190.587676
-195.218378
-194.876371
-194.182329
-194.490552
-185.344363
-194.924022
-192.449674
-189.766435
-193.910279
-194.358042
-195.339220
-194.404678
-203.974705
-193.629374
-196.134503
-191.661097
-190.363310
-197.271870
-194.971364
-193.841002
-192.614663
-195.346932
-196.004770
-189.162789
-193.770725
-194.776279
-177.381196
-187.737508
-189.493317
-194.344237
-190.631718
-191.897849
-194.725115
-130.053817
-194.768788
-193.740971
-212.642249
-193.880816
-191.923489
-195.863376
-194.865136
-200.306185
-194.489449
-195.764750
-196.289138
-194.203443
-194.302953
-190.779752
-195.580677
-193.120952
-195.595604
-193.918396
-193.456362
-193.535910
-192.122720
-182.215030
-194.528771
-194.530972
-195.062656
-194.605400
-195.824027
-194.826816
-186.195978
-194.566725
-194.780982
-158.262464
-188.225959
77.560032
-182.293838
-192.893439
-187.222719
-195.946716
-193.595119
-194.654223
-193.932063
-178.286178
-195.502864
-194.999194
-192.757613
-190.453964
-191.355391
-196.638920
-195.295512
-193.308372
-198.230903
-193.968421
-193.675013
-191.080192
-182.424605
-195.440586
-195.215754
-193.526620
-189.758116
-193.899289
-195.070681
-193.704072
-194.206261
-196.507285
-192.547921
-193.503935
-191.731520
-193.788693
-194.853471
-193.645438
-193.755311
-193.765746
-194.726941
-223.761323
-196.144786
-204.150995
-196.299560
-194.404793
-194.153846
-193.915426
-191.625712
-194.658508
-196.004098
-194.057506
-237.835795
-193.551371
-190.881720
-203.734721
-194.597901
-194.968160
-195.956089
-197.470436
-206.545211
-194.397488
-194.660853
-194.287214
-194.450647
-191.995273
-194.096738
-194.918330
-194.009759
-200.116821
-194.625057
-193.874471
-191.613027
-197.991568
-195.193452
-195.758756
-194.939583
-195.525632
-194.606989
-193.178056
-194.768419
-192.459788
-185.323776
-208.355923
-193.195539
-198.380513
-194.607696
-194.905181
-197.913845
-194.379326
-194.527453
-194.354435
-192.738722
-194.340203
-206.363208
-195.562323
-194.600796
-192.286478
-197.416312
-193.852275
-187.648123
-194.162800
-194.264444
-196.117296
-194.088680
-197.569181
-193.897164
-199.455049
-193.313110
-194.430563
-198.889245
-193.677119
-194.622178
-194.450006
-190.830230
-193.394301
-194.387087
-194.231470
-206.550467
-200.897013
-198.848695
-192.288825
-194.244229
-193.763926
-194.956967
-257.903918
-192.230965
-193.195414
-193.677164
-196.587821
-194.731530
-198.581727
-194.028744
-194.164986
-194.778949
-194.972564
-192.906802
-236.490085
-194.401091
-195.411309
-192.305094
-191.310290
-191.787103
-193.532190
-194.161312
-194.897122
-195.457965
-193.890669
-194.226298
-195.270033
-194.223796
-194.322319
-181.091827
-195.966292
-193.811876
-194.360878
-193.504946
-195.916373
-194.281996
-193.842572
-194.961126
-194.885630
-196.337248
-183.459458
-193.721985
-197.254402
-193.741576
-198.756790
-194.260115
-195.341522
-192.601618
-191.503179
-190.184930
-191.969499
-194.563884
-195.182630
-187.951333
-187.971723
-194.455860
-193.315658
-193.311234
-193.478811
-193.432101
-221.872826
-193.128624
-195.882966
-195.429722
-193.895451
-194.224430
-193.817088
-195.485375
-193.889196
-193.622563
-197.101936
-192.935260
-195.937151
-193.636216
-194.251639
-194.262573
-194.125097
-193.509233
-212.302105
-194.214931
-191.739965
-193.560396
-192.771199
-193.624595
-200.642064
-190.139244
-194.335694
-193.811932
-195.759066
-195.287939
-193.312856
-191.300065
-195.235178
-190.727575
-197.877829
-194.647768
-194.228378
-192.335223
-196.888023
-194.610656
-197.686093
-196.253999
-192.119820
-197.672696
-195.409249
-194.296155
-194.797799
-178.001675
-186.313158
-195.196115
-195.024762
-194.355241
-194.944577
-193.049064
-195.046665
-195.135258
-195.942564
-192.018892
-195.147350
-195.584713
-193.508166
-193.948206
-195.115473
-193.396182
-194.498839
-194.308225
-193.751723
-192.082052
-222.405066
-193.353540
-194.632886
-194.404788
-188.572650
-194.761127
-178.114522
-194.880301
-194.470528
-192.758321
-193.865082
-194.366609
-194.118668
-181.169307
-195.825748
-195.209905
-195.845169
-198.558353
-193.777588
-247.015245
-193.665229
-194.447394
-194.489019
-194.851384
-195.017692
-194.550199
-194.643670
-194.391962
-194.682893
-191.398060
-194.033478
-196.726089
-193.963681
-195.433778
-193.588277
-196.181620
-191.418693
-192.756336
-191.381747
-196.961118
-195.368512
-195.168741
-193.248323
-194.987487
-194.108265
-177.626490
-193.125607
-194.212791
-192.051510
-193.075261
-194.710831
-193.401237
-194.791485
-194.486374
-191.862586
-181.099974
-194.144905
-193.813803
-46135.203161
-194.659809
-191.409566
-194.048987
-194.983104
-195.657386
-193.571267
-193.953582
-194.573438
-194.842111
-219.406791
-230.534937
-194.254482
-192.629668
-193.332796
-194.116181
-193.154100
-194.168226
-193.824866
-194.720046
-194.097857
-191.675854
-192.630018
-192.462035
-162.914790
-192.898310
-192.415472
-192.163331
-193.631972
-192.563200
-195.439322
-194.928116
-194.264032
-196.021684
-195.636952
-193.114209
-192.706799
-185.238171
-193.353951
-193.544639
-195.003995
-194.716746
-193.907640
-195.414050
-192.195538
-193.527236
-196.246484
-193.726746
-190.966694
-193.024521
-195.450559
-196.358014
-192.894079
-195.430071
-194.274587
-194.072670
-195.280294
-200.303535
-194.045545
-194.341527
-192.682691
-186.960113
-205.459060
