-167.933269
-167.843729
-167.987831
-168.152924
-168.078531
-169.265468
-168.530876
-168.786144
-169.324627
-167.780043
-168.693527
-168.624946
-169.389339
-170.244774
-167.860600
-547.801142
-169.436691
-163.105240
-166.056219
-168.989403
-167.012166
-169.804712
-168.193444
-168.577624
-168.313493
-168.065266
-169.385506
-167.315374
-168.808941
-169.673485
-172.058807
-167.365599
-173.654945
-171.376791
-163.374516
-169.168223
-168.310845
-151.378784
-168.894393
-168.260523
-168.047020
-171.309009
-167.213309
-167.035134
-168.776974
-169.817100
-166.308279
-164.628184
-168.932872
-170.817686
-181.046273
-164.984058
-160.841234
-170.471622
-165.891262
-167.678766
-168.137693
-166.728448
-169.027330
-167.182780
-165.924928
-168.909109
-169.278324
-173.778467
-168.129846
-167.098052
-168.037366
-167.391748
-167.779963
-164.018386
-168.280575
-167.921769
-161.724639
-170.472671
-169.763957
-167.563388
-169.744924
-214.532595
-168.032475
-170.756271
-168.235000
-168.154786
-170.042338
-167.148998
-168.508958
-168.026936
-169.073231
-167.848373
-169.655567
-168.380423
-168.989867
-168.545552
-51.056532
-169.267711
-168.214065
-164.661065
-159.445226
-168.217972
-168.581517
-169.203839
-167.810424
-166.722070
-168.492376
-168.066174
-168.772941
-172.277409
-171.601623
-167.966500
-166.543033
-171.273516
-168.807558
-136.962596
-168.989639
-168.987029
-168.415533
-168.342798
-168.559649
-170.170041
-168.598676
-167.874011
-168.161937
-167.558822
-175.266224
-169.616216
-168.411770
-168.246298
-167.051697
-167.644927
-169.624248
-168.420421
-207.261951
-168.031268
-168.442593
-166.772757
-176.334039
-198.041357
-168.707086
-167.684056
-170.185378
-166.670022
-168.848044
-168.186894
-179.108253
-168.698144
-171.833823
-165.341794
-168.514841
-168.966714
-168.340123
-168.164777
-166.349376
-171.137018
-169.245523
-168.807988
-167.948531
-167.087278
-168.573768
-167.778025
-170.269828
263.766568
-168.654822
-170.025832
-168.353454
-168.926857
-167.535736
-168.454099
-203.675463
-166.014158
-172.856221
-168.715720
-167.577968
-170.268668
-168.355526
-166.674113
-167.332324
-166.134492
-164.731503
-164.290140
-171.023479
-170.718535
-171.524479
-168.405264
-168.183799
-158.281381
-168.608970
-167.049055
-168.035099
-164.067958
-168.412171
-162.093161
-172.779653
-169.911264
-171.189285
-168.771714
-170.122722
-168.053419
-151.394853
-156.763864
-168.634587
-168.604600
-168.653485
-170.693898
-167.672293
-168.490876
-171.075227
-168.773875
-168.892027
-167.962515
-170.158594
-166.357306
-169.859607
-167.921197
-168.716972
-355.185530
-168.154623
-170.594470
-167.499398
-168.840626
-164.438495
-169.162378
-167.976543
-170.396971
-170.579447
-158.685698
-169.712074
-169.860380
-171.171837
-183.372203
-165.867051
-157.257482
-169.446588
-166.012181
-168.597669
-166.073862
-146.654347
-166.062915
-169.263218
-164.994627
-168.859159
-168.579123
-168.334242
-173.502218
-171.482452
-167.706250
-168.136935
-164.369978
-169.612008
-172.149493
-168.442351
-167.571632
-168.616945
-168.306382
-168.406823
-163.138012
-165.546466
-168.855816
-166.756073
-168.316705
-167.770242
-161.912241
-170.786083
-169.361560
-162.737586
-168.968938
-167.105961
-170.891622
-169.051826
-169.969169
-159.605039
-169.106475
-167.354987
-166.255250
-169.408186
-150.218297
-168.515444
-168.354826
-169.542568
-169.739322
-168.258537
-168.847457
-170.939832
-166.809216
-168.309997
-163.655833
-172.391070
87.736329
-167.411051
-171.068153
-169.953098
-168.175746
-168.295970
-171.980106
-169.293720
-167.373214
-168.033629
-170.015075
-168.139228
-167.606018
-167.443332
-170.344154
-169.801427
-132.860344
-164.139633
-168.794590
-163.587652
-161.761930
-171.923762
-169.156173
-170.660764
-168.551590
-170.748111
-169.547921
-169.471141
-165.189364
-170.794504
-164.683729
-168.456327
-168.568707
-168.114595
-156.906027
-169.411093
-167.796827
-157.100779
-159.896127
-168.404355
-168.735888
-169.181046
-167.087603
-169.053528
-43.499601
-164.077823
-167.631077
-170.623512
-168.450332
-168.657637
-169.400628
-168.453711
-169.044448
-173.355170
-168.728364
-168.073556
-164.223838
-169.283905
-145.670099
-178.163637
-169.158932
-169.382701
-182.145282
13.330307
-168.588573
-168.075136
-167.780543
-160.162872
-167.593221
-177.797030
-168.553191
-168.159771
-169.248334
-167.902842
-168.192942
-165.114959
-167.698207
-156.317469
-168.636999
-168.343813
-169.634515
-162.943879
-168.481184
-165.939605
-158.388365
-231.166457
-168.586493
-169.028078
-168.750439
-167.796608
-346.556375
-167.031150
-166.981971
-168.354340
-167.760093
-168.773818
-168.215452
-168.841899
-167.949462
-166.930381
-165.849465
-168.901119
-166.550401
-168.829339
-168.916513
-168.479077
-172.621671
-169.684936
-169.166700
-171.548774
-168.048796
-166.383325
-169.487073
-169.092288
-166.102234
-168.385417
-168.224393
-169.015582
-166.950116
-166.214849
-161.021986
-170.070613
-167.514653
-168.265438
-168.985241
-171.462768
-172.154084
-160.379652
-167.467198
-168.376671
-167.186794
-167.504732
-168.014748
-168.356769
-169.609903
-164.467140
-170.068759
-167.667791
-168.119966
-167.066433
-168.637124
-169.973752
-168.344649
-169.805906
-168.287017
-167.911715
-167.811010
-167.908961
-161.608004
-164.284666
-168.534748
-167.790103
-174.419714
-167.934852
-164.272804
-205.383009
-168.916869
-167.196005
-168.028939
-168.010969
-154.415413
-168.914346
-165.650403
-168.275581
-166.621753
-168.052057
-169.120921
-171.074110
-166.811868
-194.572458
-166.377472
-169.635607
-182.207143
-170.682038
-172.312502
-440.900406
-167.917525
-168.121131
-167.511650
-167.793067
-166.758589
-168.874417
-178.167480
-168.573876
-169.300181
-170.265379
-167.279607
-167.129450
-169.403735
-169.648446
-167.523091
-168.271922
-172.043145
-168.029840
-170.505168
-169.028495
-168.172633
-169.200360
-169.019687
-170.728017
-168.859394
-169.032006
-194.214760
-167.345959
-167.853534
-254.870544
-168.155363
-167.722084
-167.903860
-167.391950
-170.084066
-168.826692
-169.343224
-163.623360
-168.288054
-168.838119
-181.909784
-167.203898
-167.496868
-167.213007
-160.968928
-167.555918
-169.479556
-171.476289
-180.068911
-169.540667
-175.439199
-168.159220
-168.236280
-166.761562
-168.897708
-167.843230
-169.585423
-168.515604
-168.618249
-168.471363
-167.187183
-168.125277
-168.554987
-168.957731
-167.065579
-164.477100
-167.416267
-168.492304
-169.301333
-170.274771
-167.103253
-163.042421
-167.386071
-169.133950
-172.938582
-167.496515
-164.625054
-167.301743
-167.853775
-168.078794
-169.317516
-166.867672
-169.492708
-197.561319
-169.152179
-168.805607
-168.592005
-168.747622
-171.184452
-168.350359
-168.934108
-168.078734
-168.642299
-168.426696
-167.696784
-167.630424
-168.884936
-168.249542
-166.023413
-167.749767
-158.603998
-169.563711
-168.219347
-171.217760
-171.484895
-167.468772
-167.260336
-165.769478
-181.346092
-168.854054
-169.055905
-166.623160
-177.652294
-169.303267
-169.676037
-174.934262
-168.298367
-165.211244
-165.855151
-167.081089
-170.191866
-170.543402
-179.145750
-168.537841
-182.987872
-168.110653
-171.578645
-168.086287
-168.297386
-170.779575
-164.737911
-168.467925
-170.136978
-169.215082
-169.802377
-168.307043
-160.188058
-169.655376
-165.484906
-167.235409
-167.797346
-167.392446
-171.647368
-168.719644
-168.047440
-170.028642
-169.095080
-165.951809
-174.119279
-167.634967
-167.882343
-167.298762
-164.848994
-169.164044
-171.023540
-171.746605
-167.980957
-168.812314
-171.034838
-170.550093
-170.561983
-155.599940
-167.164573
-163.847113
-169.434678
-167.176129
-169.982212
-170.361977
-170.206068
-169.076801
-168.763688
-169.539519
-160.283497
-168.787817
-161.747067
-168.995754
-168.749705
-168.626065
-166.304459
-169.234775
-169.382472
-169.016003
-170.186141
-163.318553
-168.940176
-140.310632
-226.747900
-168.097813
-167.736139
-169.177107
-172.121841
-166.766882
-169.447431
-169.023998
-168.216068
-168.737999
-168.397007
-166.706141
-148.591363
-167.534588
-167.975186
-168.261876
-167.519437
-178.907777
-168.214682
-168.828749
-168.763843
-168.613908
-168.253187
-170.206105
-158.792025
-190.416774
-169.283132
-169.112922
-167.559181
-167.700164
-167.638621
-157.212989
-175.628426
-169.032738
-169.846972
-168.727436
-168.880385
-167.825449
-167.606253
-166.431346
-169.694588
-168.119148
-170.224091
-168.123421
-165.740487
-168.531154
-167.794659
-168.234152
-169.378363
-168.974029
-166.949014
-177.367387
-166.674318
-25.733750
-169.251373
-169.372689
-156.581463
-168.403879
-164.781500
-167.363682
-168.168843
-168.906931
-168.017522
-162.169995
-168.770095
-168.315582
-168.448682
-168.548270
-168.329001
-168.096097
-170.090621
-168.715599
-166.613501
-166.828094
-167.968924
-171.424883
-168.317154
-162.872050
-167.540892
-168.179412
-168.693359
-169.295443
-80.184105
-167.874358
-168.912119
-167.284988
-165.557440
-168.103896
-167.758765
-167.137836
-169.650957
-161.156973
-174.532158
-170.357069
-168.887168
-173.170492
-167.970216
-185.869724
-167.893380
-169.279092
-169.137591
-192.592567
-169.925118
-168.352410
-167.211447
-168.284320
-168.822692
-169.406221
-168.535853
-169.269200
-167.436138
-168.708923
-166.741239
-166.113596
-168.426748
-168.070672
-167.700371
-169.454709
-170.470740
-165.503498
-170.677290
-166.608958
-175.355936
-169.480704
-169.253761
-172.880467
-169.710600
-169.651442
-169.674048
-170.967993
-166.320045
-164.903761
-168.475873
-168.544938
-168.357210
-168.645589
-167.802062
-156.779209
-163.037615
-168.165981
-161.948206
-165.414291
-168.164976
-170.335157
-184.022187
-163.466204
-166.661796
-168.883139
-169.102998
-169.107143
-175.427266
-166.905321
-168.518653
-168.354489
-167.788029
-169.438993
-169.109251
-169.539609
-174.262779
-170.732777
-164.493249
-173.807739
-168.392258
-167.956592
-186.585045
-169.172750
-170.520420
-168.249899
-167.163803
-166.818902
-168.827911
-167.813479
-163.797058
-167.127097
-170.629080
-170.414668
-168.505600
-169.051575
-166.837086
-169.840380
-169.268136
-167.130643
-169.051219
-172.316915
-167.842237
-167.434592
-167.848328
-167.726642
-168.706839
-169.367571
-167.803241
-165.987162
-169.315407
-169.837375
-168.323265
-167.262308
-173.368378
-167.920353
-168.004573
-167.887216
-167.550864
-171.294637
-168.788234
-162.621473
-166.653287
-167.944517
-168.276739
-169.087973
-167.710082
-165.535082
-175.723805
-156.196049
-167.126436
-168.614009
-166.363330
-169.466582
-170.612802
-168.749745
-167.872989
-167.903431
-168.234519
-167.979015
-168.704101
-169.228729
-169.675839
-100.520969
-166.405812
-169.660906
-167.628036
-167.344415
-167.823236
-168.929173
-168.116252
-167.474870
-168.035572
-168.754659
-168.445902
-168.620548
-167.482882
-168.855436
-167.643623
-164.999726
-168.247211
-194.784254
-168.618769
-120.910672
-166.410366
-165.556557
-171.510609
-169.516389
-169.737154
-164.837233
-153.847733
-167.452432
-166.109824
-169.182111
-168.744802
-171.372466
-167.619426
-167.665206
-168.363863
-168.435265
-166.207687
-168.200458
-168.223033
-169.706500
-168.898446
-167.486436
-166.187881
-169.798435
-168.711503
-167.399743
-204.228108
-168.936243
-167.119741
-167.797997
-168.850120
-171.606884
-164.714936
-168.220230
-168.249949
-168.156195
-167.292308
-168.394394
-168.002041
-161.741305
-167.308645
-190.415957
-167.498183
-168.553255
-173.648057
-169.366805
-166.918315
-169.726369
-166.394727
-191.837038
-173.154813
-167.877189
-168.687133
-169.369731
-169.363392
-172.954785
-160.397781
-168.692460
-151.266730
-171.346643
-176.276977
-167.798546
-167.752797
-169.436970
-167.916514
-169.718001
-169.707188
-167.593247
-172.233676
-169.202565
-166.854727
-168.575111
-170.775320
-167.109507
-157.904733
-168.398440
-169.383676
-169.904314
-167.658461
-175.588516
-129.133345
-169.059764
-168.432690
-169.424933
-173.186148
-168.072555
-169.009047
-170.213585
-168.273931
-168.735529
-167.187298
-175.541649
-169.604559
-168.637562
-169.558157
-167.840638
-166.383372
-170.659330
-164.148835
-167.881761
-168.791848
-169.824449
-169.156365
-169.219718
-166.211550
-171.829299
-168.562473
