-123.625690
-125.082984
-125.296496
-124.969751
-125.599156
-124.214664
-125.705654
-118.000705
-126.129501
-125.099787
-125.759551
-125.076017
-122.748621
-148.671972
-124.270465
-125.592462
-129.439990
-125.491980
-128.758721
-125.855083
-125.637436
-128.070103
-122.308157
-2480.878688
-123.657080
-126.076526
-124.508870
-123.831781
-124.669960
-122.374772
-127.073310
319.001499
-125.053118
-125.263675
-126.231428
-126.574560
-125.512874
-125.299582
-128.940984
-127.834283
-118.952943
-124.400013
-116.006712
-124.372759
-127.609709
-124.769688
-126.281549
-125.293606
-125.546935
-125.939237
-125.287165
-135.497960
-125.714821
-127.224353
-132.828049
-125.668363
-130.796804
-126.081641
-125.261741
-125.371124
-125.046056
-126.364220
-126.239948
-126.398340
-125.917699
-128.429097
-126.617969
-124.969924
-124.800607
-127.000478
-124.761136
50.544745
-127.361153
-125.191093
-125.005031
-67.982751
-126.724061
-125.397417
-112.345015
-127.175723
-125.736861
-144.308641
-129.475417
-124.520106
-127.439621
-124.967116
-123.658813
-123.735323
-106.844393
-129.467406
-125.446533
-125.360086
-119.799343
-122.103900
-140.997351
-124.772611
-124.762892
-125.155738
-125.221323
-125.269981
-124.565252
-125.469941
-126.681572
-124.625385
-124.832273
-125.728082
-128.074417
-122.980025
-125.344579
-125.810027
-125.130956
-130.333178
-122.493384
-127.144781
-125.519368
-133.998455
-124.432675
-124.116857
-124.257201
-126.364305
-125.119794
-126.434479
-123.816966
-124.516866
-125.710781
-124.369021
-132.235021
-121.674488
-127.145793
-126.301764
-126.705720
-125.518115
-125.198345
-128.110617
-414.939850
-126.403188
-126.077887
-126.121543
-125.738720
-125.873578
-122.784989
-126.080463
-125.033740
-128.912256
-128.448083
-126.394673
-123.001197
-125.370297
-124.565824
-125.818240
-129.243959
-130.398840
-126.259887
-124.629843
-124.904667
-124.724332
-125.834554
-125.983665
-125.074178
-128.298726
-73.435864
-124.829916
-124.943697
-124.400770
-128.275490
-124.147634
-133.209499
-124.244967
-120.667957
-126.349350
-124.219696
-124.702509
-125.129198
-127.309185
-123.676539
-139.046809
-125.688930
-124.384034
-122.592766
-137.221422
-124.738624
-125.303815
-123.518500
-124.479089
-126.776747
-125.979234
-127.332983
-126.017552
-124.726967
-124.904417
-125.191784
-126.794242
-123.383793
-126.420759
-127.287829
-123.596579
-125.968591
-124.748480
-125.402425
-125.698795
-125.332187
-128.798100
-125.440143
-125.775421
-139.838377
-124.461005
-125.062568
-126.500974
-124.442396
-123.382950
-127.475868
-127.097947
-126.026254
-124.471096
-127.137946
-126.246276
-127.570752
-128.026180
-125.579399
-125.244428
-96.785324
-126.251455
-126.653677
-125.479373
-127.241739
-125.255065
-126.945085
-125.004207
-129.263560
-129.660307
-115.149530
-125.007351
-124.234764
-140.188689
-125.319661
-122.239607
-125.831824
-103.356326
-120.765043
-126.136224
-125.353064
-133.073267
-123.550542
-125.863293
-124.767274
-124.726265
-125.742565
-126.933788
-124.319751
-124.685437
-131.170389
-126.449098
-126.753194
-124.307831
-125.717013
-124.910574
-128.721777
-125.375336
-126.387196
-125.066390
-124.022023
-126.392229
-125.439872
-123.688125
-134.152927
-125.253226
-122.563194
-123.173261
-127.930824
-131.976524
-124.971627
-118.615416
-126.025851
-125.043904
-125.368258
-125.983518
-127.418209
-124.456199
-125.066052
-125.640406
-124.590384
-136.605869
-127.749455
-126.485850
-127.426202
-124.710337
-124.649131
-125.715063
-123.255009
-125.138036
-120.686303
-143.386853
-122.313975
-125.143017
-123.333904
-124.496571
-124.253910
-125.233835
-125.990832
-125.374795
-124.302761
-131.866818
-132.290860
-125.853895
-129.606537
-124.636790
-124.132214
-121.711248
-125.900543
-124.172870
-125.143041
-124.733759
-132.081332
-125.857980
-125.887290
-125.009570
-121.465745
-127.410060
-124.213557
-132.345860
-124.435553
-134.875905
-125.936301
-125.053899
-126.752178
-126.129218
-76.973741
-125.489530
-130.346224
-124.471773
-124.087817
-126.547899
-125.218524
-127.100087
-125.492303
-126.583171
-124.151664
-125.951009
-125.666469
-140.353092
-125.268811
-125.668322
-124.046568
-124.861682
-120.553414
-124.446377
-123.619473
-126.620091
-126.272978
-125.614529
-125.886581
-122.460426
-128.257676
-125.186955
-125.824269
-120.446331
-126.324624
-126.004942
-125.292192
-125.224109
-123.725223
-124.577805
-125.083778
-124.746039
-125.807475
-123.273350
-128.119712
-130.089051
-124.897897
-125.251060
-127.049522
-124.262947
-123.003857
-129.609030
-124.023722
-124.756584
-125.905557
-125.892884
-122.943912
-124.885890
-137.168418
-125.371093
-127.615155
-122.826884
-125.497035
-126.611289
-127.190625
-124.164258
-126.512504
-122.247072
-121.920416
-124.300288
-124.926224
-125.625242
-124.736659
-128.471167
-125.114746
-124.675671
-125.767651
-125.616449
-130.284924
-124.611754
-123.898114
-129.403655
-104.694806
-137.001984
-116.576704
-126.805688
-123.855287
-124.143748
-124.959592
-124.658245
-126.752116
-123.060076
-124.257809
-124.238858
-125.718075
-113.687144
-122.119057
-126.290848
-127.507957
-23571.481708
-124.981081
-125.665490
-126.622600
-120.243468
-125.691086
-124.839961
-125.764311
-122.294875
-126.361861
-126.559305
-123.702373
-124.556339
-140.084959
-124.748888
-123.727504
-126.337417
-122.544307
-121.203954
-125.938272
-125.335482
-47.843221
-125.756438
-126.429108
-132.163813
-124.137705
-126.245808
-123.567789
-125.540350
-114.100307
-125.629908
-125.297299
-126.246778
-125.360823
-134.234257
-124.879074
6069.898905
-125.059279
-67.592850
-121.045719
-139.494466
-124.984770
-137.404877
-125.676496
-124.523450
-124.719404
-125.339750
-123.786396
-123.738428
-126.128770
-125.187369
-125.729899
-124.747973
-119.936055
-124.801414
-125.476033
-124.695490
-123.437365
-123.003855
-128.849426
-125.266090
-124.502925
-124.111401
-125.818753
-123.557913
-128.107055
-126.073657
-124.383369
-124.042726
-125.705323
-128.117945
-124.160974
-125.136820
-124.146619
-123.107851
-125.007329
-125.113339
-125.798071
-125.370489
-126.126569
-107.640302
-125.426444
-125.999673
-124.861239
-129.965580
-123.134773
-125.359071
-126.032675
-124.323570
-125.048013
-126.403396
-126.605358
-125.172740
-126.918721
-127.322816
-116.917946
-112.070466
-239.133480
-121.731935
-122.342603
-128.661371
-126.218332
-126.429189
-124.862327
-125.598604
-119.585142
-125.659821
-125.792215
-125.121539
-125.694454
-126.255849
-125.188768
-122.404188
-126.363779
-81.033610
-126.342910
-125.453398
-125.806829
-125.233406
-125.571836
-124.904994
-126.176822
-143.206478
-125.467885
-124.832005
-121.808368
-126.584124
-125.329614
-129.954437
-125.954209
-126.800331
-125.268863
-125.232626
-124.294781
-126.686803
-119.527941
-127.009392
-121.996757
-125.250971
-124.687282
-126.270230
-151.004022
-125.273477
-126.230347
-124.078941
-125.678324
-125.110311
-124.119873
-125.654560
-120.193618
-216.710117
-124.151225
-124.354800
-125.409819
-127.218553
-133.299379
-137.917040
-125.059242
-125.289078
-125.599559
-120.526208
-125.858152
-125.867909
-126.386979
-118.408661
-125.456416
-122.562777
-125.392922
-125.412105
-122.087849
-116.091642
-132.176430
-126.925404
-189.996384
-129.729753
-124.258451
-123.080919
-125.960573
-126.941092
-127.833104
-125.142186
-124.729197
-128.785976
-147.678415
-122.841280
-125.249365
-129.135324
-123.836803
-95.193968
-124.907592
-125.298588
-123.471449
-125.474100
-128.074794
-125.516014
-121.134231
-122.331082
-125.203336
-126.094496
-126.725113
-126.052174
-125.050348
-125.183029
-124.511404
-118.950589
-126.215519
-123.917091
-127.401283
-126.174331
-131.002125
-130.859666
-129.115568
-125.127868
-125.870095
-125.918802
-125.691341
-123.423042
-124.457958
-124.153010
-123.425104
-126.878265
-125.736901
-126.285204
-121.448341
-125.614972
-124.454405
-126.969002
-124.995621
-128.795172
-284.002291
-127.034723
-115.974928
-113.365605
-123.088013
-128.711529
-124.812423
-125.757709
-124.204365
-125.954642
-132.497342
-111.901708
-125.635673
-118.312259
-128.343430
-125.591673
-123.327494
-129.947889
-125.056227
-125.204467
-125.507378
-125.225827
-124.813643
-125.840813
-128.557714
-125.550626
-124.284464
-123.281075
-127.494231
-124.390032
-125.520196
-123.865649
-125.972585
-126.654545
-124.740518
-126.596497
-126.968916
-124.014132
-124.476227
-126.337962
-124.908665
-125.046334
-126.580112
-125.458824
-126.780847
-122.183750
-139.838212
-138.561044
-124.609708
-122.996261
-126.058807
-125.098865
-123.351889
-125.352646
-125.477730
-121.789749
-121.005161
-125.581133
-126.999033
-120.319774
-125.191229
-123.866342
-123.891721
-125.341065
-124.438924
-125.366438
-124.619297
-125.008982
-124.530001
-131.616021
-125.507900
-126.786826
-121.202803
-126.236932
-124.736166
-127.423962
-121.506226
-124.463425
-124.664566
-125.618611
-120.495524
-123.090376
-124.969627
-125.702560
-124.647877
-125.772463
-125.134042
-125.583603
-123.739364
-125.252236
-128.316746
-126.448311
-123.833718
-131.240516
-125.851749
-120.668220
-125.667859
-125.244830
-128.572888
-124.864767
-126.186254
-129.880811
-125.546922
-126.537854
-125.436021
-127.063762
-125.058240
-125.663016
-124.486508
-124.100184
-130.637108
-129.528854
-114.981201
-126.091834
-121.509870
-117.308962
-125.127924
-124.973212
-125.140568
-125.554750
-123.466645
-128.465075
-72.290353
-125.920009
-126.070840
-124.627868
-125.793742
-123.723356
-124.762254
-125.399130
-134.425413
-124.705713
-123.913274
-125.709450
-124.047205
-124.837396
-123.259098
-130.086017
-125.589649
-124.687618
-118.409786
-124.476234
-125.065694
-125.730877
-126.275813
-121.739140
-125.997741
-124.342615
-124.834164
-124.976191
-123.804100
-122.981394
-129.133424
-127.773678
-125.270253
-123.570595
-125.247307
-127.505984
-122.971340
-124.772432
-126.652394
-121.590661
-131.473592
-124.576470
-125.388757
-126.831060
-127.203552
-116.342850
-126.441292
-126.299947
-125.409219
-124.955310
-132.252711
-124.031987
-108.808889
-124.672138
-123.367964
-125.162908
-127.366550
-122.845161
-143.522579
-123.274340
-125.594883
-125.830883
-123.398221
-125.456143
-127.757775
-125.004170
-124.902693
-126.270439
-127.342096
-124.274351
-124.956513
-123.108201
-125.352512
-129.971963
-129.933334
-125.738770
-125.188899
-126.152340
-125.013798
-125.219896
-126.146329
-124.527494
-125.495389
-125.384535
-118.416274
-125.302780
-126.811238
-127.542064
-120.339627
-123.226589
-126.861806
-128.221161
-125.110254
-125.036255
-135.669822
-128.054369
-123.399477
-125.451441
-126.036749
-125.126646
-112.469318
-125.477330
-126.287909
-135.573499
-125.772521
-126.582454
-123.687346
-125.158581
-126.537806
-125.048567
-127.205201
-114.648549
-125.285094
-124.896131
-123.910246
-116.463776
-124.294701
-127.134556
-123.592706
-125.075362
-126.687061
-126.072644
-124.971360
-127.894881
-92.918842
-125.572417
-125.241431
-137.185386
-126.245453
-120.653975
-125.178187
-133.360805
-123.009353
-125.077105
-123.298210
-122.721280
-126.950969
-121.722538
-124.880482
-125.042199
-124.983974
-123.671520
-123.211607
-127.679303
-122.262125
-125.428460
-125.497151
-123.598101
-127.014648
-130.732949
-125.482596
-125.805576
-125.231464
-125.737507
-126.369189
-137.838921
-127.879017
-124.924121
-117.273514
-126.105833
-108.592003
-125.015682
-123.729421
-124.996342
-127.837032
-124.915053
-133.959111
-131.843426
-123.779940
-124.610000
-117.830465
-124.232587
-125.634063
-126.017022
-123.444768
-127.166159
-125.933997
-125.138682
-125.475462
-127.444790
-124.149359
-122.033600
-124.088263
-125.014302
-123.500508
-132.880783
-125.163536
-503.762131
-122.297607
-124.186252
-124.679901
-127.873203
-119.824636
-125.055272
-126.435142
-125.292886
-127.441437
-124.860420
-126.693816
-126.146503
-125.632280
-126.001140
-121.929425
-125.453093
-125.009608
-125.667690
-121.337002
-125.007145
-124.931769
-124.618388
-124.395891
-128.065531
-126.504308
-128.008854
-125.618125
-124.147766
-126.595512
-127.116433
-126.693032
-126.167011
-124.566192
-125.511333
-127.369217
-126.905043
-125.927871
-125.898205
-123.729681
-127.715306
