220.244322
226.516271
221.164705
220.869148
222.976930
221.709430
220.976249
224.201194
221.832056
221.356612
222.580027
219.508835
222.513554
223.416436
223.225078
220.928368
222.439724
222.473204
226.550080
221.986199
224.413337
221.625621
220.428097
221.666655
221.157219
224.093012
245.413031
221.152324
234.649456
221.579243
222.774143
221.671734
223.271200
214.288220
226.995267
221.405370
225.263862
221.870676
222.047711
221.607573
220.506220
220.989610
220.918847
221.692333
220.675727
220.682310
218.664471
218.214724
220.529658
216.144772
225.874131
221.557467
226.076998
235.878026
222.049445
223.545284
221.165453
221.459974
241.890613
221.466328
220.832963
222.113283
220.560621
217.885932
221.783142
170.775083
223.967976
221.227985
222.167108
221.409083
227.544325
222.949517
221.292360
202.456252
221.371206
207.739957
220.803473
220.569735
234.711229
203.730673
222.852411
222.038949
220.872493
226.762765
221.103658
223.411457
236.568769
231.779178
211.497484
222.431515
217.829144
219.682720
220.935667
221.829030
225.271709
221.952856
220.877886
223.046306
222.325406
221.269291
220.553733
220.558706
222.076595
221.057713
220.458693
216.035595
219.997618
220.842217
228.236131
222.717430
253.373771
197.615227
221.745819
221.179751
222.112186
223.104024
219.257249
222.349629
220.524807
220.952607
221.697798
222.369398
227.564536
224.470375
223.444956
223.143072
236.849577
221.145111
159.341536
221.127460
220.993513
212.953489
221.452967
222.218367
219.977600
225.519429
196.028588
221.388820
219.110464
220.954684
220.617569
220.912644
221.787373
221.941293
217.374562
218.058474
220.925126
218.098899
222.993774
218.351100
221.469075
221.170368
227.191535
220.780947
222.768603
222.189172
221.312975
221.946664
218.876541
221.614645
221.238048
222.127817
220.403953
221.936175
224.260150
218.325784
222.415341
241.025368
223.979426
227.879145
222.696033
293.485966
220.405771
222.520194
221.479263
223.772668
222.386805
111.485655
222.149234
222.224600
221.103832
222.253022
211.130161
221.720285
220.531325
220.959013
221.443855
221.796276
221.638040
216.903605
220.605914
221.682876
158.375333
211.723608
246.494309
222.522299
222.165340
223.771549
221.444731
230.352229
219.793646
212.962095
221.034071
236.664914
219.673594
219.663929
222.473176
218.945336
218.878931
217.840068
221.823282
231.321015
218.042829
222.195037
221.703620
220.893862
220.435480
221.179469
220.961011
223.753289
221.065718
222.084238
222.300601
221.778707
230.548804
221.784777
221.606546
223.592592
221.398667
190.932738
222.194170
220.034859
224.359006
221.455273
220.920087
221.892105
222.522729
217.987281
222.509421
221.587525
218.210958
223.013993
221.085150
220.231659
220.492527
217.875737
219.055938
223.322642
223.116738
211.621325
220.675891
225.473421
224.104405
210.230138
220.454217
221.447775
221.975507
222.551831
220.521583
221.444434
212.738853
220.125228
210.821803
214.643891
221.579900
222.821093
220.947441
219.611951
226.983170
220.641491
218.676488
226.095293
222.344016
221.100086
220.600693
222.951682
221.068590
223.693958
221.103013
219.999534
221.215674
221.490811
221.859092
222.150803
220.937737
220.951804
220.790725
221.236799
221.579359
222.345753
223.047132
219.392004
221.652553
219.367901
221.616826
221.005529
227.100583
228.378522
222.471898
221.099910
221.834929
219.430201
221.890751
237.561894
221.917157
220.264067
226.618891
221.650499
221.453067
220.198221
222.094875
221.194708
220.464370
221.139910
220.847930
219.548314
220.255147
218.527640
215.439877
222.330767
222.910493
221.886573
222.223254
229.555402
220.733057
223.268540
221.137221
220.482653
222.506654
214.545932
216.388293
213.396743
224.277455
219.709971
223.231435
216.890064
222.449894
221.987583
221.478342
221.929223
221.699462
215.484325
225.924543
221.416923
222.743368
224.799233
222.182589
220.088591
220.128362
221.816914
221.027507
215.388140
217.246523
219.804159
173.877724
221.126161
220.704672
220.798374
221.754059
217.119185
220.219589
221.877567
222.867123
221.481123
222.002302
222.446670
222.365470
222.691256
221.845481
221.949940
220.942323
225.917714
222.149200
1125.666164
222.164657
221.460340
221.426369
221.426837
222.019097
220.610022
222.229182
222.723207
220.458611
223.448632
223.002361
220.862446
221.669769
221.925618
221.481754
222.734974
221.175690
221.147131
220.934967
220.367843
283.110940
220.164295
220.318208
220.963494
224.878813
221.664651
226.094753
223.129083
222.089912
233.204776
226.848700
214.480545
223.408902
219.806547
221.825396
220.412175
228.826005
222.140908
223.455980
221.351078
222.327630
223.148809
224.090542
220.525202
221.566354
217.016182
234.304701
224.509394
222.722521
217.994802
221.301513
221.719622
221.166230
218.996934
246.659569
222.178671
221.554494
222.564228
227.991893
223.270666
221.163630
219.670360
222.405030
221.654228
210.180157
222.658220
221.670347
221.872615
221.223475
220.845839
240.027876
219.595596
220.372271
221.833114
221.635167
221.300152
222.471482
221.520374
220.093598
221.535361
218.961696
220.107939
222.354999
221.394219
221.259013
220.614055
221.045207
221.754509
221.458069
217.931257
220.051000
131.342962
221.125888
218.500445
222.390479
220.544048
220.433013
221.999263
221.711537
220.116772
225.052265
221.984078
223.516082
221.321561
221.817515
222.259068
209.555153
222.002392
220.881847
222.268506
222.434133
223.697448
219.892179
219.726027
221.759214
223.268851
211.701265
221.013877
223.116998
221.347926
225.344992
221.949404
222.254839
222.099700
222.217248
225.021729
222.809910
216.644585
222.054969
220.280044
223.176683
219.121436
222.810987
221.559816
221.290418
222.573708
221.940091
221.734511
218.352862
218.553992
219.877877
220.279053
224.456699
270.849572
224.150444
168.791756
221.623411
220.453164
221.879661
224.586855
222.455773
210.860655
224.843086
220.871846
221.277192
184.796725
219.074776
222.915696
222.997920
237.214462
219.502593
221.018525
220.959473
223.658105
243.771435
222.878371
204.332035
223.194498
222.808521
221.298704
224.118640
214.641104
219.215577
227.036194
229.091870
219.829752
221.324530
220.822194
222.366736
222.475419
221.452116
221.950918
220.983354
220.151854
222.633480
225.611298
220.978466
231.244577
220.107330
222.603378
213.092043
221.367092
222.061412
220.422424
218.541646
222.922595
221.993575
224.406170
222.726320
220.429130
231.027465
220.145892
222.360687
221.622067
222.802650
218.667153
220.137453
220.755260
537.177477
222.228076
223.642199
221.868170
221.498845
221.988272
222.491719
220.345562
209.023817
221.975494
221.266800
224.953173
221.528417
223.014438
222.444288
221.284652
222.039107
223.339809
219.009866
222.655646
222.214241
222.993599
221.197070
226.808944
220.828468
221.789494
222.113244
222.856611
221.953123
218.378892
219.205692
222.354724
221.566299
222.558325
220.744133
221.590464
223.314287
220.252132
220.496964
219.611911
221.961818
220.958578
232.011635
221.578455
222.404447
222.100440
220.078134
219.047063
221.116353
219.965421
222.436557
199.161074
222.548882
219.323993
222.008760
222.311145
222.630934
219.898026
223.221308
222.733609
220.698292
220.525020
220.692811
221.777808
214.551974
219.281782
222.593940
221.573070
221.587185
220.602533
223.108836
221.053100
223.896074
218.426327
231.544116
221.952843
220.585822
220.889848
205.037303
222.290679
222.588290
226.907897
221.130473
222.531987
222.037429
211.397569
220.807585
222.480484
223.008583
223.975523
221.208493
222.315141
223.690088
220.533440
221.056901
221.311460
222.413364
221.495221
221.244367
221.270825
213.368097
222.035033
222.127976
222.032768
222.245401
221.810245
222.332386
219.193691
220.686211
221.532468
227.331356
223.643731
219.972004
220.785461
216.966293
223.366514
221.836888
222.305606
221.673172
221.823860
220.953246
221.962758
221.312781
220.523094
225.195603
217.914579
217.506570
221.005412
219.657799
222.659826
221.373250
222.837464
221.411200
221.648780
221.330647
217.882024
222.105815
310.656712
222.067179
220.000024
220.702689
219.919478
218.422036
218.188426
221.921643
217.162933
220.358201
221.284550
221.991478
223.550530
219.682771
221.458411
221.464245
221.384938
214.836759
222.278596
220.527878
220.798159
221.336770
221.509942
221.718710
222.190112
221.717166
227.806292
227.786962
223.680254
216.492315
221.220965
221.534291
218.694854
222.454359
221.087925
219.258192
221.924553
215.076937
222.231537
275.186154
223.962407
222.311967
223.830552
221.260752
220.166106
221.046802
219.663581
220.980142
222.023915
221.541098
222.786488
219.472705
218.877349
222.357993
223.030183
222.149990
227.247629
222.015732
221.551405
218.954009
222.183599
222.260285
221.713762
220.508203
222.962254
221.538592
223.360181
221.627377
222.682792
224.307503
221.265277
221.715042
218.683536
219.017216
222.007254
223.096674
222.354927
223.102294
220.468540
219.522594
290.328168
221.684522
218.895576
221.899540
215.564169
221.068003
217.907162
135.642890
222.943605
226.656159
202.982074
221.079843
219.120956
221.040745
221.859806
220.961516
221.155832
226.161056
220.400847
226.431443
222.640827
218.513700
221.573383
219.523841
224.266130
226.074406
221.867604
221.678755
223.048599
229.495481
216.602605
223.037032
220.097621
221.799733
220.749944
223.032923
222.167652
221.308729
317.834707
222.987325
225.714404
220.553051
222.726716
222.071850
227.458606
221.336799
219.976408
218.245421
213.822853
225.088008
222.917027
221.491234
222.359495
221.672617
221.874734
220.466444
221.606553
225.113346
221.203763
221.787522
222.230435
220.257267
221.035319
221.372510
225.431288
221.183735
220.762773
223.503457
221.549160
221.020471
226.461476
221.242506
222.227299
221.500880
220.664496
220.413582
223.567220
221.213331
215.937769
224.317470
221.164989
222.341308
224.527892
222.582241
221.859555
189.828027
221.701746
220.418120
221.413842
227.688696
221.376483
221.093284
220.429879
219.061126
220.894911
222.668800
219.096515
222.743195
222.118626
220.634988
222.227015
221.657560
220.708029
224.114468
221.169383
234.773230
218.343743
222.088299
215.504466
224.219648
222.406664
221.879492
222.665313
227.640284
222.851208
222.500594
220.467044
219.806204
220.371640
222.477887
220.869822
221.958945
215.058388
225.353100
220.040059
221.986539
220.747233
221.414638
222.058776
221.769348
220.160549
222.033318
250.040519
223.337919
220.701887
221.777339
229.363181
210.920081
221.614931
221.232071
223.238426
241.293916
221.476176
221.065917
221.689953
222.343330
222.256403
214.550468
222.020431
222.261110
221.877775
241.766131
224.507837
222.931603
221.129061
198.756465
222.416525
236.327750
222.271608
219.510904
219.030787
223.010336
221.025492
214.821278
220.838614
221.649980
220.875266
222.367369
227.981611
221.153693
221.804752
219.964138
171.875294
223.829045
222.142072
220.092808
222.143446
221.356749
222.301011
221.799195
222.233651
219.897328
222.993223
223.322431
220.825837
225.203014
667.777310
222.342541
220.059841
221.267368
220.804474
221.676520
220.327059
221.492822
222.199085
221.237917
218.836959
220.780153
218.058008
220.071657
221.892979
