7.137089
-5.154970
-3.022355
5.330756
-3.244849
-2.774628
-5.893099
-7.890357
-2.884313
-5.436417
-34.723215
-5.889591
-4.598032
-4.971843
-4.358457
-4.793838
-2.432095
-1.261576
-4.918505
-3.912066
-5.669803
-4.688253
-7.303320
-5.639101
-4.835163
-15.699360
-4.619920
-1.670250
-5.128767
-4.704401
-2.287300
-4.103997
-7.649241
-5.154158
-4.107435
-3.687853
-4.187733
-8.397647
14.375895
-6.057047
-11.048695
-6.353238
-0.448726
-2.826137
-5.731975
-18.885189
-5.726922
-6.408704
-5.575420
-4.829341
-5.885835
-5.143331
-1.800836
-8.911417
11.520821
-1.581099
-6.484646
-5.541345
-4.100065
-4.560061
-108.235107
-4.437212
-6.225659
-4.141911
1.602302
-4.153958
-7.021303
-4.694379
-5.626036
5.775758
-5.204082
-7.198661
-7.212704
-5.312013
-5.685090
-1.122277
-5.171799
-5.011208
-5.542152
-2.885680
-4.373906
-39.378592
-89.183650
-3.225885
-72.023272
-2.864185
-5.663513
-7.546288
-5.561141
-26.750039
-4.906174
-4.496138
-4.441261
-5.087258
-5.571585
-6.629516
35.501813
-1.487447
-7.460906
1.462256
-10.648557
-0.397505
-3.476834
-10.903478
-6.226928
-5.666878
-1.423515
-4.628207
-4.470194
-3.050628
-6.499072
-5.825356
-3.798511
39.820538
-5.927215
-7.560663
-3.047363
-5.014084
0.790199
2.185118
-4.851048
-4.675866
-4.812239
8.805443
-4.282080
8.108148
-4.378484
-7.140679
-26.537229
-4.139618
-2.845295
-5.521498
-3.028624
-6.975558
-12.006764
-2.261779
-4.324839
-3.999123
-4.447265
-3.860683
-4.582953
-1.394298
-5.793983
-14.674239
-2.620992
-3.995480
-5.119248
-4.626824
-4.990971
-5.336364
-11.556140
-5.071018
-4.527392
-5.949443
-2.930396
-3.502092
-4.997975
-4.993352
-16.902945
-4.649795
-4.675077
-5.876446
-4.333153
-5.559669
-7.898170
-3.845402
-3.729120
-6.998613
-6.461484
-2.923412
-4.502047
-4.662791
-3.111225
-4.580859
3.263356
-6.366870
-3.476178
-5.822786
-6.469446
-0.850934
-5.141587
-5.606960
-5.215279
-4.293016
-5.105533
-5.143184
-4.060079
-5.086916
-4.657622
-4.669976
-7.752198
-5.002465
-3.016682
-5.884873
-6.900967
-4.471490
-4.545827
-12.126671
-2.278674
-4.542014
-4.284065
-15.612859
-2.502171
-3.534511
-7.429794
-5.854617
-4.837586
-36.869645
-3.629708
-5.601520
-7.983035
9.214060
-4.540039
-5.591839
-4.847860
-3.626421
-8.740726
-5.406598
17.484741
-4.335103
-4.985182
-4.780036
-2.464145
-2.722649
-4.082532
-5.731031
-6.884036
-2.245442
-4.797670
-7.456152
-4.308569
-2.524919
-5.755850
-4.131004
-4.736997
-11.176951
-0.209229
0.683172
-4.568413
-5.199202
-11.714464
-5.717735
-6.932528
-7.548053
-4.632807
-5.502590
-6.839828
-3.318880
-5.951051
-4.473193
-10.530895
-5.594089
-2.590930
7.981978
-3.938719
-5.134931
-4.852277
4.375260
-2.107850
-3.654429
-3.870810
-2.395392
-5.087051
-5.760487
-5.532136
-3.762244
-14.872619
-3.625286
-10.368245
-5.101015
23.523720
-6.147734
-4.100514
-2.079079
-4.934219
-4.944579
-6.291992
-4.406116
-2.503953
-4.268999
-4.871942
-1.538149
-4.789976
-6.488399
-4.257382
-4.814341
-5.200928
-5.418150
-4.495593
-4.022086
-6.179205
-5.017752
-4.758845
-63.168493
-2.722543
-5.072372
-4.604468
6.088437
-3.865754
-2.516238
-5.561024
-8.830743
-2.554622
-4.266003
-4.252174
-4.268710
-9.829278
-4.213518
-5.974187
-6.368939
-8.646136
-3.369083
-11.063941
-5.127802
-1.707953
-4.529881
-4.929668
-4.594296
26.502164
-5.237587
-4.367068
739.636771
-4.105522
-4.987053
-4.197775
-36.345229
-3.813643
-5.353344
-5.165871
-5.471721
-4.132209
-3.922155
-5.130600
-10.775969
-6.603599
-2.626326
-6.196717
-4.623558
-2.340575
-5.537746
-3.875167
-1.656061
-5.579122
-4.907805
-4.631640
-7.265221
-226.951274
-5.379963
-5.495391
-13.212643
-4.562917
-6.556113
-4.122844
-3.557247
2.612310
-3.097458
-4.713559
3.151971
-16.663839
-4.938526
-5.269076
-5.327491
-3.889758
-5.999059
-4.437132
-7.817458
-4.077233
-4.545068
-7.826927
-5.406021
-5.429335
-4.360942
-5.939228
-4.852181
-3.151499
-0.325056
-4.768732
-2.192600
-4.941038
-4.685638
-4.894275
-5.932770
-4.337002
8.928088
-10.340427
-3.351345
-3.230470
-6.336719
-2.438934
-15.127944
-11.093289
-4.983208
-4.717450
-6.166235
-3.321013
-3.264837
-4.509906
-4.751179
-4.776220
-1.553981
-6.399989
-3.217092
-5.065880
-5.700112
-5.666885
-9.633971
-5.209968
-4.547120
-7.182300
-5.677236
-5.139284
3.631210
-12.209160
-4.483503
-2.446301
-9.475887
-7.371436
-9.120095
-3.756552
-4.715592
-6.291873
-4.516160
-5.318020
-4.524349
-3.196869
-13.899252
-5.765739
-5.270763
-21.865565
-5.180614
-4.709551
-3.983645
-5.395568
-8.048049
-3.604228
-4.696227
-5.144822
-14.748462
-3.853320
-8.879870
-5.504967
-5.760317
-3.536115
-1.794804
-3.687135
-10.714163
-6.014201
-2.811694
-10.239022
-5.313095
-59.646318
-4.227587
-4.048284
-7.346967
-8.767616
-5.044224
-4.278595
-4.285655
-26.201794
-4.469035
-10.939280
-5.882908
-5.058284
-10.623122
-5.234799
-6.430979
-7.429390
-10.566751
-5.172056
-10.459623
-5.239311
-5.356411
-5.699038
-4.175306
-4.244717
-5.451514
-4.525768
-4.554590
-5.496269
-6.863035
-9.928512
-4.602936
-4.328219
-4.933578
-6.024956
-2.363001
-7.835836
-10.675504
-6.288067
-5.401786
-6.243686
65.912044
-5.648683
-4.052386
-2.262288
-5.365917
-3.581731
-8.395620
-10.587304
-4.826721
-4.727573
-4.858516
-8.737057
-4.459732
-5.164526
-5.848932
-7.524052
-5.944850
-6.384965
-4.809149
-4.674263
-4.404819
1.232503
-4.414286
-4.660396
-4.297502
-2.150251
0.485479
-3.547490
-13.921232
2.671863
24.757856
-3.554938
-6.103304
-1.095535
-13.263083
-5.312765
-4.696021
-6.869681
-4.573993
-5.581090
-4.655687
-6.102538
-5.902743
-5.517894
-6.164660
-5.065068
-6.956836
-3.818038
-5.434616
-5.165985
-3.877991
-4.585524
173.855711
-6.915384
-4.531587
2.794641
-3.854387
-3.619941
-5.494093
-5.836121
-3.760834
-4.985527
-2.176166
-2.695106
-4.862138
9.303819
-7.551176
-5.241483
-0.917537
-2.793059
-4.036603
-5.453697
-3.783674
-3.642587
-3.711318
-7.776872
-0.173178
-9.563171
-5.051882
-4.569592
39.460921
-1.802226
-3.332753
-3.038158
-10.670531
-7.533842
-1.086879
-3.558431
-9.006978
-7.214812
-4.649997
-5.604399
-4.586479
-6.615556
-3.963287
-7.981132
-3.226811
-5.551042
-3.727852
-1.322981
-5.514660
-22.985419
-6.558618
-5.773857
-5.183275
-3.123917
-4.397272
-3.837954
-8.083564
-2.188884
-6.140187
-3.645995
-5.034586
-4.024469
-5.310532
-3.425510
-2.490250
-5.715577
-6.086420
-4.447218
-2.674414
-7.028799
-3.034623
-4.166638
-21.617214
-4.735008
-5.796788
-5.573738
-4.492977
-3.129755
-4.333083
-4.170528
-5.763803
-4.461794
-3.467229
-4.318599
-3.552256
-4.395845
-4.468118
7.967072
-5.110232
-4.742667
-4.441622
-3.943889
-4.372659
-4.443618
-7.788788
-2.169128
-7.948702
-6.127883
-1.713745
-10.167650
-5.911494
-2.910169
1.934595
1.789498
-4.684957
-3.569232
-4.985547
-50.001016
-3.479175
-2.094380
-4.385654
-4.813759
-4.889222
-6.768320
-4.410862
-2.723816
1.975147
-4.621365
-5.108090
-5.178375
-4.243975
-4.172810
-3.486026
-5.066131
-11.237024
-1.612074
-6.522315
-4.500659
-10.321830
-6.955182
-2.720951
-3.948138
-4.899212
-6.079332
-5.399079
-7.240312
4.106116
-5.746942
-10.449771
-6.226972
-4.581086
-5.808391
-13.132051
-3.624376
-3.666163
-9.375732
-5.025981
-6.370966
-2.843999
-5.126057
-4.166440
8.262193
-10.390143
-8.109791
-4.739085
-6.478385
-6.278820
-5.286852
-3.003834
-5.502260
-4.495224
-5.848718
-5.021929
-4.578286
-4.284522
-4.622384
-7.880746
-10.598715
-7.190679
2.235194
-5.182939
-5.241904
8.198915
-10.037186
-4.402239
-2.987639
5.822062
-5.462617
-4.672532
-0.890569
-6.363239
-6.602644
-5.378298
-5.101863
-8.195875
-4.635667
-4.491111
-2.041748
-4.897979
-4.735037
-5.070084
-1.333007
-2.367565
-3.247547
-4.216225
-24.495731
-5.141427
-7.768263
-7.693644
-2.915207
-5.674569
-4.783930
-5.600721
-3.297245
-4.805009
-5.400896
-6.522451
-2.987231
-1.897759
-0.544819
5.027265
-6.620432
-4.707907
10.640422
1.009100
-5.444168
-4.639988
-14.337502
-6.779349
-6.731366
-6.423631
-4.793562
-5.084859
-5.779392
-5.692795
-4.839674
-31.513677
-8.757259
-6.387012
-5.042270
-6.553527
-2.531179
-10.772824
-4.054902
-4.914551
-3.590093
-7.589600
-4.939448
-2.318438
-5.039181
-3.261742
-6.031014
-4.932727
17.947244
-5.574802
-4.685176
-3.798271
-5.805282
-3.987352
11.923836
-4.106953
-3.201858
-7.696765
-4.470338
-7.579546
-4.027308
-3.897458
-6.686148
-4.694182
-5.891651
-5.296119
-7.598008
-1.206092
-4.898942
-5.325613
-7.399635
-3.197444
-3.642368
-4.558244
-4.145475
-3.328624
22.069996
-4.949178
-2.346779
-7.998786
-2.532515
-6.696167
-5.220322
-8.221394
-5.204539
-10.176363
-6.615035
-3.461889
-3.916366
-5.543139
-14.235368
-5.299827
-4.147778
-4.638908
-5.482556
-4.196981
-2.947774
-4.098945
-3.888143
-4.344577
-5.981590
-4.403659
-16.272231
-5.433265
-5.354648
-4.134183
-4.653201
-4.298010
-4.156793
-8.245255
-0.643252
-5.713003
-4.187848
-5.204677
-5.293370
-4.255278
-4.751060
-4.014131
-4.758118
-4.843684
-7.038334
-2.444331
-5.103951
-5.394913
-4.644705
-5.661007
-2.513364
-5.262488
-6.090499
-3.381397
-3.145163
-5.614982
-4.496139
-4.209874
-4.148499
-5.729113
-4.968921
-4.719888
6.474040
-4.563290
-26.751613
-5.604920
-5.621124
17.899324
-4.964670
-2.324630
-3.675611
-5.532487
-3.927872
-3.569959
-5.470906
0.069373
-3.656905
-4.777054
-4.328667
-5.821430
-3.714150
-2.375795
-5.405246
-7.854565
-24.601947
-5.590676
2.801822
-5.613417
267.591317
6.735583
-3.102925
-4.690348
-5.667131
71.338378
-8.028831
-4.641642
-5.648573
-2.651418
-5.458153
-6.078946
-3.418350
-6.673596
-6.140172
-5.074652
-3.976527
-6.352322
-4.826964
-5.259757
-5.325794
-0.816028
-4.334817
-4.514420
-5.990925
-4.828844
-5.345708
-4.923128
-2.841771
-23.464335
-4.224410
-4.960932
-4.535939
-5.329051
-5.752828
24.486943
-3.059320
-0.664949
-4.132710
2.012105
0.433812
-2.937017
-5.416160
-5.588059
-3.895103
-5.515370
-4.736734
-3.599174
-4.579246
-7.642905
-4.759915
-4.041430
-3.841958
-3.860708
-6.236492
-4.384989
-6.228866
-5.212825
-3.596853
-5.738780
-5.425718
-5.450383
-5.864406
1.505735
-10.604884
-6.526783
-17.013684
-6.214478
-4.472429
-7.228365
-2.270936
-6.702013
-5.007543
-2.465432
11.020030
-5.265188
-4.117546
-4.398131
-21019.189708
-4.315208
43.939770
-4.952493
-6.781767
-0.677230
-5.681434
-7.218463
-6.142729
-5.770632
-5.264851
-25.461709
-2.936351
-4.707174
-4.630737
-6.589747
-5.040021
-5.964159
-7.305739
-3.927693
