404.028705
405.930193
444.599348
403.405951
409.092420
408.368591
409.172127
404.935547
402.121994
403.134146
404.219690
403.481145
356.321879
401.864982
404.215931
403.486651
403.788887
404.517991
403.163250
406.001275
403.130035
403.141930
403.434148
410.745555
403.404000
402.598007
403.203790
403.952397
402.625268
405.683649
403.487398
403.469912
406.016878
398.178693
404.975210
444.240578
404.060533
402.282937
393.558203
405.349258
402.333528
400.292597
403.468513
405.766001
404.548260
403.466370
403.590023
404.410272
403.276088
402.045058
399.096766
402.898269
403.285735
407.299201
403.661506
404.836926
401.559038
404.359737
402.357338
399.352880
402.345593
402.276804
387.694703
390.882831
403.107626
403.513935
407.966381
375.370636
396.062381
394.215569
403.854449
396.857627
403.423355
404.863906
397.328713
403.276496
404.284773
404.148918
423.489861
402.629518
504.553911
404.171644
403.723462
405.275266
403.216759
404.659922
404.718195
405.300772
411.960008
402.958663
402.690552
401.520827
403.944546
403.704163
404.629495
408.163217
402.733972
403.656055
401.969377
404.974274
404.456085
393.132408
403.709296
396.731373
400.060309
403.609497
405.940960
400.906331
402.949659
400.393818
409.172332
402.784881
403.885552
404.040375
404.102061
405.643082
396.487638
408.487437
399.958067
421.886271
403.748101
403.052460
402.506991
404.652713
406.267023
401.423007
403.103060
403.649912
401.615228
403.256670
398.874450
405.215502
402.790271
398.809566
403.148519
400.571469
403.119023
402.319757
405.604306
404.364849
406.779154
403.932232
406.451196
402.892685
402.276911
405.267994
403.513529
411.742473
403.503962
403.923867
398.600602
407.020776
403.252191
401.788111
402.975916
402.683949
410.241400
403.658313
404.408865
424.042478
407.772569
402.309661
403.999699
403.718289
404.256017
405.758464
397.501764
402.111349
403.955958
403.688401
402.168557
405.105564
403.927564
403.727752
406.055871
402.827368
404.340660
403.772173
401.462772
405.206951
403.668995
403.442039
412.282955
401.323640
407.146100
404.036894
400.952692
403.063034
403.415921
402.533626
405.261391
404.217196
391.339748
402.435362
402.602651
404.973567
404.982922
403.484080
402.319513
400.845658
403.629268
402.954451
403.926591
402.866280
405.193442
402.807436
403.679925
397.333048
404.908161
404.165022
401.365720
427.214156
458.782120
402.952235
404.998291
403.572993
403.611475
400.340395
396.860996
405.828304
404.970655
403.551480
403.916417
405.150039
402.762766
423.905264
403.550714
389.879193
404.250413
402.778523
405.033833
403.415972
401.515429
404.066556
404.175157
399.538477
403.444412
404.091093
429.547589
403.107141
403.964269
402.429496
398.466185
402.449858
403.771339
397.498158
402.142431
402.309594
409.015600
401.021924
-6104.126291
403.711507
411.657255
401.780582
403.104102
415.567566
404.313040
403.303579
403.514965
402.612257
413.376455
402.616735
403.096937
403.381442
404.880592
403.771046
403.698788
402.668484
406.224882
411.935925
403.506730
403.357755
400.166226
403.821696
396.759859
410.881875
403.944643
384.895734
404.128193
402.100313
399.183032
404.459089
402.485572
403.216457
412.318096
403.935929
421.356471
404.247398
401.434480
403.583025
402.973994
405.834764
403.960492
403.572101
401.414752
403.415790
404.492660
410.597883
404.572340
400.921548
404.364274
402.113148
399.483364
383.775465
404.060105
402.928375
403.998546
401.124542
400.006242
403.673228
403.092802
403.113663
405.794536
402.395846
402.585944
404.370357
397.601439
404.491939
406.803400
403.310413
402.508134
387.630328
403.853118
404.027814
405.753819
403.469118
403.557728
405.538839
403.659305
406.996049
402.536908
405.457721
404.864853
403.531864
402.947498
400.196906
407.476115
406.293288
403.822267
404.660148
403.820481
405.020255
403.381654
406.927041
407.689093
403.976687
404.260008
407.665799
404.152860
400.256235
403.385581
399.745630
406.136714
402.589314
401.943175
402.335060
402.945406
403.056193
398.377275
408.031264
403.504236
403.128179
403.420034
403.709379
403.930898
403.589615
408.159831
404.259073
401.995390
408.506134
406.480081
403.770120
403.590242
404.194739
402.953465
404.829725
407.711601
404.531455
403.180677
395.456031
403.488284
401.669271
404.997488
409.445530
403.264137
402.624945
403.013311
404.264963
404.337790
403.638060
403.622753
390.181696
404.328705
403.501568
400.634223
404.106004
403.735890
402.882597
403.211676
400.270416
400.975732
404.132893
403.483515
403.148578
399.869540
402.778872
403.982887
402.740328
405.084200
403.517099
403.267813
401.856972
404.793073
404.935429
408.103296
403.184064
156.565563
403.426143
405.291084
399.188834
407.348064
400.008964
402.556370
403.599808
400.528740
403.348864
402.665851
404.726253
403.585013
405.111834
404.242027
401.739579
402.917449
403.543337
403.219085
403.138157
401.911554
401.969875
403.649214
426.003508
403.756139
402.980289
405.282036
407.086910
402.835995
403.541693
404.470645
404.263307
402.228366
404.680039
403.164212
403.532494
402.578870
400.136250
403.273155
408.454292
403.670671
399.438377
403.574156
404.606345
397.885126
402.242770
402.694548
403.530700
403.757716
412.812730
404.614837
403.737509
402.749767
402.305357
404.189387
409.021392
405.720663
403.979556
385.807757
403.364433
404.109355
403.944773
402.981634
402.570476
404.325130
403.401278
373.410186
420.899509
412.711272
402.311527
404.816972
481.840183
404.070219
388.481227
403.931315
401.501495
403.692134
404.111913
398.074093
403.511471
403.741868
403.165544
401.360274
405.804807
399.112188
403.486950
415.545134
404.252284
404.429013
402.388883
405.124502
403.388934
405.189717
405.925343
409.742324
402.066076
402.623061
403.009279
402.115830
404.012021
405.336655
405.109422
408.962534
402.816137
407.462555
418.097051
404.466711
404.311046
404.769587
403.053480
403.416234
404.449603
406.051922
401.552559
404.950003
403.583328
404.014446
402.521553
403.360212
396.664492
400.273194
421.895696
404.704890
403.591538
408.090647
396.210577
406.015471
403.543483
402.791692
401.461038
403.100166
403.477950
402.585767
402.666747
404.479629
400.644617
403.620176
402.425398
405.078698
404.284828
402.838110
407.846648
404.570672
403.779884
418.740584
404.514242
393.394103
403.413744
403.672090
402.746123
403.092503
400.992181
403.518314
402.216827
410.979612
22.051598
402.827992
410.465724
395.283669
403.093109
405.297165
403.255007
402.940946
404.095851
406.850662
408.437197
401.778001
404.180828
403.347180
398.882809
404.375536
402.790620
403.226405
403.210104
403.384907
402.353516
401.851211
405.541449
399.896996
407.315622
403.366555
401.928663
395.863937
404.872173
405.161198
401.553184
404.225844
404.627859
398.659166
403.593139
402.906689
404.265965
405.437711
388.179717
401.827903
404.352148
400.738064
403.620774
404.953532
401.554851
402.592951
403.944614
404.990273
411.162480
404.522012
404.252017
401.886926
403.930331
408.395941
411.972347
404.615249
401.466940
403.353503
404.947190
377.657756
403.755084
364.361865
403.236648
403.152991
403.989129
404.141529
403.440869
436.273612
405.060345
403.099124
404.963886
402.281630
407.607805
403.370920
404.312017
403.190740
402.467026
384.432315
403.382823
403.734422
403.105965
402.450626
403.255984
400.345392
403.040305
404.079923
402.455073
402.600649
421.856342
405.159212
397.304006
402.002852
401.144955
404.108498
404.401695
405.328925
403.636222
402.786229
414.404113
402.452304
403.627042
400.853611
404.155194
404.680169
403.805901
401.966615
403.715892
402.962724
403.065217
403.036116
389.888210
402.460142
404.383292
404.788348
403.944224
403.305219
402.247778
403.150914
402.995621
402.449100
401.355948
403.542044
402.110494
404.975643
407.784862
402.930509
403.912038
406.673803
402.765073
404.440639
403.758065
401.417886
405.784734
405.651154
405.872943
415.541813
401.787427
401.986305
407.897823
403.743600
402.497690
404.508477
402.954096
402.189218
402.962321
403.713806
403.118176
403.637847
402.259783
404.283801
403.189795
404.918375
407.912046
405.705921
407.094401
402.973865
402.724380
403.591163
399.567613
403.632277
402.445206
404.013463
403.544352
402.447607
404.188896
403.933809
399.523572
402.142010
403.371099
402.473964
408.308855
403.429676
402.620150
404.682888
404.882381
403.106414
403.283644
400.875929
423.965000
391.313270
402.010232
402.996509
403.628822
396.149347
404.391422
396.763864
403.004680
404.494054
403.048022
402.447574
402.496405
402.679891
402.706981
400.740063
402.994802
405.139411
405.180998
403.384426
406.155253
403.442962
403.346051
428.156033
403.952878
403.910212
404.460262
398.318768
403.915915
400.029028
402.685149
406.436805
402.866357
403.080243
402.674742
400.968078
404.358660
406.142929
296.669907
404.284441
404.123941
407.402236
403.390213
402.431590
401.213546
404.453298
409.433282
405.010187
402.160367
398.706349
400.541226
404.079599
405.368919
402.772753
401.821707
404.027183
403.957526
399.539494
452.706804
403.635408
400.720132
404.118816
407.348536
403.425018
402.368250
403.915319
402.285545
400.637475
404.066076
404.561773
403.893929
403.099581
402.915155
402.658684
403.107749
402.233393
402.855214
405.989582
387.075461
409.294319
403.498427
398.071080
404.340513
1867.512760
402.963082
402.914602
400.745630
424.301020
404.379289
403.279302
470.469954
403.038649
390.894037
424.776582
401.137528
404.220197
403.506022
401.252702
400.314289
402.159545
404.522023
405.056115
402.800343
403.275863
403.003724
401.770891
404.156151
403.596385
407.510324
405.481623
403.449412
404.530088
404.047182
403.809093
412.026340
404.749827
406.848674
403.170746
403.837783
398.278661
405.009218
401.672797
405.804243
403.710588
403.822227
398.372264
403.550780
406.126743
404.183525
402.025180
394.726613
347.802291
406.389606
402.946433
405.680580
403.234691
402.954964
402.860920
403.986131
403.808636
403.879965
405.304773
418.143564
393.266399
402.607496
405.468093
403.353094
404.544646
403.148495
401.690213
403.114777
404.129175
394.645337
393.724767
406.211431
404.199173
405.919487
405.323462
404.335515
403.771682
404.606304
409.346217
402.543752
403.436871
403.525322
406.825845
405.734534
401.824711
405.183465
403.224407
403.250882
403.544540
401.319455
401.789904
403.650429
404.447183
402.082939
405.166463
402.598482
422.690206
402.714240
400.663418
404.222548
327.236068
403.643169
403.540467
402.734083
403.840656
404.003204
400.431285
402.555564
402.254034
403.493763
401.896771
401.489099
403.749184
400.930531
403.389272
406.850986
402.978731
402.832736
411.890143
404.108094
333.357798
403.335125
400.615949
403.470442
404.593068
404.308659
403.528418
403.492741
404.005430
401.559697
403.466563
404.666879
406.637705
406.971651
402.981707
401.579378
401.701432
399.431040
402.805802
403.647841
407.755305
391.148416
405.789019
404.363725
402.559077
402.865053
403.502637
403.383519
403.118045
403.675897
404.677869
404.112188
403.294657
403.212428
392.520351
404.359181
403.306285
403.855696
409.234112
403.976475
402.862556
403.338501
401.932896
401.702579
403.023652
403.140453
433.017159
403.489294
