-156.230514
-151.730337
-155.029756
-153.367229
-154.879741
-158.431548
-151.422029
-154.685551
-155.485069
-170.672041
-154.301445
-151.857374
-153.670831
-153.613327
-151.566217
-151.899028
-155.739757
-146.991244
-151.105345
-158.153776
-152.469094
-155.294774
-157.291340
-153.090052
-154.736791
-154.938870
-152.906542
-154.605790
-153.069884
-153.008940
-153.739413
-154.297290
-155.551291
-152.488240
-154.036867
-154.308689
-76.794044
-157.237564
-154.482834
-161.239527
-155.808135
-155.592386
-153.737410
-153.151458
-155.194135
-158.455347
-150.320831
-171.341396
-154.775737
-151.607533
-160.321704
-189.916799
-153.718742
-154.899815
-147.440573
-148.849590
-154.131778
-153.798929
-151.960245
-154.569692
-155.574302
-199.281106
-155.473574
-153.697467
-152.678625
-153.444470
-153.324206
-153.137840
-152.946152
-155.235053
-152.515566
384.874781
-154.180237
-153.661488
-149.982636
-153.906524
-155.941981
-152.742049
-152.670036
-153.687014
-154.459905
-155.275420
-156.389867
-155.510330
-152.451743
-160.630253
-154.561952
-151.635053
-154.728943
-156.841401
-153.911711
-153.915330
-149.272459
-152.738396
-152.073606
-158.791635
-154.107743
-154.307435
-153.037519
-156.887426
-154.264713
-153.678362
-154.121789
-153.603678
-154.157275
-154.221623
-153.071096
-153.854010
-160.144405
-152.675941
-155.318801
-155.792931
-153.230660
-159.213561
-171.544568
-151.180914
-152.931499
-154.835179
-151.055512
-152.354331
-169.347763
-170.519004
-155.517710
-153.678945
-153.187671
-152.019776
796.789282
-156.129432
-152.308880
-154.500718
-5.317224
-152.586445
-154.513469
-154.783648
-154.491282
-154.372689
-149.042036
-152.361342
-154.583315
-153.036978
-141.671411
-156.703565
-152.066087
-151.364379
-151.283759
-158.116572
-153.462975
-153.988307
-153.548037
-152.806137
-154.199274
-154.052290
-154.872671
-153.769074
-165.723710
-154.240547
-153.825634
-154.882266
-175.803299
-152.934010
-156.726681
-141.751153
-156.096852
-152.625448
-154.335482
-153.941318
-152.602916
-154.288552
-160.211356
-153.764245
-152.436457
-146.210221
-157.165558
-150.508365
-153.982672
-150.890938
-154.854538
-152.538962
-157.975820
-159.877431
-172.040707
-165.530793
-153.479507
-156.203715
-154.361512
-144.493496
-151.116660
-154.531331
-151.430804
-154.582302
-153.861035
-153.806908
-154.204689
-153.786329
-118.641256
-154.539537
-153.219551
-124.424386
-153.480494
-155.738640
-157.283357
-153.994827
-152.192466
-155.526995
-148.679524
-156.936065
-151.307563
-154.453494
-152.790221
-153.667661
-141.070595
-153.279465
-158.114142
-154.049274
-152.587714
-153.528561
-160.234888
-148.837967
-155.872966
-154.320847
-153.405497
-153.789800
-154.572372
-154.777688
-151.311420
-155.995095
-153.053264
-153.380219
-158.063406
-153.303441
-153.234259
-152.335576
-153.083688
-152.759113
-153.853119
-155.137899
-150.801662
-155.246677
-137.457720
-154.798034
-153.323456
-149.556291
-157.980841
-153.880954
-153.194915
-153.852573
-153.970343
-153.085480
-145.112969
-154.145782
-153.858702
-150.831900
-153.166399
-154.270984
32.926746
-152.828965
-154.332222
-150.959669
-156.128819
-154.732116
-157.357222
-152.383212
-155.130339
-153.248392
-153.994322
-155.683641
-153.821371
-153.522740
-154.441864
-159.915312
-157.165704
-146.531021
-152.718588
-156.469940
-154.272569
-149.807990
-153.530166
-153.512552
-150.425322
-154.929612
-149.589990
-154.235616
-152.944370
-152.900313
-154.771142
-161.153809
-155.208413
-154.603614
-154.203895
-154.814178
-151.117183
-155.545337
-152.186363
-153.945747
-154.382793
-153.998548
-142.330170
-156.882970
-154.688488
-153.762721
-145.946657
-152.416656
-154.490986
-153.519861
-155.340650
-153.800679
-153.073110
-152.671034
-151.095636
-220.712429
-149.825522
-154.162618
-153.490640
-152.703053
-154.469928
-151.387398
-154.771482
-153.492311
-154.547927
-149.004478
-153.450590
-153.885658
-155.917383
-154.648677
-152.660495
-154.320782
-150.087736
-153.925970
-153.720278
-158.791274
-152.284443
-153.455266
-153.078569
-153.355850
-158.851736
-154.252071
-154.120879
-153.592053
-153.795085
-151.478091
-146.079645
-153.267163
-154.262006
-153.929798
-152.742551
-157.561571
-154.938203
-153.312370
-152.115752
-175.243130
-153.670840
-156.830758
-148.660145
-154.456428
-153.894799
-154.795988
-148.789246
-153.266630
-154.694668
-154.681994
-393.891863
-152.958170
-152.757505
-156.759970
-153.328852
-153.758914
-147.750628
-149.914782
-154.874478
-155.119775
-195.452229
-152.138926
-155.011379
-154.065817
-152.634765
-153.292992
-153.854326
-153.861109
-153.949705
-153.564499
-152.569953
-152.548361
-156.991777
-153.325842
-152.474993
-145.017974
-154.416721
-153.232939
-155.489405
-165.176038
-153.705243
-157.903983
-149.100643
-155.708414
-150.525282
-154.324477
-154.856348
-166.542351
-153.241740
-150.851382
-152.702350
-155.784268
-154.139480
-253.947604
-152.276576
-156.137755
-934.703770
-155.717879
-153.359828
-154.135281
-156.138264
-172.052788
-157.128927
-154.213673
-154.477963
-151.718449
-153.851360
-153.476826
-145.738287
-154.150570
-152.356203
-153.396796
-153.949211
-152.714566
-156.446572
-151.670148
-151.467110
-154.059748
-153.953944
-153.487568
-153.402279
-154.890502
-154.446824
-152.476077
-153.828167
-154.833381
-153.289587
-154.014845
-155.865968
-153.657519
-154.948066
-154.226158
-154.007841
-155.327082
-151.953074
-154.380736
-155.392951
-154.351902
-164.436245
-151.326442
-153.983078
-154.376364
-155.638150
-151.411656
-154.237172
-158.065524
-154.284146
-151.701315
-153.672753
-154.049893
-154.407134
-150.654256
-154.422288
-153.727127
-153.909925
-146.421012
-153.372476
-153.794064
-160.004857
-153.868653
-153.028437
-153.640930
-138.161958
-155.016304
-152.815226
-154.884363
-164.697285
-161.805684
-154.933167
-154.301143
-151.792772
-152.750686
-151.411044
-154.502476
-151.019334
-158.745058
-153.242617
-155.827717
-155.392504
-153.215426
-153.585425
-155.160162
-154.048456
-152.456407
-153.520830
-165.505773
-152.408099
-153.660417
-153.342503
-157.239910
-154.494451
-153.772261
-154.394099
-154.080514
-156.001927
-154.883550
-162.223703
-153.829011
-153.534062
-156.048727
-153.361015
-153.016262
-151.553282
-151.520807
-155.913321
-146.941206
-152.961584
-155.703089
-147.750185
-152.717664
-154.753529
-154.123395
-153.674433
-153.458170
-156.602903
-146.441749
-154.011285
-152.960531
-155.810055
-153.586405
-155.990806
-154.413230
-153.765067
-157.144172
-153.267840
-155.830288
-168.277184
-153.152198
-152.894417
-151.868731
-153.077208
-153.990615
-153.897007
-154.672347
-150.744295
-155.626531
-145.045792
-153.616330
-153.438764
-155.409351
-253.596417
-156.946992
-153.809159
-153.837032
-152.756792
-155.596004
-154.193652
-155.126019
-152.468406
-155.160421
-152.384138
-198.753589
-153.854436
-152.629079
-154.435658
-154.204211
-152.072347
-154.953723
-153.652929
-153.648579
-153.378299
-155.982745
-155.398825
-153.126088
-152.529153
-154.374706
-154.366932
-153.866381
-165.798396
-152.459932
-157.262606
-153.528280
-158.335774
-148.977915
-153.637221
-155.261791
-153.934806
-155.693869
-153.374050
-150.259466
-154.120038
-154.421116
-165.268404
-154.834097
-153.778682
-154.859182
-154.243574
-156.350163
-154.682060
-151.628702
-153.854292
-149.876929
-153.045117
-154.413549
-153.855381
-155.892363
-154.586585
-155.843617
-154.809324
-152.300607
-153.333067
-154.223337
-154.439346
-154.574417
-178.796054
-153.567257
-157.599949
-154.163426
-147.840284
-155.123368
-154.082434
-153.263909
-158.290743
-154.740497
-160.367664
-154.728141
-159.483297
-154.244163
-154.053659
-144.125323
-153.914578
-154.377756
-151.858664
-158.356956
-514.633339
-154.015045
-155.093535
-152.722511
-153.866665
-154.446098
-154.903516
-153.804016
-153.653983
-155.937405
-158.756224
-155.055506
-154.659944
-154.109953
-153.762973
-154.010973
-153.450250
-156.292754
-160.091467
-154.672142
-157.043940
-157.101970
-19.211013
-152.111745
-154.874303
-154.025696
-152.965522
-154.814727
-154.303630
-155.222234
-153.682399
-160.643599
-156.833281
-152.865085
-138.430384
-154.877979
-152.731647
-153.876363
-155.737375
-154.353819
-152.619217
-154.672714
-154.300914
-154.134426
-194.753249
-156.929411
-153.542923
-152.914324
-153.752702
-154.973423
-157.718058
-153.351490
-153.774181
-152.886216
-158.765010
-154.591119
-154.716918
-149.018184
-154.639452
-156.233753
-157.031020
-153.540459
-154.201791
-152.118412
-155.786491
-153.831448
-153.065496
-154.537738
-152.304304
-154.096073
-153.107690
-156.861798
-154.631815
-158.635829
-153.966361
-152.946617
-158.803979
-150.960761
-151.344303
-153.613617
-150.104776
-128.978013
-153.959420
-153.821831
-153.220915
-147.643607
-153.533238
-154.119863
-153.818406
-152.578987
-167.592154
-160.150048
-153.182686
-150.495461
-155.057396
-154.186299
-154.874676
-156.975355
-155.091586
-156.171272
-151.700316
-150.052613
-153.413620
-154.226702
-101.884534
-153.362229
-148.404546
-156.267176
-154.735103
-158.065206
-155.386550
-153.414844
-153.528851
-154.544631
-153.444301
-154.350341
-156.074175
-142.874822
-152.669714
-154.784761
-146.484332
-154.151503
-153.651599
-154.996270
-155.509773
-153.568992
-159.644132
-156.821848
-153.901484
-147.396014
-156.177723
-136.466247
-155.099574
-153.484556
-158.768966
-153.396804
-151.746840
-156.024657
-153.561096
-154.285242
-153.044826
-153.416350
-154.299724
-154.430695
-152.285336
-155.832552
-153.161833
-157.194921
-153.577746
-153.584852
-152.506355
-152.996313
-156.450928
-163.279838
-157.843644
-155.603054
-154.064624
-154.091901
-150.419602
-154.577120
-151.224919
-152.392596
-157.180915
-154.151994
-149.538973
-155.988582
-153.711337
-150.454325
-155.006348
-153.898598
-154.337344
-154.263095
-150.324829
-151.976038
-135.489285
-162.527551
-154.480450
-156.634652
-155.039722
-155.938253
-153.859479
-153.624312
-154.526921
-159.110956
-151.089470
-151.752400
-154.560584
-153.506490
-171.188226
-155.845360
-154.004473
-152.646418
-154.011670
-156.178964
-154.392824
-149.691119
-150.542019
-165.781514
-153.079385
-152.180827
-154.113659
-154.022498
-153.402045
-163.266532
-156.556181
-153.310822
-152.491757
-153.263533
-153.701877
-152.630378
-164.570998
-170.024724
-158.186137
-153.101083
-154.958578
-153.859732
-153.726429
-154.360914
-152.604165
-152.937273
-154.581945
-155.324138
-161.241407
-154.003013
-153.889946
-154.239651
-154.667057
-159.293592
-151.437109
-152.807863
-154.114751
-151.715496
-154.449999
-154.017103
-153.251073
-151.009699
-156.992734
-152.094983
-157.121620
-152.545897
-155.885010
-154.505294
-152.721712
-152.166363
-154.868562
-155.007143
-169.243582
-152.795634
-153.737037
-155.144953
-151.457334
-154.778534
-154.180196
-155.045015
-151.128945
-154.648921
-153.763906
-155.728103
-156.689108
-153.628902
-153.862050
-157.456742
-159.988964
-159.329464
-155.689263
-154.686388
-154.404403
-157.594329
-156.183856
-153.516142
-149.190350
-154.586524
-153.831690
-152.765827
-153.919029
-153.912701
-178.408248
-154.709542
-151.815412
-152.266124
-155.368310
-150.962758
-154.646809
-155.974826
-153.002423
-155.345161
-154.397421
-154.550110
-151.928748
-153.928876
-153.392872
-155.208725
-169.070339
-152.574138
-124.869796
-153.766057
-151.434174
-151.712278
-155.501321
-152.517158
-156.045675
-153.410284
-156.841337
-145.221395
-314.092042
-153.131110
-152.688586
-154.638595
-151.867328
-155.616246
-152.788009
-153.481626
655.542208
-149.765112
-153.400142
-153.880147
-158.097152
-152.340239
-154.702720
-159.523396
-153.414044
-152.972366
-153.960250
-153.873956
-154.017447
-150.885634
-155.663165
-150.862852
-152.239862
-152.758437
-153.128900
-150.874343
-155.200502
-152.624353
-143.968344
-152.622528
-158.369969
-157.713584
-186.809862
-153.091671
-153.428758
-153.035794
-157.673891
-153.388376
-153.462506
-153.539069
-153.244267
-156.214181
-158.802888
-153.590989
-156.550998
-157.741339
-143.443149
-153.988996
-153.496369
-154.090132
-149.821005
-153.824524
-154.648865
-151.348530
-144.242090
-153.586267
-154.331937
-152.781164
-147.994971
-154.915618
