-5.994177
-5.571160
-7.997381
-5.779668
-4.100070
-5.159692
-5.087950
-19.828606
-9.839156
-6.884679
-3.489665
-4.069859
-11.119201
-7.716319
-8.220253
-6.909063
-6.947533
1.808205
-6.483277
-12.638913
-7.875421
-3.651081
-6.200070
-5.177178
-4.948017
-5.765491
-6.646522
-5.705063
-4.776630
-1.104944
-5.874483
-5.925335
-1.936509
-19.903573
-5.534140
-4.674169
-5.353026
-5.978644
-6.625166
-47.201371
-5.848882
-16.448187
-4.149550
-2.085600
-2.261760
-6.807392
-6.320237
-0.268519
-5.955935
-4.939292
-5.540411
-6.128770
-4.722183
-8.860378
-9.759644
-5.948652
-6.274130
-6.053075
-5.857097
-5.637486
-1.389604
-4.989374
-22.785428
-5.153149
-8.880910
-4.624080
-3.327832
1.325598
-14.820667
-6.496585
-4.992902
-6.031745
-1.099617
-6.103048
-4.476848
-5.965629
-5.707028
-6.178071
-5.767099
-5.999405
-6.813460
-7.271500
-6.277886
-11.028376
-5.288457
12.933855
-6.382690
-7.438974
-5.686334
-4.347488
-458.928339
-3.795775
-9.839005
-5.548910
-5.417795
-6.582753
-5.926527
-68.364253
-11.718071
-2.257437
-6.741955
-7.520589
-6.205577
-6.608611
-5.370266
-7.096094
-5.615709
-6.105625
-16.157233
-7.531005
-3.892687
-4.430692
-6.125715
-5.799545
-6.808572
-6.378816
-6.076960
-4.234551
-5.731623
-7.701940
-9.587503
-5.750193
-4.078673
-7.432644
-6.087096
-6.998365
1.759447
-6.255522
-7.014226
-9.146087
-5.744588
-5.000642
-6.737880
-6.214294
-4.688062
-6.068746
-5.891167
-6.252226
-4.287811
-6.189742
-3.575927
-5.777178
-5.145417
-6.230165
-6.790103
-4.776853
-15.019640
-6.659538
-6.378243
-5.169373
-6.639800
-4.782060
-6.622575
-5.395015
-5.015172
-9.306108
-0.586683
-10.136652
-7.612845
-5.838420
-6.584558
-8.200778
-6.400434
0.220630
-8.872538
-7.766736
-7.236806
-5.997900
-5.095496
-6.252966
-0.903485
-6.388016
-8.012520
-6.301248
-5.417075
-5.903077
3.847275
-3.763439
-6.075949
-5.916411
-7.753583
-11.342111
-7.312392
-2.401657
-12.560248
-6.227172
-10.316642
-6.031044
-6.795376
-5.956573
-5.458750
-5.015816
-6.293017
-5.238227
-5.384706
-6.380625
-5.566390
-6.118702
-6.180029
-6.506735
-6.931880
-5.038769
-11.648481
-4.220420
-6.232983
-5.318867
-6.234651
-6.433278
-5.183687
-2.678643
-6.578425
-6.061814
-7.533013
-5.518961
-5.512601
-6.143148
-4.257530
-10.170801
-6.470308
-18.703992
-6.850884
-6.441072
-6.409667
-6.983970
-5.331479
-2.223626
-6.381079
-5.574760
-5.727698
-2.872986
-7.088840
3.256790
22.259521
-4.772730
-6.149898
-8.304960
-6.898035
-5.615471
-3.356928
-6.929414
-9.368704
-6.538821
-7.253077
-0.201834
-2.698628
-2.882128
-6.792551
-5.349260
-6.548039
-7.583803
-5.333754
7.439939
-5.060839
-6.528975
-5.573811
-8.924251
-6.354849
-7.044676
-5.969870
-8.262717
-21.486876
-7.443770
-5.898579
-6.755392
-6.435361
-4.974271
-2.637548
-9.376504
-6.447247
-4.663463
-6.606087
-5.220785
-11.235276
-6.696313
-6.333184
-8.975540
-6.423748
-8.830985
-6.300384
-5.706815
-6.231952
-8.087839
-5.239161
-4.517747
-7.034708
-12.825970
-5.433320
-6.025837
-5.858036
-5.168305
-6.835781
-4.428414
-7.952448
-5.245548
-5.593080
-7.127678
-9.932574
-6.314603
-7.414632
-6.159244
-6.399772
-6.375479
-5.652946
-5.083176
-5.521679
-45.410797
-6.268533
-7.752340
-7.892583
1.216739
-7.616637
5.649947
-6.002723
-3.795726
-14.758023
-5.434971
-20.478956
-4.454658
-6.405457
-5.885469
-1.255388
-3.202879
-6.196521
-8.027206
4.247040
-6.637860
-5.639416
-5.416026
-5.671423
-4.246979
-1.278340
-5.857987
-6.624442
-6.090377
-6.426252
-11.416314
-5.601745
-5.014175
-5.504596
-5.650480
-23.402279
-6.496992
1.313578
-7.505456
-4.840066
-7.121454
-5.777323
-6.900079
-8.138777
-6.022374
-6.996074
-2.872596
-7.778567
-4.747730
-6.560405
-5.692494
-5.801629
-5.812813
-4.724155
-3.435520
0.335301
-9.071120
-5.756432
-5.659124
-6.780835
-6.199800
-7.202609
-5.352949
-5.375637
-17.465944
-5.897930
-6.651138
-9.121448
-5.743577
-6.605885
-5.678618
-5.088824
-6.281383
-6.351273
-53.265617
-5.800929
-5.278093
-5.960422
-5.768569
-8.876053
-11.238482
-6.437137
-6.214241
-6.316482
-6.065838
-6.026618
-9.467376
-6.033639
-6.440191
-13.433797
-1.086323
12.668457
127.092944
-5.600065
-6.852170
4.330607
-2.268113
-12.333911
-5.590444
-0.993318
-6.583819
-5.510248
-6.383279
-6.773370
-7.316563
-7.099710
-5.027438
-4.246607
-4.379774
-4.144866
-6.149671
-6.306522
-5.311781
-6.713015
-1.214244
-4.669152
-5.349418
-6.011999
-5.331997
-2.874351
-9.354031
-5.778581
-75.839288
-4.286200
-3.264588
-6.948416
-7.091474
-5.246539
-0.814258
-7.680084
-7.377374
-6.192896
-8.307319
-6.604853
-6.075565
-6.162785
69.963610
-5.878523
-7.823749
-6.488868
-6.438607
-6.520753
-6.460582
-6.098844
-4.338121
-3.280966
-6.138534
-249.841145
-7.054538
-6.187953
-19.950966
-3.282784
-7.117978
-5.990758
-6.655994
-9.016075
-4.894958
-5.476602
-5.579321
-9.058674
-6.291425
-5.292556
-7.545476
0.118376
-7.552724
-4.857831
-6.720435
-5.470256
-6.468759
-5.396912
-6.005606
-5.868001
-8.269716
-6.941794
-5.807080
-7.194477
-6.428330
-4.945302
-7.831673
-7.181885
-6.386359
-4.889722
-6.197634
-6.625526
-19.178999
-6.074713
-5.443689
-6.180501
-6.638774
-6.782048
-4.347075
-5.610143
-5.424192
-5.900624
-7.602568
-7.675098
-4.413223
-6.974393
-2.396685
-8.997363
0.278192
-5.791174
-5.990762
-4.602572
-9.604004
1.024940
-4.816575
-5.068716
-6.379611
-4.326081
-6.586100
-9.232944
-4.638097
-5.539922
-7.645803
-6.162350
-6.954952
-8.031436
-6.105645
-6.317132
36.102439
3.540702
-5.035525
-10.857946
-5.248565
-9.341679
-6.197229
-4.567561
-5.489334
0.662171
-4.007038
-8.077005
-4.606923
-4.885476
-6.215898
-5.718178
-1.953405
-5.802197
-4.709438
1.736717
-0.388722
-6.978034
-2.628664
-6.025181
-6.579808
-5.526219
-4.204640
-1.326249
-6.561007
-7.383855
-6.859406
-6.659478
102.286069
-18.424411
-12.926252
-6.643072
-4.438824
-13.790222
-5.027719
-9.148886
-7.426787
-5.521510
-4.471937
-4.120345
-5.870253
-24.707338
-3.471044
-4.437164
-6.384739
-6.266780
5.486636
-5.721317
-6.677783
-6.024305
-6.453264
-6.401545
-5.407879
14.151279
-5.806506
-6.463236
-6.055545
-3.862403
-5.715718
-5.614877
-4.912150
-5.301745
-5.908261
-6.955795
-6.014427
-4.769261
-7.154368
-8.207788
-6.179360
-6.579524
-3.674376
-5.926648
-6.151658
-2.340371
-3.829304
-9.977922
-3.404874
-5.894100
-5.561929
-5.239143
3.347368
-4.098304
1.038765
-2.390139
0.913744
-5.521921
-4.505162
-5.570268
-1.460220
-4.829135
-6.233347
-6.352764
-5.525340
-7.207176
-6.250870
-7.442867
2.199824
4.784935
-9.293788
-6.598077
-6.081745
-7.810997
-7.118911
-5.999103
-7.173038
-9.352954
-8.302820
-5.822980
-4.785224
-6.302865
-6.956507
-6.254959
-4.928635
-7.128902
-6.517227
-5.934020
-6.130651
-3.758916
-6.314973
-5.873776
-4.061710
-6.337923
-5.814470
-5.185155
-5.489897
-14.867116
-5.938243
-6.381970
-6.164244
-9.620764
-7.420416
-5.836801
-13.512719
-6.767642
-6.720368
-5.171717
-6.150885
-6.955024
-7.639840
-5.729522
-3.686296
-6.908974
-6.528663
-5.900161
-4.949807
-6.042899
-6.501168
-12.680419
-5.908396
-5.654737
-6.205279
-5.596355
-7.138242
-4.595605
-9.317616
-5.372243
-5.553106
-6.258846
-5.949439
-2.673101
-5.025818
-5.669772
-2.024600
-6.567140
-5.819791
-8.359246
-6.557078
-6.524540
-4.363074
-6.074488
-6.693985
-4.387878
-6.329197
-9.454542
-5.748845
-5.874867
-8.181292
-8.605128
-8.313417
-4.058220
-5.843238
-5.674908
-8.004142
-8.733301
-5.148400
-3.913651
-6.527969
-6.581959
-6.232183
-5.978464
-5.572925
-1.429495
-5.469842
-6.835226
-6.026468
-5.043276
-2.884525
-4.406304
-7.972291
6.767924
-157.858186
-6.336851
-9.419059
-5.953834
-6.214733
-6.356048
-5.435099
-6.620893
-7.621494
-1.201361
-5.819294
-4.447669
-4.103921
-7.005830
-6.174631
-4.158520
-4.726605
-6.390553
-4.084196
-7.862949
-2.961100
-5.436819
-0.424810
-7.247694
1.349773
1.669483
0.958098
-6.676946
-5.369060
-8.186618
-8.737106
-6.168086
-5.977263
16.281473
-9.061655
-8.764358
-9.386020
-4.373568
-5.479738
-5.468757
-5.557355
-7.517577
-6.720962
14.542244
-3.845355
-10.465556
-5.422500
-7.028534
5.343782
-6.339745
1.854966
-4.836514
-6.340963
-8.951365
-6.221345
1.177409
-7.016265
-6.293526
-5.082279
-2.775760
-6.479221
-6.411913
-5.278684
-6.440857
-12.415340
-4.473813
-6.028997
-7.665357
-8.531494
-6.156691
-11.576124
-2.893222
-12.463288
-7.674728
-6.583951
-7.608138
-5.928675
-5.944064
-7.120583
-6.001741
-6.228436
-11.001689
-3.635488
-6.767789
-5.644105
-19.698044
-4.982259
-86.275966
-6.862014
-5.830571
4.876498
-6.520721
-1.784124
-5.779894
-4.931981
-8.769179
-10.859239
-12.953671
0.687763
-5.915247
-6.162514
-5.363580
-5.602751
10.255282
-6.299648
403.177532
-8.769121
-22.424882
-6.756967
-0.357534
-6.388387
-5.933868
-7.043235
-4.548905
-10.144421
-6.479352
-7.564750
-5.035014
-4.062972
-4.219224
-6.284648
-6.046443
-6.715625
-6.769034
13.308631
-7.199419
-10.545316
-0.613525
-10.747164
-6.439802
-5.357275
-15.573863
-11.125864
-7.936026
-3.768643
-7.754355
-6.234454
-4.012580
-7.899715
-4.925172
-6.393239
-6.215822
-8.318779
-9.770169
-6.626721
-5.888940
-5.400918
0.406682
-6.624469
-5.714509
-4.660464
-7.172994
-6.170754
-5.480058
-5.480913
-4.831366
-5.251418
-6.679532
-5.310204
-8.361334
-8.160662
-5.620291
-4.893660
-3.455915
-6.350907
-5.599657
-7.647267
-4.753550
-7.581143
-6.126390
-12.687516
-8.064025
-6.783414
-6.803796
-5.120121
-7.226761
-5.729310
-7.811115
-7.415700
-6.560307
-6.566638
-5.780016
-4.519739
-4.243627
-6.000063
-6.409339
-8.862869
-4.969649
-7.010060
-7.470453
-6.525871
-84.242189
-4.933395
-5.463533
-6.358096
-6.279399
-3.459845
-5.381209
-15.989383
-3.068553
-1.249274
-6.036384
-5.403335
-4.862927
-4.726514
-5.088155
-6.357565
-6.285658
-6.650593
-6.325610
-4.327565
-7.111695
-6.557174
-5.850786
-6.746534
-3.233178
-5.734350
-12.883450
-6.478437
-5.618857
-16.149374
-6.142806
-15.968204
-7.350761
-9.552698
-5.798221
-7.496286
-6.180493
-3.949252
-7.083259
-6.725631
-9.804888
-5.885912
-6.423670
-2.351059
-10.065811
-8.185186
-6.861125
-6.179779
-8.055978
-1.811750
-5.917011
-7.767186
-6.062620
-6.250750
-6.344549
-5.757246
-5.991656
-6.113094
-6.246815
-5.076719
-6.145388
-9.002993
-4.798627
-6.464606
-6.652292
-6.105002
-5.671178
-6.172586
-26.760442
-5.588942
-5.158828
-5.746657
-5.596050
-6.332465
-8.038246
-6.846495
4.479501
-6.219079
-13.016511
-1.852642
