-328.964154
-328.080974
-329.330301
-327.920452
-327.478614
-328.831755
-328.348385
-256.964568
-328.491532
-328.809676
-329.078676
-326.052651
-328.506889
-327.215199
-329.877012
-325.327880
-325.006130
-329.189023
-327.218040
-322.651758
-328.094972
-327.199597
-324.183551
-328.141247
-329.188936
-326.551951
-329.515552
-327.547505
-329.097805
-327.941974
-331.070275
-325.513918
-330.324482
-328.438834
-329.000506
-323.401380
-330.555821
-330.015081
-332.383616
-329.859047
-275.606157
-326.198018
-328.934460
-327.696810
-322.814635
-330.088647
-328.560995
-327.349685
-329.608777
-327.302176
-328.330491
-328.141987
-328.355881
-328.946046
-330.123465
-325.015560
-330.324400
-328.180521
-327.689286
-324.790390
-327.956614
-328.319990
-328.784407
-329.133808
-326.644684
-328.513357
-326.635498
-328.816722
-328.092255
-327.233455
-328.023808
-328.015815
-327.870981
-327.045767
-326.687159
-333.733755
-327.849144
-327.509222
-330.304800
-329.424159
-331.014937
-328.992280
-328.187498
-328.419819
-327.974408
-328.360692
-328.770086
-337.381467
-326.023114
-326.454131
-334.165757
-329.132510
-329.802466
-325.959626
-330.470396
-355.980369
-325.097012
-327.886141
-328.060378
-323.531883
-327.767067
-327.751288
-326.859707
-329.106091
-327.964896
-329.178046
-329.650862
-328.222895
-327.330807
-327.665347
-331.489454
-327.512362
-328.721848
-327.088549
-325.939678
-313.933756
-328.484481
-327.679305
-327.428942
-328.086180
-328.320455
-326.513844
-329.716322
-326.905021
-325.823490
-326.764650
-329.094407
-323.081637
-327.810736
-326.692296
-327.998884
-320.542326
-327.217498
-328.065448
-331.142318
-323.855944
-332.531999
-325.745513
-313.693893
-320.447459
-328.968866
-325.687413
-327.908857
-307.575326
-327.696359
-328.001083
-329.279270
-328.715040
-342.087901
-329.347315
-328.129106
-328.056754
-330.514003
-328.029637
-328.558765
-330.092346
-329.526996
-335.367721
-328.113780
-328.245605
-328.817970
-328.475282
-328.790399
-342.525849
-328.051630
-334.740410
-324.652454
-326.213809
-327.901898
-324.052009
-327.610678
-331.572863
-331.138987
-327.750760
-328.560463
-328.316142
-328.099473
-334.751627
-328.024648
-327.271501
-324.851327
-328.993550
-329.871078
-327.700108
-328.608394
-327.813807
-328.418191
-328.066248
-325.233141
-327.218410
-328.666114
-330.363429
-328.493367
-327.427399
-328.760236
-327.788242
-327.898327
-334.809512
-327.335030
-313.481659
-325.034887
-329.274802
-326.698433
-325.094251
-328.769336
-326.898491
-328.289753
-328.823215
-344.895445
-329.954196
-329.895965
-327.990155
-327.603255
-328.739249
-308.266549
-330.091169
-328.496846
-327.763112
-327.539379
-328.691694
-331.775073
-326.476617
-325.977317
-320.975244
-329.345034
-337.866362
-413.796685
-326.839874
-328.404694
-329.531654
-325.543173
-328.241419
-327.315206
-319.397279
-327.321614
-331.048834
-358.988023
-327.550603
-330.946775
-327.467752
-329.355457
-326.931659
-336.994097
-326.812734
-327.289016
-329.406832
-328.054267
-328.393627
-327.677341
-328.503037
-324.562633
-331.807465
-327.500525
-389.396068
-320.479340
-326.647720
-327.730341
-326.873022
-324.507914
-328.128675
-327.433281
-328.721182
-81.370059
-323.479366
-316.956893
-327.892606
-328.666853
-328.825639
-328.807692
-330.928926
-328.191078
-328.038649
-328.750926
-316.604446
-330.758875
-329.831598
-329.181236
-329.307660
-329.308407
-327.576593
-328.350980
-334.560535
-328.608705
-331.064209
-329.258974
-329.011053
-327.148710
-326.993418
-326.885019
-328.121768
-328.195174
-326.099003
-326.855989
-325.503755
-327.671922
-329.439046
-328.464885
-327.722708
-330.707883
-320.682656
-328.919487
-327.406729
-325.874167
-328.582375
-329.114417
-328.059909
-328.031118
-328.289748
-327.717556
-328.313264
-327.617653
-328.297347
-323.559455
-327.323782
-301.880598
-327.843928
-337.262376
-328.374385
-328.812141
-330.316832
-327.896813
-329.081971
-328.590515
-325.047666
-325.303162
-330.400545
-326.874215
-329.118828
-328.215666
-328.545000
-327.815913
-326.375044
-325.517407
-328.472858
-329.781872
-326.210559
-327.139196
-328.868910
-322.038592
-307.500841
-333.169622
-319.127912
-327.549965
-324.322137
-328.553550
-326.625279
-327.489166
-321.610307
-327.815962
-327.590518
-330.421839
-328.286401
-321.637420
-328.773999
-327.688659
-325.347222
-331.925800
-328.937416
-329.189820
-329.697098
-328.710033
-333.305734
-330.716780
-328.495023
-328.127626
-327.912129
-325.073508
-329.515591
-326.867316
-335.659508
-324.314626
-329.252858
-328.962822
-327.707554
-328.876717
-328.134053
-174.727185
-328.931979
-328.897853
-329.972681
-323.889376
-324.627319
-326.712981
-329.087317
-324.870724
-335.427400
-327.167831
-327.758561
-327.312398
-327.235181
-326.958710
-326.147112
-329.328236
-325.758659
-328.083321
-327.453589
-327.142495
-326.660003
-329.780765
-327.829630
-331.200055
-328.740914
-327.576709
-327.040489
-322.796779
-334.137940
-330.053064
-322.323392
-332.729476
-328.789109
-328.373271
-320.184809
-334.405845
-327.796636
-328.130657
-329.376556
-328.403370
-327.039434
-328.664220
-330.511929
-328.115802
-327.540681
-327.871265
-330.458584
-327.546620
-324.544445
-330.029168
-331.337983
-328.813334
-327.185198
-328.054553
-335.872675
-325.758766
-342.372472
-328.572296
-329.505731
-329.662676
-341.973378
-327.910319
-326.666172
-324.711755
-327.794774
-327.792094
-330.651321
-330.149138
-327.274326
-327.619824
-329.366635
-328.211836
-336.829465
-325.476266
-327.941929
-329.130348
-325.735523
-330.570054
-326.671417
-328.444176
-328.492940
-327.151845
-330.016748
-327.895851
-328.393484
-327.636346
-326.202932
-328.426360
-328.319440
-326.261302
-326.740652
-328.420770
-301.931190
-328.176937
-327.125130
-328.084152
-326.470072
-309.958729
-328.981117
-328.478137
-327.950043
-330.617474
-328.768672
-326.568394
-327.331960
-327.592088
-323.410032
-324.286219
-336.302738
-327.865650
-328.772890
-331.512032
-328.119970
-335.575712
-328.972644
-329.337632
-330.120861
-328.422221
-335.641461
-332.882630
-329.107792
-330.057137
-327.767854
-329.643416
-330.245014
-331.324303
-328.254060
-328.230783
-328.433583
-329.777449
-327.660573
-328.047140
-328.474402
-326.373669
-329.708424
-328.801228
-327.689192
-328.575150
-329.699000
-329.239758
-328.344707
-323.528478
-330.456010
-325.311056
-328.986629
-327.600301
-327.926507
-328.228117
-327.741880
-324.157090
-324.436678
-343.205439
-329.649230
-329.732944
-320.739686
-326.122345
-327.619187
-328.188836
-328.479362
-326.672259
-327.604320
-328.548616
-334.011259
-328.076417
-326.873158
-326.652261
-326.916759
-330.402642
-328.121928
-328.344718
-323.466125
-327.476613
-329.237411
-322.248948
-328.272253
-356.128311
-326.714595
-329.280787
-328.278853
-327.587702
-317.937504
-328.862034
-330.287394
-327.778840
-327.305209
-328.650080
-328.105253
-334.428740
-327.761258
-329.159343
-329.093531
-334.116822
-332.151438
-325.527019
-339.141968
-326.175925
-328.068998
-326.220123
-326.603845
-327.076621
-315.883418
-328.397909
-330.835565
-323.419146
-326.471356
-328.451716
-328.784861
-325.942571
-328.708502
-329.006956
-329.557613
-328.626808
-326.430943
-327.313415
-328.721283
-330.659063
-331.285626
-327.489559
-328.228107
-327.736294
-308.476720
-322.008568
-325.579886
-326.172307
-442.716453
-327.951417
-327.511392
-327.539417
-330.133018
-326.933323
-327.242823
-329.993523
-328.170858
-327.529099
-331.855127
-341.991220
-320.691760
-327.871632
-329.055935
-328.054190
-338.962321
-326.062418
-324.366605
-328.168492
-328.750205
-335.204375
-327.859716
-329.356044
-327.976946
-327.938380
-328.189028
-323.565250
-328.959378
-327.760974
-328.441205
-327.813532
-328.408663
-328.592169
-329.897178
-328.784975
-327.521391
-331.703099
-331.512844
-327.697159
-329.357076
-328.718850
-328.426743
-329.288944
-329.070914
-395.697714
-334.791603
-328.474007
-327.639387
-332.221797
-329.132414
-327.371847
-330.921515
-327.197467
-327.101182
-326.885634
-327.084611
-319.834959
-328.244011
-328.232291
-317.110529
-328.372048
-325.251280
-328.832503
-328.564778
-329.456358
-326.665245
-328.090986
-328.493164
-331.425106
-328.848269
-329.298061
-329.193112
-330.329772
-325.964234
-332.029300
-331.207269
-329.145328
-328.512485
-331.776086
-327.027647
-327.553111
-318.830759
-328.960128
-328.016839
-329.174073
-328.211592
-336.283356
-326.846054
-331.049221
-327.958486
-328.366145
-330.239680
-331.177845
-326.503600
-328.933135
-328.939619
-326.817497
-327.639578
-326.527546
-328.485415
-329.540894
-331.998484
-328.714286
-328.717680
-327.978525
-326.558139
-328.447966
-327.284991
-329.308311
-329.998284
-327.950367
-327.299234
-328.745898
-328.442424
-329.931802
-328.148075
-329.846696
-339.753699
-327.346851
-329.542798
-330.682701
-327.176609
-329.626328
-328.941023
-326.389254
-328.183526
-326.219466
-328.236200
-326.258189
-320.735862
-327.073450
-326.167307
-334.435958
-328.408863
-327.709753
-328.639271
-327.536427
-329.430720
-255.108625
-328.436617
-328.318590
-356.077896
-327.604617
-329.122976
-327.142314
-327.664859
-324.316845
-333.477418
-260.810869
-328.972987
-331.288395
-329.285867
-325.900138
-327.734788
-327.954024
-329.564504
-329.500122
-329.484771
-324.743837
-329.038893
-330.567757
-328.218434
-328.218146
-334.032026
-328.217793
-331.118762
-322.497114
-327.190283
-327.043771
-328.901276
-328.375245
-328.805687
-316.893892
-328.357666
-326.711146
-330.115294
-327.179837
-327.516784
-328.591775
-327.143219
-332.654888
-329.292642
-328.987777
-307.540220
-325.905890
-326.987187
-328.282403
-329.012395
-327.253123
-327.099220
-328.666233
-328.760280
-329.239900
-328.575748
-329.677116
-327.542823
-326.639365
-338.438982
-301.291807
-326.663095
-336.133665
-328.999022
-329.744216
-327.138896
-327.158105
-328.397970
-328.011503
-330.212969
-329.652558
-328.947289
-326.593606
-327.947415
-347.793938
-328.809297
-329.241077
-328.134038
-321.761119
-327.172876
-328.477382
-327.576590
-329.284724
-325.637425
-326.171960
-332.801265
-327.237094
-328.089073
-328.498015
-329.230654
-330.564334
-328.208836
-325.627428
-329.631594
-327.637826
-327.865657
-325.099577
-326.607768
-327.098378
-329.617778
-326.739384
-325.356605
-352.307339
-328.272301
-328.485105
-328.224951
-328.887362
-328.170685
-329.109140
-328.371278
-328.093834
-327.618497
-328.127182
-328.625954
-307.181780
-328.916132
-328.140110
-329.786357
-326.556664
-327.019377
-327.810677
-330.502382
-327.845135
-327.925708
-328.032173
-328.788136
-328.799678
-330.143517
-333.099200
-332.062649
-318.311735
-289.552082
-327.413111
-330.764994
-328.731120
-329.445181
-328.820345
-322.937110
-328.162506
-327.797776
-329.746798
-328.402697
-330.426246
-331.279279
-328.354939
-327.513480
-327.484013
-329.630202
-330.934128
-330.900341
-327.254342
-329.395408
-328.490909
-338.045383
-328.851061
-328.872553
-328.122071
-329.371898
-327.644694
-331.407404
-327.024814
-331.933827
-328.460248
-329.016322
-326.506571
-564.111941
-328.063340
-285.103855
-328.292786
-327.587327
-327.521022
-333.306877
-342.390209
-331.284447
-323.380479
-316.295654
-329.163669
-328.747180
-338.485557
-328.527396
-326.626622
-328.290057
-327.630454
-329.303769
-329.739135
-326.039240
-329.905335
-331.432507
-328.440564
-328.128642
-324.184277
-326.019249
-326.624883
-324.741450
-328.805732
-327.213446
-326.396582
-325.378100
-326.640428
-327.659755
-328.143668
-328.350732
-328.749944
-328.323878
-328.738861
-325.978761
-328.157707
-329.255897
-329.219657
-331.435938
-304.161241
-327.902210
-328.588006
-327.720292
-328.862201
-328.032921
-332.276785
-327.285299
-327.249639
-337.329324
-324.467222
-324.706104
-328.673069
-328.353832
-327.765495
-329.836455
-326.226446
-324.488158
-331.796658
-328.826282
-328.571430
-326.152897
-325.801246
-328.587124
-328.511085
-328.082549
-329.018945
-330.741052
-328.582476
-342.352216
-290.980150
-320.699748
-328.678813
-328.821818
-327.791929
-334.963865
-310.514948
-335.602841
-328.180343
-327.732195
-326.867542
-335.192195
-330.817014
-327.290350
-327.216975
-331.511938
-328.537490
-344.064099
-327.567261
-327.653151
