-261.617793
-269.601241
-269.736257
-267.836391
-272.344290
-263.305785
-268.497194
-267.942070
-269.375016
-268.521147
-269.387888
-270.337115
-267.922934
-436.614625
-270.298457
-268.929232
-268.402878
-269.454985
-269.445685
-263.406349
-269.256166
-270.116216
-269.224284
-254.465661
-269.815984
-269.361149
-262.820930
-269.109386
-267.779210
-269.464980
-268.652916
-270.554832
-269.146974
-269.463494
-268.958264
-256.371775
-267.363380
-267.402819
-266.903185
-271.213484
-268.958438
-268.401252
-268.345014
-269.016857
-268.720953
-266.668052
-271.895350
-268.894764
-263.257803
-270.575130
-269.079119
-268.429348
-267.237365
-267.941080
-269.528515
-270.383291
-268.430029
-269.291380
-277.114272
-268.642832
-270.221523
-269.189330
-269.077017
-266.576484
190.312552
-266.950541
-270.121555
-267.760565
-269.048242
-263.921249
-269.145198
-277.093468
-268.817194
-269.638207
-267.137309
-268.725057
-269.260977
-268.513324
-268.238458
-266.996367
-269.213669
-270.038371
-268.558938
-267.608049
-271.268619
-265.856967
-270.709501
-268.862351
-273.160706
-270.689260
-267.878649
-260.420403
-269.595061
-269.218969
-271.903899
-264.359648
-268.102272
-270.436625
-268.187897
-264.104778
-268.512194
-268.089692
-264.754452
-270.134382
-259.770108
-270.063130
-268.112058
-266.028630
-269.686819
-266.761999
-272.106723
-269.101804
-271.911894
-268.285370
-268.415396
-272.977620
-268.118984
-290.299223
-268.499559
-268.814885
-268.324475
-268.070119
-269.878545
-265.677290
-268.012457
-266.377223
-268.418662
-268.553354
-267.160878
-268.715667
-268.359967
-268.516588
-272.036408
-266.867976
-267.999722
-241.315888
-269.207453
-269.224402
-269.057351
-271.746360
-268.625024
-268.768676
-268.756359
-251.699946
-269.081317
-270.359178
-268.505433
-269.481854
-267.761172
-268.731289
-271.171441
-269.052757
-273.417503
-269.492560
-268.362037
-269.048270
-269.263977
-266.662909
-261.424574
-268.758304
-268.151700
-265.715126
-268.384359
-269.105527
-271.485894
-259.490859
-311.141137
-269.510046
-265.082240
-269.990510
-268.277042
-267.584869
-267.786450
-266.774353
-264.402638
-272.045227
-267.550686
-267.501409
-265.021423
-269.520165
-269.749468
-266.577513
-269.087031
-266.525982
-264.722263
-267.310255
-280.494954
-267.358007
-268.880405
-269.198088
-259.244227
-271.695471
-268.069839
-269.052219
-268.870083
-268.764339
-267.668803
-267.743429
-269.325263
-270.442789
-268.352188
-267.914340
-268.178580
-276.133716
-268.256024
-269.343005
-268.127520
-269.210278
-267.106350
-267.996881
-269.264326
-260.609874
-268.119887
-268.456040
-289.518593
-267.812453
-261.921368
-266.704213
-265.364750
-264.765113
-269.026071
-268.860841
-275.248337
-267.947884
-267.897289
-267.840512
-273.822973
-266.023631
-269.094117
-269.093789
-267.798244
-267.199085
-269.032675
-268.374643
-269.666451
-269.469074
-259.747392
-268.615331
-268.984308
-268.740351
-269.159651
-267.825633
-269.255513
-271.711458
-265.842350
-267.690249
-268.265946
-258.676130
-269.956048
-271.514372
-264.130597
-267.887628
-267.104195
-267.538607
-272.622933
-270.474244
-269.461096
-266.835444
-271.677525
-267.119639
-265.586980
-281.558739
-262.788538
-268.066205
-269.944384
-264.024679
-269.153324
-264.975333
-269.336580
-265.732371
-272.193982
-264.874427
-267.775962
-269.894732
-264.534258
-267.710503
-267.213608
-268.523444
-271.702991
-269.388227
-269.654035
-259.687697
-267.806022
-174.916282
-266.379344
-269.436706
-268.209859
-268.372573
-262.806099
-268.655359
-272.048979
-275.234507
-265.178266
-271.709580
-266.459281
-269.301157
-268.575578
-266.991611
-267.875376
-269.124032
-268.379305
-269.477384
-269.139237
-153.847463
-268.015573
-267.550240
-267.458014
-268.777878
-268.611465
-274.096174
-266.847001
-269.332688
-254.219141
-265.581882
-269.360291
-268.341475
-268.684059
-268.040217
-270.417750
-267.887212
-272.396228
-266.757168
-275.708279
-267.414204
-267.870978
-270.575070
-267.017229
-271.341315
-268.880200
-267.792364
-269.554466
-268.061400
-270.851725
-275.455947
-267.633787
-269.004958
-266.136822
-267.154137
-138.286120
-269.870673
-268.325658
-269.172144
-263.005247
-269.206729
-269.680142
-268.373014
-268.191708
-268.289781
-267.317399
-267.593520
-268.860260
-262.885991
-269.766400
-267.896393
-269.014511
-267.874653
-268.166577
-269.733410
-265.629594
-268.220998
-270.095090
-267.451889
-268.720835
-267.719750
-268.479125
-267.596048
-298.071744
-274.810875
-269.259169
-267.940210
-269.377569
-265.635459
-271.587241
-270.247608
-268.605620
-267.572668
-267.169979
-271.620383
-258.887517
-270.082229
-268.695048
-264.140058
-268.673596
-267.717538
-268.889348
-270.308166
-265.877340
-268.432165
-265.711945
-269.830965
-269.883278
-287.002049
-231.704758
-268.291742
-266.438227
-268.620829
-268.964308
-293.257367
-269.849175
-268.597294
-270.394789
-268.173186
-269.651466
-268.754329
-268.678673
-269.316203
-262.758945
-265.928616
-268.946391
-269.417444
-268.683863
-269.942024
-268.624562
-267.577870
-271.458845
-273.763261
-272.825252
-267.941978
-268.814110
-269.313495
-269.486910
-268.973959
-241.311971
-269.907370
-267.887306
-261.323910
-269.992548
-267.681855
-266.052968
-270.742272
-269.568138
-269.364658
-268.590976
-267.155993
-272.616946
-188.682331
-269.213870
-248.282056
-266.997707
-268.331801
-268.233265
-267.152118
-267.011106
-267.712447
-267.936894
-260.940715
-268.440234
-267.533530
-267.764299
-268.151144
-269.166044
-265.021276
-267.310334
-268.080819
-266.870109
-267.331225
-269.081087
-268.094977
-268.553871
-266.530093
-266.631412
-292.944270
-266.293106
-267.517320
-267.813087
-271.686246
-270.384026
-222.591746
-268.890006
-268.007517
-268.128657
-269.059129
-266.870512
-269.655558
-268.821162
-267.878014
-278.370437
-268.612488
-268.208036
-271.484223
-268.973303
-270.022509
-268.727796
-268.822625
-269.755148
-267.306293
-268.599382
-274.571818
-267.160265
-268.616379
-267.746799
-269.284206
-269.328129
-283.152507
-268.347298
-267.124754
-277.514338
-269.288050
-273.472950
-270.323702
-267.287579
-269.753914
-267.729296
-268.201556
-269.697587
-269.783397
-271.357532
-268.535399
-268.979293
-266.310067
-268.564640
-269.661204
-271.659385
-276.745197
-268.413502
-268.782774
-268.070124
-276.487914
-270.781024
-272.913056
-261.277166
-268.603633
-268.493336
-269.130348
-267.267697
-269.363560
-274.667931
-268.882556
-268.639237
-269.684887
-268.619498
-271.928323
-268.877923
-326.076589
-269.133417
-268.012085
-267.792154
-271.171049
-268.456589
-270.417264
-269.292795
-268.017621
-270.102607
-268.018434
-268.954668
-257.387430
-268.194904
-268.188111
-267.505595
-271.113005
-267.250920
-268.816171
-268.924215
-254.380204
-268.872003
-265.419458
-269.838988
-258.984155
-268.191714
-275.384404
-267.930560
-268.529428
-273.403315
-279.334369
2171.203618
-270.129183
-268.374102
-267.483479
-266.157288
-252.216295
-268.580186
-268.243821
-297.227552
-271.013278
-266.021684
-267.389516
-269.559103
-269.676049
-267.086335
-269.461626
-264.994190
-267.719548
-269.233197
-268.691662
-273.505537
-267.043252
-270.126281
-265.663346
-266.450147
-267.485180
-268.111618
-268.440003
-268.893193
-268.683738
-265.944105
-269.097151
-269.212915
-263.352231
-343.709904
-267.571230
-267.405527
-269.329196
-268.769451
-266.559971
-268.419696
-270.964414
-266.286567
-270.820481
-266.694134
-271.331632
-294.850412
-269.106935
-268.030373
-268.868042
-276.280979
-270.107371
-268.396206
-269.954285
-267.351957
-268.727170
-268.319373
-269.418827
-269.377307
-268.733940
-269.249184
-273.954455
-269.232935
-267.156641
-264.875182
-272.531797
-295.640500
-269.377731
-269.131667
-267.178756
-267.936821
-271.066428
-269.490263
-268.563447
-264.614566
-263.127878
-268.851961
-266.649807
-269.436907
-274.458336
-267.826200
-269.069522
-273.648383
-266.453523
-268.360439
-1822.399586
-268.906367
-272.249162
-268.416623
-265.516805
-270.444707
-268.908960
-270.219353
-267.330774
-262.696461
-266.699857
-270.039903
-269.601975
-265.374687
-268.025579
-268.204438
-270.071513
-268.625292
-268.346514
-267.611040
-268.264279
-269.733771
-267.044901
-268.601646
-268.768894
-268.671381
-269.543051
-267.332165
-268.962032
-269.626031
-269.314142
-269.366712
-268.911663
-267.618447
-268.870264
-268.286712
-268.880506
-269.189151
-268.939109
-267.233187
-266.962653
-268.835283
-267.842472
-269.534836
-268.657790
-269.268237
-266.706884
-268.120502
-267.527767
-268.121090
-268.529701
-270.696284
-269.969520
-265.591939
-273.388360
-268.055334
-268.484363
-268.987961
-272.750204
-264.374320
-268.815724
-269.065206
-270.581089
-269.890428
-265.622192
-268.616907
-268.611357
-269.094096
-269.238283
-268.154676
-270.124593
-262.441491
-267.431598
-268.576629
-268.145596
-268.738328
-266.916375
-268.842242
-268.439424
-270.113332
-268.954520
-269.432942
-268.514736
-263.748600
-268.391144
-267.649775
-272.402436
-267.136797
-269.558520
-269.807887
-268.592526
-269.421280
-267.920668
-270.165210
-269.466175
-269.076911
-271.484423
-269.500184
-267.324633
-269.944743
-267.613097
-267.917030
-298.161021
-268.484172
-267.882343
-267.623992
-268.886778
-268.070779
-269.883217
-268.858022
-269.097545
-267.930656
-260.703117
-268.509181
-269.162058
-266.321566
-270.196892
-267.556081
-270.485077
-269.389452
-267.962114
-269.645900
-269.629030
-262.608844
-267.756989
-268.079276
-268.517922
-267.755123
-267.631593
-267.605840
-267.695777
-267.917350
-267.545391
-557.365972
-268.762375
-268.777930
-271.122266
-269.995122
-269.545088
-269.128812
-268.510857
-267.744737
-285.419666
-268.334233
-267.832349
-268.612229
-268.269893
-268.337064
-268.440123
-270.243915
-275.001004
-269.493648
-269.708434
-268.385460
-263.985992
-268.316552
-267.586113
-269.508349
-266.660308
-267.721350
-268.660510
-269.112869
-269.382824
-267.736449
-268.490076
-269.539482
-267.698692
-264.075419
-274.314601
-267.874162
-268.882425
-291.062610
-269.925454
-268.284412
-268.433686
-270.022394
-269.268211
-276.780220
-255.137304
-268.596233
-272.827399
-268.059584
-269.568231
-265.810745
-269.602112
-269.327361
-268.602527
-268.528679
-265.112323
-268.703185
-266.188342
-268.906190
-268.006848
-182.235973
-273.922505
-271.558688
-268.073102
-273.446677
-269.539763
-263.151913
-267.408312
-266.819878
-262.603423
-268.532464
-269.907359
-266.249125
-269.437137
-269.771793
-269.963115
-277.725931
-257.780469
-271.766834
-297.412429
-272.141796
-267.840364
-273.478977
-268.783633
-270.316131
-269.624747
-271.382463
-266.395111
-265.105140
-267.955083
-267.925248
-268.392928
-268.069680
-268.727712
-266.584110
-268.420555
-277.641216
-257.428649
-267.897425
-268.525565
-267.613336
-267.123670
-636.148432
-269.067524
-280.065329
-271.931756
-265.582673
-267.792386
-268.022078
-267.966705
-268.922866
-268.631549
-269.288795
-282.311481
-269.371992
-270.351597
-273.949319
-269.868542
-267.654600
-270.448676
-266.204745
-268.174765
-268.709953
-264.337300
-269.511519
-268.254733
-266.686296
-265.666865
-267.322575
-264.973344
-267.902706
-268.538653
-280.196612
-267.848584
-268.819623
-267.420403
-270.441114
-269.237378
-268.562520
-274.465188
-268.396754
-266.417071
-271.766702
-269.948547
-280.921549
-268.667515
-269.861895
-267.046165
-267.443184
-267.734810
-266.323898
-268.640696
-278.893252
-265.981100
-269.544271
-269.272085
-266.195940
-264.915566
-265.686876
-264.411252
-304.525878
-261.982573
-268.043959
-267.317696
-266.378467
-269.152079
-267.771514
-268.012366
-265.620568
-272.663748
-267.544192
-268.596369
-268.593161
-268.257485
-270.133864
-266.872541
-268.558005
-266.720597
-268.614276
-268.678242
-268.078307
-262.099917
-268.532192
-239.462923
-269.037929
-263.828238
-268.147304
-268.794554
-267.896648
-268.137789
-268.670630
-268.011702
-268.978088
-313.221730
-265.211157
-263.871754
-270.746380
-268.370131
-265.906261
-269.336751
-268.784247
-269.791012
-275.689526
-270.167382
-283.821695
-265.591960
-268.363203
-267.951758
-272.577504
-272.065970
-264.503783
-268.587361
-264.821612
-268.031734
-267.631772
-269.806701
-268.296613
-270.033772
