212.410285
211.603252
211.297875
213.134886
209.008792
201.031040
211.272352
210.829910
207.478308
210.385923
209.275954
211.999685
210.020542
217.330200
211.282615
220.734116
212.297438
211.135379
210.306341
211.584336
211.369375
209.963521
210.481503
210.482004
210.784610
210.708996
211.767504
210.596313
209.570461
211.433826
211.805018
211.694977
209.489707
211.073879
211.909852
204.541341
211.053972
219.080129
210.655432
210.767991
209.613906
210.972655
214.914910
194.748129
211.016341
208.833537
211.038341
214.863921
211.887000
210.429276
213.244973
208.152286
211.117425
212.204510
207.442735
204.102454
207.379446
211.213171
211.288991
211.330839
222.022851
212.341267
208.430367
150.894490
213.349011
211.236673
211.212423
211.845751
211.287504
211.582555
219.959102
212.268185
208.151556
209.779948
211.936814
212.426112
210.286029
204.492051
210.966258
211.387656
211.656531
210.755746
208.029780
210.175531
85.250074
222.939304
190.683748
211.258562
212.776545
210.266506
210.261509
211.939819
213.773114
211.384207
208.468846
209.939725
211.765168
211.007715
218.595724
212.871270
211.283120
211.560162
214.747281
211.241279
211.816221
210.697063
207.717591
210.426068
210.849266
207.751283
211.414013
210.335104
198.710016
212.579372
215.379059
210.114917
213.173195
211.585674
115.201911
212.835863
218.738413
210.994336
213.357207
213.813784
220.099694
211.640515
211.108569
182.099734
211.303403
209.827531
212.445440
211.904921
211.022148
212.992081
210.513011
210.463866
224.590176
213.451471
211.120731
289.512892
210.964642
211.373169
211.504561
215.156840
210.620130
212.656983
211.257300
210.684213
210.845640
211.147813
212.757036
213.378757
210.712116
212.035758
211.844405
202.006870
177.802816
211.472937
206.834270
214.422738
212.141761
211.682618
213.752514
212.370869
210.509836
213.932128
210.472892
206.090215
211.302514
213.936900
210.100894
211.665437
212.121869
216.377258
209.287465
211.558847
211.752248
212.533332
214.633997
210.669939
210.933336
212.058486
211.219644
212.198759
213.029361
213.193873
209.811001
213.065677
209.383225
211.380461
211.412740
214.215454
211.029870
212.896583
211.794052
213.261918
211.005505
210.392960
210.968763
211.045483
215.136121
210.817967
205.122588
211.719003
212.940202
211.754297
210.493122
209.804966
213.203167
210.951789
211.973474
211.419889
212.101699
200.694793
210.624010
210.663596
228.541434
206.898035
210.623732
211.788951
216.065273
211.081643
212.272732
211.904150
211.241423
211.539567
216.259515
211.428098
210.878386
213.077606
210.745344
212.151261
220.131410
206.523621
212.650704
209.980290
208.188833
210.771514
211.505326
216.512037
210.611080
213.858670
211.557637
234.942441
211.416686
214.677288
212.336820
203.264184
212.068059
215.204301
212.916245
211.911075
207.915391
223.634878
212.248696
210.580456
211.468231
211.935992
209.175900
211.798022
210.773739
210.503166
212.217091
211.670819
213.048164
211.425077
204.772116
209.197455
211.370706
210.844869
199.476988
211.047138
210.667212
210.372367
206.879261
211.590294
210.931345
212.099968
212.864619
210.418315
199.162914
207.919864
211.083147
190.474767
210.232500
226.551836
213.501916
211.206099
206.165295
210.935493
211.388849
213.386793
212.604377
212.220405
210.742809
218.756978
212.411031
211.125641
210.857231
211.359951
208.927375
228.132094
211.684695
212.337459
214.019969
211.709801
211.134164
205.707235
162.008620
210.783969
217.078428
212.168331
212.509170
213.149379
202.458800
211.660134
208.782110
212.812281
211.745058
212.518357
210.868005
212.004375
191.012727
202.857220
210.186756
214.283985
210.923875
212.020879
211.589012
213.345373
210.522180
214.854823
213.131269
213.677625
210.401914
210.239474
212.119274
213.374479
210.919373
210.029524
210.464411
212.552728
208.279642
211.010792
199.080639
215.148831
211.149229
210.891281
210.626732
203.949229
212.147663
213.824482
211.239593
210.782109
212.023766
212.101565
211.562394
209.626680
205.790565
210.690028
203.366565
212.535582
212.673616
210.846559
210.372877
209.653039
211.710088
211.856348
216.853926
216.834779
209.085806
212.382400
211.469875
211.279316
214.715424
211.354810
214.058846
212.281510
211.273229
212.967174
206.926568
210.143571
211.264231
212.288492
209.636509
210.624445
211.500327
209.428588
209.775012
204.284570
214.637024
210.663201
210.642763
210.207783
210.293133
209.009527
206.552412
210.602141
210.819084
218.398775
348.269838
215.431869
214.382927
211.912354
211.444649
212.588781
212.534110
214.543498
210.607091
213.686434
209.407305
210.727197
208.490698
213.579244
213.424144
211.159200
212.160738
195.548860
207.959315
209.888028
213.706604
212.752287
210.950102
211.868193
200.271815
211.281544
210.977508
214.740386
210.760500
212.138212
210.380360
218.883729
212.322371
211.920628
210.785950
252.888607
209.613592
205.196088
210.849572
210.465058
210.809771
208.713118
211.693460
218.698654
212.512810
211.005948
211.442385
209.192437
212.930127
210.615649
211.700417
211.009074
210.934699
213.763002
203.473618
212.216505
211.671583
197.378891
212.703899
210.698225
208.628218
209.031657
211.972779
212.235518
210.266583
211.001005
219.158770
176.357441
211.472627
210.800014
218.051550
208.545914
210.748242
209.938717
211.842221
208.597963
212.030823
211.570018
212.654861
211.883328
212.758823
213.283646
214.515412
210.491049
211.829900
211.450238
212.753731
210.038504
212.366408
211.527027
209.523323
211.938387
210.524501
210.291379
212.232351
207.937596
211.961542
222.772186
211.817223
211.837752
212.292346
212.169609
215.558945
210.225815
215.448945
212.169139
213.250106
211.520029
214.367962
-1428.324036
212.086817
210.256468
212.129825
211.122478
210.788538
211.884591
212.213115
211.693330
211.953314
209.411827
212.977913
211.649562
209.646903
208.775291
211.942699
212.691627
212.410483
212.459978
211.948216
210.317626
212.051558
211.611026
209.647876
213.137853
212.574538
210.965146
209.705135
225.040582
212.372946
209.746516
221.716336
211.254839
210.113498
210.731804
212.206903
212.126502
211.371759
210.510559
214.927843
207.778077
212.015071
209.900465
211.377601
204.300343
201.597974
200.543530
211.612454
211.651554
222.956292
210.256196
209.783308
212.232453
210.376640
211.112155
211.288125
211.263247
209.798826
210.981873
212.038412
211.537800
211.615782
208.596387
211.353959
211.228868
210.457725
210.687486
214.296058
210.779272
211.594419
212.941676
212.220604
213.381421
209.043968
211.504165
215.575125
211.408175
209.717414
210.873073
208.132792
209.568377
211.435244
212.981895
210.657847
209.849236
156.681698
211.021797
211.097778
210.223483
212.925136
213.221455
212.462386
211.180625
211.490983
212.324649
211.163756
211.779747
211.948391
212.096004
213.739880
210.950999
210.475529
209.747308
213.629735
210.813685
192.900329
211.598484
210.956060
209.530644
211.491051
211.126803
211.323654
211.628247
216.728700
206.532576
212.149813
211.925671
212.205841
214.074203
211.471141
212.215109
211.209556
211.119584
212.353260
214.619947
211.259944
217.608303
213.329045
212.614205
207.712359
233.187533
210.899454
206.431002
209.835689
210.705536
212.189756
207.632954
217.963592
211.262176
215.644747
212.349381
210.020434
212.614201
213.669339
210.416266
210.964481
217.597477
213.474633
213.147409
210.867274
210.338537
212.271785
210.317838
218.138255
210.916259
209.355603
211.393851
213.368852
211.598145
199.966448
213.794565
211.854815
210.719667
210.999298
211.005935
208.587323
211.460002
208.376717
213.969962
2822.721229
211.081484
212.506441
209.904035
207.219782
212.253126
452.839208
211.439325
211.423385
219.126847
209.232536
209.610358
211.338579
207.663960
211.401427
209.968953
208.436102
205.834170
211.871036
210.633633
209.176517
223.700860
210.942822
211.639608
212.548425
212.222702
210.377233
210.116886
211.624596
209.721546
211.013302
210.969324
211.408670
214.433605
212.193286
214.151233
211.704483
216.351836
213.692177
212.997851
213.207373
212.262399
210.795244
213.332399
212.215286
222.776408
210.232319
212.102520
211.712306
213.797518
209.651196
212.177612
205.942611
213.140906
208.172209
211.146460
212.244777
215.584050
211.774775
210.447970
211.097586
210.952704
210.254727
211.084230
216.113041
210.872546
211.604028
210.088572
208.468294
209.271620
212.594261
212.767630
211.391163
214.416961
214.402768
211.148632
214.549345
230.608614
212.057322
190.186710
210.516316
210.998246
211.429081
213.373911
212.059874
212.417645
209.922215
210.810324
212.500038
212.919097
211.826156
212.242887
211.494406
212.375639
212.522733
212.076413
208.014945
197.777169
179.044059
214.012237
307.960283
206.529072
209.275379
213.037575
212.488363
213.309026
217.192810
211.689446
205.143266
212.460690
211.994755
213.488965
214.387065
211.805429
210.590363
209.000637
215.017046
213.659900
201.221571
212.943834
216.246112
212.823581
212.573629
210.753290
208.366667
210.130356
212.086205
205.737417
211.754791
212.452085
210.465984
209.041990
211.387136
211.780444
-31.521031
210.978119
212.255260
211.717049
207.485957
211.708385
211.586027
215.159735
210.025252
211.462805
211.996872
233.975524
214.932873
211.101157
211.942121
206.793045
223.873666
212.910541
211.720936
212.615864
212.668402
212.110305
211.859656
210.625560
216.324919
209.302619
215.318022
219.800030
210.260874
209.684956
209.350790
205.658321
214.480384
209.078016
202.981481
204.538353
211.567133
212.975708
209.181535
210.708503
213.061280
211.431669
211.988003
209.143275
206.243292
211.802939
210.615275
213.075269
204.064874
213.353104
210.026498
211.308036
209.939362
212.625383
212.067790
213.237962
212.013432
172.913600
210.885267
212.063673
210.738405
208.149801
228.703759
212.255696
211.368513
216.709733
211.182606
212.360866
211.955946
211.182557
207.784113
209.283123
210.646743
209.773014
186.200362
206.719922
212.415939
218.508345
209.655300
211.050985
203.184822
209.873413
205.947577
212.186959
212.776518
210.075160
214.121965
211.397032
211.677455
210.834398
212.963206
213.650391
210.587181
210.280456
209.451415
210.953166
206.621858
211.159777
217.480832
211.732508
207.979423
211.403834
211.901017
200.044050
211.854244
211.219240
215.580913
211.325264
211.069483
216.120368
211.992121
215.336635
193.784513
212.623453
211.639247
212.051348
212.342942
211.218396
212.015863
212.584480
213.778628
211.498940
210.625253
210.657930
212.893040
211.154180
211.239582
210.927798
211.365744
211.334483
211.567284
212.271597
212.239688
211.169386
211.077343
206.144203
212.071528
216.272176
208.694694
172.023858
211.515357
213.333585
213.211639
209.906193
209.531393
210.489018
215.207918
213.305597
209.374760
202.882196
213.146570
208.053222
206.364736
212.929689
212.776860
211.620307
211.107895
211.583562
211.327676
211.738216
205.510070
208.068615
211.511699
214.522518
213.075299
209.537138
210.888415
207.529553
224.399361
213.221605
211.800344
209.159149
208.867126
209.283070
213.421367
209.443618
211.487059
211.615437
211.905101
211.497920
211.908093
217.783990
211.742735
209.942272
211.704812
211.539569
221.923836
218.175397
