332.880001
332.209574
332.512711
332.757431
335.308667
328.619172
331.384508
332.937765
333.033171
335.024882
351.407729
332.438600
314.363513
333.240216
332.897980
336.534205
332.339292
333.017881
332.217417
334.400836
331.866694
330.451237
332.449899
329.927632
328.685921
330.800363
332.763567
467.113548
333.340444
337.079488
336.416177
334.514770
331.360906
331.823697
328.454733
331.400600
338.236255
331.301729
334.076012
333.199063
334.350405
334.380761
334.957294
332.084852
331.976409
332.507645
333.797575
331.824692
333.614758
328.770228
336.217351
331.781736
330.774975
332.940356
334.089650
331.411188
336.764443
333.643751
329.751875
331.441954
333.338595
332.730400
332.789803
334.433136
332.898081
331.968104
337.720903
330.733461
332.749924
332.017850
334.404723
331.543735
332.395083
334.060841
333.351176
333.920331
332.389465
333.227653
335.491896
334.503087
320.213562
334.202450
332.954821
334.227675
335.200677
333.903987
330.269000
321.747359
332.355104
333.031783
330.524775
332.385621
331.311029
332.664009
334.895699
332.369790
335.434101
331.174413
342.089554
333.892157
330.253010
332.270312
332.383481
332.853859
334.780148
332.707587
342.125752
331.409701
334.181622
339.599847
332.224586
333.170811
333.768347
332.265997
332.171631
334.579907
332.089958
334.935191
336.591862
333.255322
330.542930
333.644148
332.468999
335.884411
333.389317
328.991209
332.357267
332.158069
332.794000
331.420417
332.534118
332.816865
330.245813
337.747434
324.582940
330.346154
330.581556
330.936266
332.197431
332.192482
332.060991
329.259419
334.253264
332.670799
333.232205
337.950098
332.969967
331.460169
337.551875
330.312768
331.026543
333.136346
332.630792
331.136232
333.576840
335.435006
332.989582
332.321452
332.452482
333.682701
331.144775
333.810200
329.259991
333.301934
331.163495
332.722487
332.360241
337.793472
332.299578
332.704134
331.708479
332.657559
333.821633
330.046223
333.278321
332.253722
334.097916
334.140310
333.013582
332.469168
332.487172
387.723434
330.646339
331.816793
332.598862
332.919332
334.007720
334.165954
332.284545
329.075475
330.266485
337.610184
332.296833
331.179331
333.073888
333.397034
334.921025
335.500346
335.530933
333.623328
331.924657
334.018346
334.261967
332.650046
332.657097
332.535340
333.235808
335.416462
334.186867
330.662591
333.458831
332.973494
309.921498
331.423026
331.279932
328.846787
332.135193
330.987923
337.255593
333.280864
333.464310
333.902291
332.960469
332.122590
332.128608
331.828011
331.471348
332.878863
332.512579
333.840038
325.333309
332.873584
327.345867
347.256226
335.850383
333.611683
333.171681
332.492932
333.362360
332.805636
332.367772
332.888375
333.166538
332.410839
323.659601
334.177459
333.194637
331.526859
334.809412
333.094741
338.117553
339.765716
340.396034
324.180128
333.379994
335.380120
339.440432
333.813569
332.329433
333.013602
333.113612
332.878439
331.924552
331.422283
327.492672
327.964847
340.344634
333.733317
333.336390
332.366036
329.284767
333.438416
333.600367
332.645263
331.391897
331.939512
340.063285
332.854343
330.797878
335.532731
333.175903
335.201732
332.249376
334.442955
319.855096
332.708784
332.146111
330.551774
333.231266
335.277989
332.688425
332.221047
340.327769
332.865277
329.017557
334.330990
333.900495
334.779267
332.718217
335.232951
332.917799
331.577451
332.681346
332.348544
333.217752
332.800842
333.234887
331.768300
332.434149
333.345029
333.819519
330.836744
331.421707
331.389013
328.183699
333.265458
335.449935
332.177876
331.152982
332.949950
335.586561
333.194528
327.180341
332.938453
331.034739
341.454684
333.231273
338.050502
333.620374
326.102297
329.903982
339.134948
333.816067
362.813479
330.639045
334.826392
330.469338
336.534675
333.020940
341.310282
332.953239
333.197473
280.702820
332.307321
335.273617
332.398511
350.318675
333.200193
332.285786
331.625313
332.909784
332.091934
333.124651
333.559905
333.289950
362.356667
332.085075
333.817915
329.854999
333.983858
332.692776
332.551047
334.545192
333.151245
319.613026
340.520681
329.535357
331.444463
331.766778
333.034506
332.467024
332.605254
330.005074
333.209569
333.440376
323.948701
334.353802
331.483487
333.809357
339.423378
334.062967
335.663097
332.429872
333.672131
332.840555
332.444683
332.597533
329.273956
330.092122
342.332593
333.722841
332.399581
332.760063
334.996949
326.956382
333.493608
334.175549
332.628659
335.084792
333.202799
333.700806
332.887875
334.807657
332.849044
335.116610
333.336483
332.641197
325.328716
314.978151
332.713325
331.975938
332.622503
332.487018
332.489047
341.149845
333.699438
333.959700
331.250857
334.903716
333.356989
332.409959
332.672112
332.708999
332.631024
331.421980
332.121669
332.515571
332.995826
332.745793
333.095191
332.746225
333.138842
333.794199
333.184032
331.415355
338.078603
336.047165
334.117355
332.650138
331.719001
336.485742
335.951392
332.909745
335.184885
327.620325
331.223583
332.420666
337.721515
333.349843
333.901734
327.892510
337.077904
334.506966
331.836281
330.694976
331.470227
330.349779
357.201903
331.041780
332.052924
329.918787
332.155274
336.042705
340.952504
303.107236
334.590684
332.950789
332.683832
334.042870
337.078775
332.521019
333.370952
332.788276
332.671582
334.375020
334.089268
333.292458
331.969891
321.829063
334.064144
418.478222
332.808802
333.127409
333.317755
332.221775
332.430195
333.096130
334.566684
337.777279
328.777916
333.340232
332.789410
331.795808
330.326653
336.465792
331.411195
332.115173
332.450369
334.917808
328.505197
332.971395
332.069940
344.809603
332.669361
333.792158
331.618153
332.862681
332.986679
333.158054
333.320089
330.093601
343.450817
333.986350
332.407509
334.450926
331.570769
332.104532
331.010681
325.816205
332.071804
332.460443
332.686329
333.190574
331.529770
337.309922
336.668340
332.869615
328.393836
334.656022
332.765449
333.278569
329.601732
333.725008
330.166528
332.808519
330.623872
325.997907
335.237680
334.098757
333.930537
331.771713
329.964124
333.456494
334.484652
331.821228
332.950079
331.613936
333.176210
333.068445
334.718216
369.333779
333.519239
330.970973
333.340900
323.030907
354.092373
332.466904
328.104772
330.787797
371.608191
343.142254
332.650285
328.803287
331.366852
332.494340
332.155943
334.521118
336.580657
342.460667
341.027117
332.724819
334.369043
332.717904
334.847002
332.548734
333.021517
333.204685
335.079846
335.137731
345.397588
330.471031
341.217759
332.084776
327.348383
332.482311
334.691413
333.245991
333.015595
332.083913
332.756158
439.453900
331.567472
334.254944
333.572953
332.387220
331.124662
413.190491
333.238236
332.505062
335.989893
333.138882
321.023536
332.532781
334.266161
326.875548
332.651618
332.109531
328.427172
332.837632
331.285222
336.151769
331.890872
332.462928
332.849527
333.270476
325.424219
330.497520
336.105559
334.163850
341.250329
318.087674
333.916404
335.058570
333.679668
332.656574
332.258513
331.203804
332.647710
333.532921
334.871529
331.834318
332.122959
331.506270
338.706911
332.623204
332.466932
332.840701
332.588865
331.707185
332.452326
326.619349
298.604651
334.071433
331.245546
333.801791
333.369682
329.642944
332.288937
334.453695
331.895014
334.185853
331.604385
333.350875
335.368785
332.503287
331.684936
331.914313
331.701614
330.486881
332.734837
332.389757
328.862705
332.812946
329.138884
331.805586
334.374439
337.739847
323.962416
333.456603
322.804335
336.988218
332.246868
329.338735
333.539270
332.896275
333.018564
261.887906
360.114056
333.816432
330.932336
332.684580
339.330385
333.693050
331.278156
337.797323
331.657203
334.702708
335.542577
332.869682
332.388969
332.710683
333.277821
333.023757
332.474550
333.724120
333.072827
328.330794
333.112475
263.409183
333.170182
328.008493
333.715290
310.591902
332.386947
154.979264
332.033712
334.699867
355.073074
333.799729
333.548177
336.411502
330.400334
334.044776
331.465611
331.703328
334.008330
339.137480
333.541681
332.904741
333.400748
330.013631
332.950285
431.407471
333.141892
333.698087
331.207842
334.668598
335.471439
342.652367
330.618481
331.035994
331.277388
344.130099
328.681999
329.450517
333.087638
332.490658
336.980465
335.212714
333.255317
333.007657
332.977546
331.537743
332.902330
333.097909
330.641627
332.332550
330.934997
332.646976
331.123635
328.481007
334.804300
333.200506
335.596129
333.024547
266.907036
332.488409
333.648324
334.071969
323.596623
331.160761
333.203960
342.641613
327.404274
333.271688
332.135089
331.592865
332.183709
333.867939
331.759133
332.731120
342.575725
333.695062
335.184039
333.297217
332.552116
331.350165
209.332895
332.901933
332.955080
331.808391
332.683067
334.361507
333.730112
334.526626
332.858217
332.247118
334.105418
333.067705
335.548232
332.029738
332.731784
332.721957
331.625002
333.519383
337.646974
332.712490
347.625553
333.176566
328.999003
331.971744
333.084727
326.337392
332.924488
347.959945
346.294722
323.995230
338.504049
333.848433
332.634484
328.208643
332.594620
281.163447
334.648795
334.477238
333.911910
332.969613
329.186877
324.784403
334.828566
332.745564
332.975376
332.534525
332.659389
330.685975
338.217601
332.149045
334.732597
332.732661
343.307589
334.217297
329.633998
334.117797
334.762824
335.139743
332.919482
355.531764
333.656787
332.788797
334.721835
334.375104
332.025998
333.055508
332.600713
333.562716
332.497150
328.482379
331.619870
334.369195
331.044230
332.394097
332.329119
332.957821
323.259635
332.749641
332.883115
335.363561
332.127135
335.535757
331.595750
332.147332
333.015333
336.415768
332.308610
335.907240
332.210031
334.599382
339.403552
332.881388
332.830531
333.699685
331.834559
338.677507
332.664965
333.374245
332.552108
330.234955
331.487468
330.172669
332.401891
332.868931
323.424085
333.794280
332.307334
332.725302
333.224703
329.362439
333.876713
332.209608
332.735897
333.209796
333.256503
333.938015
333.020155
332.979670
334.160274
330.981850
331.708653
338.041887
335.967383
331.828227
332.180846
332.242304
331.999257
333.482260
333.717254
331.904786
334.468970
333.096484
331.959401
332.297185
331.673454
331.960070
313.533419
332.281034
340.242581
354.084149
329.331586
336.985169
334.434324
334.451710
333.679107
332.452285
333.345386
332.204798
331.418446
332.478360
331.540933
333.279436
333.312209
331.203070
334.116657
329.406857
332.939440
337.000936
331.330584
335.053463
337.712569
330.340567
332.129954
330.868661
333.623471
332.385591
321.673269
333.146161
333.157547
335.126201
332.265366
333.555874
331.925600
335.392045
332.632391
328.757513
333.516086
330.451066
333.409319
307.264915
321.035584
328.523373
332.622659
333.920594
331.684679
331.958609
332.892005
337.355568
366.873124
330.999718
331.646450
332.699124
331.513830
331.619257
333.467225
330.410671
331.512290
331.192772
331.036610
332.231798
331.677502
333.646337
332.158475
326.861232
333.354350
331.143265
331.784296
332.871690
329.188667
334.247649
333.879467
333.684916
329.252120
333.510564
334.720211
330.776999
335.598991
332.779630
334.767983
348.792496
332.913789
317.291887
334.590341
