-124.208796
-126.296868
-124.107480
-127.568371
-122.019913
-126.128191
-127.022546
-127.150243
-125.339859
-124.311205
-124.197130
-124.653889
-124.721970
-124.838586
-121.399686
-126.462345
-122.517085
-124.525030
-125.630915
-125.293282
-123.780530
-124.154434
-125.005554
-123.970323
-121.199435
-124.800563
-125.819641
-124.198566
-124.150998
-112.345170
-131.240424
-124.463719
-123.723499
-118.434660
-123.377182
-125.842352
-103.713936
-123.517203
-124.003229
-123.799478
-124.237175
-124.980180
-124.018120
1765.248641
-125.663345
-122.418386
-119.037139
-125.577112
179.149953
-125.107296
-124.855287
-124.900579
-123.340757
-121.729138
-123.439530
-124.909574
-131.370157
-122.926409
-124.672687
-136.029675
-128.048305
-124.665852
-123.914168
-124.363597
-122.142426
-126.122941
-133.113757
-116.299008
-126.655349
-125.010414
-124.148119
-124.701305
-125.551845
-123.735227
-124.841513
-128.818700
-135.196588
-123.868477
-110.655549
-124.276851
-124.372623
-126.385639
-124.182253
-215.596999
-121.355575
-125.727195
-124.925832
-124.280097
-126.571657
-124.613128
-125.041928
-124.665679
-124.704847
-127.985532
-122.423235
-123.075588
-123.176093
-125.761154
-128.340391
-124.924870
-124.166456
-123.123955
-124.193883
-124.709142
-125.362709
-113.981717
-125.540519
-126.684508
-106.636063
-124.041968
-118.080835
-123.304614
-123.658025
-103.750751
-123.982832
-121.401684
-121.438707
-106.916086
-125.936674
-124.510958
-125.815640
-125.406845
-124.799113
-125.634532
-124.968634
-125.347103
-121.395839
-123.479622
-125.300915
-125.242690
-124.839573
-123.706571
-129.526005
-123.179935
-122.119189
-124.496850
-124.586125
-130.732565
-128.031872
-125.255145
-123.757422
-124.066954
-125.534277
-124.941962
-125.543506
-126.549285
-121.901467
-128.841473
-125.863945
-125.297604
-124.166119
-125.971933
-123.806315
-119.699838
-125.180022
-124.769185
-123.475053
-126.163097
-124.803355
-124.199256
-122.975494
-124.183549
-125.650275
-124.683700
-127.690173
-126.360968
-125.089898
-122.499677
-127.028465
-115.672296
-118.163208
-124.598816
-126.193141
-125.253494
-125.524149
-133.957651
-127.842398
-124.681045
-113.008912
-124.068140
-123.919544
-125.453439
-124.573826
-123.521049
-126.892320
-126.645309
-123.044750
-126.569690
-124.635993
-124.608128
-123.781147
-145.985192
-121.052931
-124.994061
-124.001033
-136.602692
-115.556478
-122.493870
-121.505480
-126.712672
-123.568476
-125.330907
-124.871110
-124.961665
-122.712518
-123.860681
-126.636613
-124.744273
-124.636283
-124.355331
-121.915233
-124.875147
-104.035546
-124.549993
-120.657980
-120.566911
-124.300712
-121.580700
-124.395643
-128.007556
-126.460627
-125.720564
-128.469363
-123.405708
-122.926225
-123.300708
-125.538239
-124.448430
-124.546136
-124.413857
-121.650333
-124.672357
-123.679485
-124.316809
-126.409993
-123.405207
-119.774553
-124.630811
-123.907377
-88.658284
-124.184020
-116.783853
-124.612903
-124.067263
-119.632592
-125.636281
-126.379681
-124.782647
-124.908250
-123.955465
-128.149188
-124.756538
-125.398902
-96.432355
-124.049526
-124.958030
-116.395225
-123.676421
-124.199347
-124.732154
-124.490678
-125.558067
-123.046098
-124.573847
-123.322015
-124.077591
-118.481065
-124.056371
-124.683157
-126.730562
-124.770666
-125.565956
-125.180933
-124.234181
-125.480717
-124.468011
-123.707864
-124.960576
-121.984093
-126.370106
-124.734389
-122.381643
-123.620986
-125.729842
-110.432061
-123.039929
-109.776332
-113.412872
-120.830025
-124.298470
-124.384797
-124.750170
-124.885617
-124.884403
-124.586943
-125.829100
-123.728042
-125.078257
-125.569575
-126.799421
-121.985685
-121.038392
-125.189882
-123.494530
-125.232096
-121.712630
-127.167966
-124.179328
-125.405194
-123.420028
-110.277673
-126.058664
-124.946255
-125.208533
-125.062534
-123.467572
-125.156974
-127.468075
-120.718177
-122.477494
-124.989051
-124.666904
-122.279504
-120.926847
-139.785264
-123.280422
-124.555274
-100.589949
-131.475895
-123.042407
-130.208856
-124.731006
-124.484062
-122.781859
-124.390794
-123.578505
-124.426511
-136.935036
-124.764063
-125.215403
-124.681732
-125.397601
-123.978323
-124.977511
-124.879118
-124.880500
-125.381000
-125.089649
-117.047502
-123.646803
-124.010807
-124.276477
-123.782999
-124.648553
-124.091966
-124.629791
-126.581363
-125.365221
-125.559896
-127.662307
-141.928006
-124.305142
-124.615399
-124.821024
-123.826779
-123.555445
-124.762904
-124.690902
-198.188900
-122.970924
-124.387747
-124.267937
-125.361272
-125.257292
-130.923787
-119.681815
-124.280951
-124.946926
-124.823122
-124.116984
-125.208023
-125.250881
-123.344222
-122.684621
-107.999589
-122.902803
-124.736366
-127.324458
-125.066555
-130.010852
-124.261102
-126.379238
-123.275057
-115.592356
-124.281084
-122.549944
-123.748326
-128.863502
-130.400861
-156.207505
-124.660545
-124.835228
-125.046180
-3.384649
-124.512304
-122.670138
-138.426226
-124.420397
-124.215072
-129.187872
-124.939883
-124.473509
-124.705251
-125.957146
-124.872351
-124.191101
-124.088075
-123.460902
-125.528956
-124.882662
-123.054331
-120.838286
-120.686148
-128.165953
-128.361618
-123.518273
-122.995274
-123.964500
-124.786582
-107.400055
-124.680260
-123.153893
-124.500409
-124.706517
-126.539165
-125.221828
-124.182256
-124.216649
-124.349775
-125.546055
-128.078844
-124.068233
-123.747653
-124.529388
-126.365634
-124.501422
-125.173159
-132.291768
-124.890701
-35.991254
-128.840734
-124.561331
-126.796068
-125.234121
-124.794721
-124.463893
-125.573425
-86.900545
-123.985988
-123.428264
-124.389953
-125.479490
77.880141
-126.184763
-125.029893
-180.178443
-130.036320
-124.741603
-119.448075
-122.256948
-123.575169
-124.518116
-125.521527
-125.070598
-120.235623
-125.800592
-123.273992
-122.573657
-126.975331
-123.790956
-124.646336
-124.643191
-130.477672
-127.367870
-125.431247
-122.492768
-125.425044
-124.575789
-69.543547
-124.481598
-124.313935
-125.117182
-121.910907
-123.795014
-109.404353
-123.888253
-125.198227
-124.578717
-125.834466
-127.123691
-125.012518
-124.390585
-125.086352
-91.780708
-126.233687
-124.215869
-124.205679
-124.218930
-124.634442
-122.488945
-124.586524
-124.100928
-124.570613
-124.889196
-126.489493
-123.652966
-127.076588
-125.710063
-124.863166
-126.579481
-118.409002
-124.759575
-124.049391
-119.623859
-124.617700
-126.892165
-124.874461
-126.173063
-126.530404
-124.043493
-124.587722
-124.899185
-127.362700
-124.743280
-124.876471
-123.691772
-118.723185
-124.868610
-124.706603
-119.121623
-125.138669
-127.865660
-142.613590
-128.031468
-124.571424
-116.579022
-124.406908
-125.745040
-124.431820
-125.646852
-115.457437
-124.630243
-125.075173
-124.750467
-124.461808
-124.083195
-124.948068
-123.341571
-123.696613
-123.207337
-119.743082
-116.840445
-124.216417
-124.483220
-122.933136
-123.426609
-126.197920
-114.864206
-125.739257
-118.500647
-146.133465
-125.151797
-123.686478
-125.425235
-124.135256
-135.234735
-124.009034
-124.415709
-124.922361
-125.753882
-125.002112
-125.105629
-123.750585
-123.449318
-126.105612
-125.150682
-121.967058
-124.230229
-125.211127
-124.941366
-123.936391
-126.130395
-126.899170
-125.046826
-124.100455
-110.960027
-125.372127
-125.553072
-119.278807
-124.798103
-131.764801
-126.118987
-119.649267
-125.178788
-124.035357
-124.594553
-125.241091
-122.988103
-126.549788
-125.995245
-126.003137
-124.851503
-121.475784
-126.504578
-126.423301
-118.799348
-125.724517
-124.577943
-125.452304
-129.446547
-128.573883
-125.872381
-110.046498
-121.622081
-122.961721
-115.523980
-125.736432
-123.331153
-120.902350
-130.704871
-122.937318
-123.606230
-123.302607
-124.850285
-116.651087
-123.822203
-115.142045
-125.198361
-124.188260
-138.587439
-124.955096
-124.309895
-125.981447
-135.409130
-123.216007
-122.587775
-123.594958
-126.213699
-126.065038
-124.445008
-121.674246
-159.418739
-124.807779
-123.129249
-122.341087
-124.681007
-120.155166
-125.600428
-123.103950
-124.593157
-119.800634
-125.516376
-124.498367
-125.464242
-123.452177
-122.745426
-124.450775
-123.579267
-130.544759
-127.268957
-125.665664
-126.310622
-125.017214
-124.693151
-125.628551
-124.975122
-122.463203
-129.798806
-124.915082
-122.813682
-121.620763
-124.757746
-123.375731
-126.169307
-125.157709
-126.071007
-139.049915
-125.295643
-127.081140
-136.378575
-125.005605
-126.395467
-129.319397
-124.074042
-132.225365
-125.945518
-123.772626
-123.751719
-125.206000
-126.102395
-124.825810
-140.453053
-124.906528
-122.829184
-127.194800
-125.106875
-117.477025
-129.455525
-124.951395
-126.446898
-125.778258
-126.858856
-125.373869
-126.379759
-124.430148
-125.263562
-125.449802
-125.126210
-126.945314
-134.368912
-124.310794
-122.737525
-124.450724
-126.618126
-125.548495
-125.321565
-120.849744
-123.135512
-121.737690
-124.027563
-125.153989
-125.148155
-126.462601
-123.068863
-124.130972
-123.971615
-125.857694
-124.802831
-124.829105
-119.592260
-124.394592
-126.572934
-125.498561
-126.885790
-124.576154
-124.816380
-124.783832
-126.172301
-124.738263
-124.420923
-125.473837
-124.725728
-122.393812
-124.138909
-120.762996
-110.600376
-123.822733
-123.595060
-126.711762
-123.018253
-124.495586
-128.830559
-123.798055
-124.861065
-132.642424
-124.387272
-126.234860
-122.754837
-129.102830
-121.511408
-107.040570
-123.489352
-123.415420
-119.779347
-125.573505
-123.054929
-127.791448
-124.932972
-128.451742
-122.881676
-125.498748
-124.811486
-128.873179
-125.788045
-118.650952
-124.616908
-125.343653
-125.149278
-122.566115
-123.781230
-126.426408
-127.114487
-124.879598
-127.160025
-124.590033
-124.752939
-125.090993
-220.961690
-124.923576
-124.667538
-130.596256
-125.446538
-124.431305
-122.404225
-126.131124
-149.642731
-126.971186
-124.187039
-123.612654
-143.388061
-124.642413
-135.650642
-158.780083
-124.230737
-124.762430
-122.121286
-124.711938
-123.458904
-122.792358
-143.612442
-124.449151
-124.776712
-124.754970
-122.836673
-125.420712
-127.906192
-123.800687
-124.108972
-122.698880
-125.674334
-123.944287
-125.793601
-122.816719
-125.875716
-123.171145
-125.381950
-123.034313
-120.595313
-123.761106
-129.414470
-134.216670
-126.121737
-134.143591
-125.148959
-123.694737
-133.907649
-124.985783
-128.779651
-126.417990
-125.990458
-122.788871
-126.232954
-125.098821
-123.711157
-114.759078
-125.514130
-125.991573
-126.074932
-72.036688
-122.908295
-114.862057
-127.829612
-126.951709
-122.569246
-124.994343
-126.485626
-125.240795
-158.884067
-124.868616
-124.606927
-131.023781
-126.090876
-124.741673
-124.853125
-126.912556
-124.661882
-131.389945
-126.419745
-123.693408
-123.900207
-123.980598
-125.292069
-125.590217
-124.572626
-124.875126
-125.024957
-123.644592
-123.783985
-124.591972
-127.080752
-122.481414
-124.467874
-124.744200
-126.944672
-126.203346
-126.279201
-142.545007
-146.059716
-124.694141
-125.499266
-125.276891
-128.370760
-126.050429
-125.279014
-119.882271
-123.301780
-123.198869
-124.661475
-124.942847
-153.796257
-97.067512
-127.045266
-125.349296
-123.560744
-123.670700
-125.278820
-123.876326
-127.081142
-129.870796
-122.253422
-125.399778
-12.345805
-124.616708
-125.176996
-121.156013
-128.516378
-125.390155
-123.030936
-124.943237
-123.817243
-133.276964
-130.705002
-119.031144
-124.519280
-125.115085
-123.622068
-125.203187
-125.026026
-125.442763
-124.522017
-124.799309
-131.537716
-125.757499
-124.489390
-124.769447
-122.738562
-128.644205
-127.133905
-126.543525
-125.775716
-122.851523
-111.343300
-125.089082
-124.010308
-124.867457
-125.242756
-125.990696
-122.958225
-124.333463
-126.036368
-124.902724
-125.026489
-120.710083
-118.480529
-123.395607
-125.852935
-124.678385
-125.400983
-125.695302
-125.084376
-125.464489
-148.511779
-124.122985
-122.252549
-125.347719
-122.823341
-123.804798
-125.407089
-123.543226
-125.336093
-125.349539
-124.841235
-119.416183
-124.447442
-122.271556
-126.959546
-125.153443
-124.679543
-142.475217
-127.054551
-123.959647
-124.696950
-123.421212
-124.159789
-122.431649
-121.513537
-124.188862
-124.980859
-122.177182
-124.840784
