-470.213169
-469.716252
-469.695616
-474.535804
-470.520418
-470.314774
-468.715671
-469.755588
-465.088480
-468.398436
-468.913333
-469.019599
-468.050542
-466.789217
-471.291126
-471.671094
-468.768612
-470.514134
-469.897227
-466.558170
-469.380115
-468.969948
-477.890793
-468.630138
-472.998293
-466.279498
-466.063441
-469.921066
-468.644773
-472.215077
-469.549309
-468.219668
-468.874436
-469.231967
-468.716256
-469.031403
-468.489960
-474.833258
-468.844669
-469.372661
-470.147342
-465.775720
-469.419897
-472.841524
-469.691545
-475.757948
-472.604599
-471.330978
-455.500934
-458.309853
-468.076637
-477.377563
-469.145350
-468.483254
-466.874633
-469.762122
-464.793375
-468.509415
-469.558729
-468.563720
-468.970559
-469.141055
-468.495126
-470.535698
-468.132703
-466.743398
-106.999568
-470.062781
-469.241269
-468.273729
-470.042327
-469.526507
-502.094003
-468.599447
-468.462841
-469.222090
-463.791112
-469.993954
-470.387800
-470.241730
-470.026765
-468.886668
-470.151597
-467.366436
-470.464507
-470.663381
-470.011606
-469.333925
-470.104927
-469.171913
-469.964717
-480.312465
-471.285611
-477.170896
-468.867022
-469.099743
-469.640764
-468.060421
-467.578320
-469.214111
-411.473817
-476.810862
-468.040723
-469.757838
-467.713311
-468.895815
-470.841033
-468.416806
-469.477899
-469.266292
-478.339438
-470.616997
-467.628565
-468.649958
-469.487639
-469.521096
-469.300826
-476.276519
-470.155737
-469.146442
-466.918254
-467.816082
-448.421766
-469.542318
-473.152438
-468.333697
-470.602089
-468.901014
-468.811823
-469.290739
-468.210327
-468.807307
-470.786006
-472.145646
-468.609246
-462.258855
-468.833979
-468.876322
-464.435222
-470.982627
-469.887155
-481.316849
-469.474501
-469.494815
-469.028721
-466.717615
-468.160686
-468.835187
-523.751042
-468.982506
-468.202073
-469.635473
-457.529797
-469.491899
-461.172528
-469.656488
-476.329702
-468.113898
-469.635541
-471.658121
-470.187853
-464.617554
-471.637803
-427.754436
-469.641889
-468.413385
-469.033748
-459.867100
-469.742447
-470.542004
-468.029755
-502.214799
-469.070429
-468.986328
-470.098259
-468.382456
-469.639465
-467.640249
-466.412402
-466.912880
-469.020984
-470.665610
-469.510793
-469.305461
-469.791306
-467.304985
-470.374792
-467.274575
-469.871375
-470.139755
-453.342288
-469.219768
-500.227685
-651.461363
-440.787293
-512.672475
-437.655989
-470.636511
-476.165604
-467.941249
-471.552068
-471.069075
-473.052940
-472.156286
-468.440909
-468.783310
-469.337770
-468.825757
-468.890742
-467.889520
-469.580206
-470.153022
-469.021151
-468.978242
-469.333600
-468.915420
-464.008640
-472.697408
-471.041659
-468.856078
-469.246971
-469.366694
-468.797204
-469.912459
-468.940991
-467.235328
-469.042861
-460.860041
-468.877922
-467.699887
-468.694545
-470.089486
-467.999755
-469.418228
-472.617587
-467.543562
-469.927607
-473.390672
-469.140737
-470.519870
-468.576629
-467.464763
-470.344843
-470.595920
-467.097166
-470.233252
-473.687776
-469.295571
-472.448370
-469.722202
-472.960557
-470.918705
-469.659685
-470.148597
-469.401139
-468.230273
-469.507065
-469.382518
-471.686229
-473.399062
-469.515823
-469.382530
-466.705473
-467.971975
-469.944496
-469.259763
-468.966225
-505.557487
-468.807388
-468.599978
-468.278255
-469.200634
-470.231267
-468.983860
-470.444079
-468.079308
-430.058651
-468.034204
-468.974023
-469.382984
-469.083479
-466.448548
-470.234743
-470.570447
-468.341794
-470.254907
-468.786374
-461.779022
-468.471138
-469.019325
-469.199781
-470.913919
-466.902378
-470.414626
-468.862004
-469.931973
-470.656769
-469.240625
-467.397265
-469.471704
-469.200094
-470.388986
-466.887935
-469.301165
-468.584821
-466.449652
-469.648479
-472.017136
-472.381960
-469.472037
-478.387172
-468.500962
-515.691389
-466.759409
-473.025992
-472.869576
-469.828021
-468.353024
-469.130140
-467.979915
-467.475849
-469.311361
-470.550693
-469.804093
-465.874479
-468.694912
-468.651803
-470.526028
-468.414201
-466.522199
-469.132761
-468.922820
-478.292147
-469.678085
-466.108409
-465.722794
-470.082512
-469.649424
-468.002489
-469.775636
-469.203950
-468.751361
-470.729965
-468.548441
-469.177535
-469.176888
-469.545125
-468.730638
-473.382399
-468.179314
-467.558314
-468.407709
-471.453137
-468.764082
-469.553399
-466.523430
-467.380557
-469.845273
-548.713395
-470.734188
-468.264772
-468.658609
-466.560539
-467.648645
-470.620050
-471.145130
-469.618972
-468.808086
-475.907009
-466.851486
-471.868481
-469.614007
-474.951482
-470.730164
-468.247406
-473.806531
271.604442
-1598.285483
-469.579228
-464.414368
-468.892913
-469.364529
-468.872919
-467.698671
-470.332138
-471.714799
-467.778017
-543.057357
-463.851764
-466.567931
-469.326882
-470.019983
-466.953692
-469.559341
-468.433112
-470.891419
-469.275677
-470.372334
-461.886121
-469.755689
-469.269687
-469.387208
-469.906648
-469.918018
-469.450598
-467.532158
-470.073988
-472.296936
-469.096791
-469.770309
-465.774964
-468.732254
-470.097164
-469.441885
-460.724138
-471.476199
-470.993332
-485.785974
-467.859942
-477.164369
-464.624967
-469.687915
-469.390410
-469.114359
-467.355968
-466.099906
-469.212754
-469.046331
-467.550150
-465.720635
-468.937441
-469.820856
-468.429986
-469.489704
-470.175232
-469.904734
-470.633101
-469.059800
-467.542587
-476.641935
-467.746797
-469.011250
-466.856378
-468.599228
-466.519471
-495.234159
-467.480789
-468.831534
-468.926922
-469.321000
-466.520851
-470.167265
-469.576066
-468.094425
-469.539058
-470.337479
-470.341255
-470.298655
-464.970546
-468.370579
-472.875300
-469.051372
-469.608541
-472.794567
-467.395811
-467.930458
-469.633546
-467.837733
-467.921366
-468.520336
-469.469942
-470.483516
-470.791788
-470.839650
-466.176056
-468.715488
-472.498666
-470.373918
-472.824504
-466.282132
-469.542956
-468.749085
-470.476376
-469.549401
-469.442506
-468.945232
-468.403203
-471.506460
-470.489799
-456.194178
-468.824777
-469.772656
-988.013427
-467.860537
-469.213518
-472.443598
-467.674676
-469.905503
-469.312714
-468.873505
-468.677591
-468.987756
-468.807262
-469.149562
-468.072726
-468.660852
-457.596112
-468.751113
-469.153072
-468.702924
-468.055524
-468.900671
-464.430199
-468.510432
-470.261796
-468.916975
-468.669419
-469.080690
-468.473282
-468.342966
-470.997728
-470.517943
-469.704887
-468.841780
-470.309106
-473.688883
-459.058866
-470.450189
-471.000833
-468.281004
-463.277184
-468.494701
-468.630390
-470.588072
-468.272119
-465.795505
-468.673561
-469.791690
-467.239181
-468.752380
-469.220123
-469.917000
-468.511855
-468.504168
-464.467327
-468.748549
-464.103176
-469.639847
-470.731187
-468.847030
-469.629615
-440.434704
-468.884782
-468.970310
-470.012135
-468.378285
-468.547157
-466.865306
-468.928066
-469.486397
-468.728381
-476.162743
-469.332965
-468.298274
-501.619169
-481.827744
-469.897194
-469.332471
-468.630307
-469.396702
-465.549812
-468.115163
-468.983263
-474.893086
-469.505347
-627.236475
-470.272902
-469.433880
-476.060113
-467.957386
-468.635625
-468.144769
-467.836132
-469.410304
-532.899103
-470.717804
-468.046869
-466.779288
-474.719509
-471.706604
-469.494074
-476.047536
-468.994960
-469.569483
-469.169108
-468.840723
-468.555911
-467.524999
-471.578740
-465.129915
-468.894676
-467.857597
-469.512943
-468.724670
-470.012338
-469.529269
-468.676837
-469.391978
-464.057624
-468.957049
-469.437075
-464.615309
-467.884799
-492.392178
-468.344417
-459.872142
-468.895454
-598.536438
-468.761191
-470.232341
-468.232216
-468.340081
-468.709863
-468.903833
-469.258534
-466.250125
-466.574858
-484.387019
-468.775542
-467.752732
-470.235229
-469.353248
-469.489286
-469.127233
-463.518325
-468.616640
-469.383975
-467.905838
-468.217448
-469.212846
-450.191525
-469.705914
-470.670197
-468.928224
-468.570527
-468.463428
-476.288670
-470.718410
-470.446598
-469.912842
-469.501544
-470.423676
-469.873162
-468.134655
-472.710851
-444.459814
-470.031041
-472.869512
-470.782733
-469.261442
-469.320952
-468.877778
-476.628488
-464.388342
-469.201447
-469.303620
-469.122784
-468.433714
-460.187209
-467.127316
-462.794993
-471.905678
-468.952050
-469.074474
-469.139949
-470.001868
-514.732801
-467.657104
-467.880069
-467.683530
-457.468537
-477.853468
-467.282461
-468.575739
-469.049490
-468.401849
-468.865338
-468.437982
-469.906232
-466.109036
-473.088018
-469.393548
-468.519160
-467.797061
-469.622561
-469.841883
-474.550352
-478.622131
-468.597624
-467.237337
-469.310106
-475.997136
-504.919399
-469.537657
-468.381016
-469.009810
-470.017960
-468.229599
-471.135809
-492.396594
-467.975025
-470.249529
-468.924930
-469.785924
-466.219626
-468.856938
-467.999603
-470.891781
-465.182138
-468.930437
-467.994450
-470.009808
-462.902458
-468.174518
-468.568092
-453.421291
-433.264463
-470.256654
-469.440326
-466.752786
-469.995290
-469.651120
-473.694035
-472.345608
-471.526320
-468.591257
-468.758243
-469.308163
-469.296325
-469.421428
-469.201383
-468.699435
-467.785759
-466.579949
-469.570194
-472.165663
-469.780063
-468.044179
-469.585532
-478.940884
-470.475637
-435.901909
-468.856290
-468.204295
-468.443889
-467.668378
-469.077105
-459.723377
-469.133653
-461.760257
-469.047425
-468.900313
-468.225091
-470.885535
-469.365257
-471.798642
-468.327749
-465.445335
-471.802377
-461.743948
-470.240888
-469.922526
-455.056442
-471.006237
-469.576942
-267.257040
-469.718521
-465.925850
-469.411774
-470.300405
-469.675689
-468.302646
-459.154423
-470.493021
-338.831303
-468.574987
-468.956582
-470.087772
-464.870279
-470.280933
-472.984124
-468.822361
-469.050010
-469.263710
-469.930153
-467.577913
-468.783046
-469.298320
-469.386026
-468.298568
-471.251024
-469.922641
-465.674389
-501.933368
-470.534198
-468.851835
-469.220727
-470.030747
-468.392858
-469.089528
-469.562593
-470.723026
-468.058937
-468.108657
-1085.785748
-470.593047
-468.846551
-465.775077
-474.425381
-469.044965
-470.375640
-470.193807
-470.944747
-388.129870
-469.416431
-463.018638
-467.151501
-468.629772
-469.220391
-501.604970
-466.562509
-468.456478
-469.348698
-481.969818
-471.604321
-469.590633
-469.706977
-469.966937
-469.607236
-469.778797
-467.023217
-468.909833
-468.254052
-468.954194
-468.808424
-469.445461
-463.274319
-470.055205
-496.927312
-474.954436
-468.293502
-469.948692
-466.764394
-469.053070
-467.192646
-468.281022
-469.188216
-469.061575
-468.501837
-468.027758
-466.762808
-471.122708
-468.628998
-469.782459
-363.539379
-469.739647
-469.668602
-469.764747
-468.433985
-467.486027
-384.971517
-469.674433
-454.827574
-468.486873
-469.472996
-468.516573
-457.843532
-471.826149
-468.102693
-468.623249
-469.281436
-467.963733
-470.473912
-469.776747
-465.898028
-470.483952
-471.078822
-463.426654
-470.397626
-468.630879
-466.119544
-467.400528
-461.586159
-471.757885
-478.167234
-469.408541
-469.648054
-470.424041
-454.221150
-469.937874
-471.016449
-471.391609
-469.746739
-270.305171
-469.400591
-468.404848
-445.900218
-469.585923
-468.183816
-469.052588
-468.046784
-468.518372
-469.974737
-469.246996
-470.302892
-467.756954
-469.438898
-469.035949
-467.733623
-470.111327
-473.218688
-469.330379
-469.162900
-469.619340
-466.794810
-468.557003
-475.509389
-469.471364
-472.289962
-472.620331
-469.790047
-466.019337
-469.259815
-468.800609
-468.040730
-468.848623
-468.956233
-471.076948
-468.939336
-468.881177
-468.947814
-468.584664
-469.263569
-472.190448
-472.309374
-468.663940
-463.916267
-467.450088
-470.424359
-467.746216
-466.729289
-469.611114
-507.961974
-469.096361
-469.696489
271.006758
-467.107875
-469.272113
-466.479886
-468.330284
-471.929426
-469.024737
-464.538183
-468.902927
-459.067739
-468.908426
-471.685435
-467.580656
-469.533424
-471.281202
-471.471716
-469.349775
-471.085166
-469.809543
-477.082616
-468.688116
-457.624184
-467.554970
-468.818748
-453.927148
-470.730032
-470.265815
-468.966929
-465.161872
-468.040949
-474.736919
-465.492550
-468.166087
-469.073291
-465.921976
-469.054631
-469.868168
-468.382117
-469.627308
-469.698700
-468.651034
-469.410359
-470.130743
-468.151466
-469.815341
