-211.342888
-232.559685
-214.493867
-214.142125
-213.701291
-213.796616
-214.037579
-207.668859
-214.056447
-212.149094
-193.258751
-305.838824
-211.527823
-213.907242
-213.586944
-184.914438
-214.400330
-214.131620
-212.597480
-213.956669
-210.652979
-210.943195
-213.996620
-213.995217
-214.040247
-213.501719
-195.803348
-211.913698
-221.105087
-214.314487
-213.181224
-210.248289
-212.356530
-214.680516
-213.934574
-211.554720
-212.945200
-214.560110
-212.466270
-213.447528
-214.047323
-214.777269
-199.547256
-213.531361
-213.355293
-222.656151
-214.465038
-211.076258
-213.380477
-213.144460
-212.769923
-213.421889
-213.286403
-213.443402
-213.469772
-212.403196
-212.781100
-213.764103
-213.825543
-214.072546
-213.888307
-213.078906
-211.898155
-213.162514
-213.579024
-213.140071
-212.917542
-214.959656
-210.882699
-209.436717
-208.912327
-211.223635
-214.035076
-212.362651
-212.731693
-216.087905
-209.886237
-214.714381
-213.575930
-212.565231
-212.925969
-212.137546
-214.242828
-212.016391
-211.562314
-213.654132
-215.680552
-212.369036
-222.755861
-213.291343
-213.905124
-213.457101
-213.130365
-214.959581
-212.738917
-213.375042
-212.850539
-213.430917
-213.141881
-213.612194
-198.920501
-211.808784
-211.956151
-213.486681
-212.295857
-213.422375
-213.848843
-214.191752
-212.964919
-210.481182
-213.056071
-214.075009
-214.192424
-214.036858
-212.434804
-213.384827
-209.187351
-210.796122
-213.374254
-215.664607
-212.079757
-214.510413
-212.656967
-213.192014
-212.980575
-213.218647
-213.265302
-213.261129
-214.127971
-211.509179
-212.794517
-211.363952
-210.078889
-212.889310
-216.196828
-216.335644
-213.599021
-211.688390
-214.157870
-219.992589
-212.248247
-213.554318
-212.880933
-214.330506
-213.642157
-214.459901
-213.829260
-213.382660
-205.424745
-214.805546
-207.256897
-214.164490
-213.186085
-213.731539
-213.141865
-208.765505
-212.005660
-214.847546
-215.109355
-211.798148
-214.065980
-225.846692
-205.693903
-212.202505
-213.431843
-213.774189
-212.766587
-212.654451
-213.251979
-213.429803
-213.294318
-212.936819
-207.590589
-213.086536
-213.692060
-214.088427
-214.084238
-204.781659
-261.133962
-213.718848
-215.749708
-213.890100
-214.885661
-215.824382
-218.494151
-212.938129
-211.872960
-213.210505
-211.160994
-215.850966
-213.715140
-213.842705
-209.625512
-211.113833
-212.430906
-212.916599
-213.638888
-212.751243
-212.868261
-214.423037
-214.114775
-213.362913
-211.951533
-214.105178
-214.545856
-241.771913
-211.940066
-212.864509
-213.450246
-213.093089
-213.117705
-213.175084
-216.077094
-213.022925
-213.884584
-209.855160
-213.656390
-213.133784
-213.204808
-216.672481
-213.533058
-213.430417
-216.699712
-214.428043
-213.703933
-213.968298
-222.266494
-213.089905
-214.707691
-218.905899
-214.507233
-207.660628
-214.464040
-214.949451
-214.813340
-213.850616
-213.219397
-212.925041
-209.295978
-216.641496
-211.992215
-212.412828
-214.792403
-215.610632
-213.424320
-225.902892
-213.929965
-231.193253
-209.015985
-213.618950
-213.151522
-210.065155
-217.370099
-213.241975
-213.999820
-219.040302
-217.235951
-212.837981
-202.486649
-213.730568
-208.010435
-212.140956
-213.765849
-214.274169
-214.340835
-209.805607
-204.114002
-214.566425
-218.360753
-211.452187
-214.764677
-214.858595
-213.085929
-212.400501
-212.620783
-216.814005
-216.079082
-214.428967
-213.707383
-212.980120
-213.408307
-213.233767
-215.254824
-213.330887
-212.951201
-214.525278
-213.929862
-213.672028
-215.252277
-212.630702
-215.119709
-213.158978
-220.046255
-214.347916
-212.374477
-213.668836
-210.513387
-212.278955
-211.882642
-199.809603
-214.930227
-212.092523
-214.925562
-214.907814
-213.266691
-212.821691
-212.885727
-217.304445
-213.318490
-213.311948
-213.426072
-213.683912
-212.841429
-213.382513
-212.539882
-207.914437
-213.895244
-213.237176
-211.960975
-209.492757
-199.795126
-213.304621
-211.763559
-205.743693
-212.930755
-214.222792
-211.411590
-213.009277
-223.279719
-216.458902
-213.018052
-213.335293
-212.404395
-213.172985
-214.408004
-211.964065
-213.540370
-213.336010
-212.652281
-213.308216
-213.461655
-213.563984
-198.460402
-213.030846
-227.193409
-213.378842
-212.835254
-212.683423
-213.822515
-213.267365
-213.758990
-212.845873
-210.794436
-214.383557
-213.262573
-215.677430
-210.939481
-213.046158
-214.603116
-231.542082
-214.744692
-213.100202
-214.255164
-212.431921
-218.120325
-215.652102
-213.485083
-219.924762
-213.130481
-213.806809
-212.000133
-208.901818
-214.049020
-209.004336
-214.091457
-213.504917
-215.577609
-214.213748
-213.018908
-213.445933
-214.877043
-212.574870
-214.710342
-214.720988
-210.882921
-213.514193
-211.012120
-214.177134
-207.054214
-190.468813
-212.874581
-210.396607
-211.152964
-212.496364
-210.336732
-213.392782
-213.481926
-214.190970
-214.529110
-215.358463
-214.164399
-213.514337
-214.438621
-213.498604
-213.871613
-214.672028
-198.357286
-217.756999
-214.531896
-213.835646
-213.629256
-213.574108
-220.198885
-213.657300
-212.804016
-213.379692
-213.579018
-214.128116
-213.178788
-212.727149
-212.909349
-211.536666
-211.987695
-213.501637
-213.332021
-215.568085
-213.048567
-215.188087
-213.147955
-214.660580
-213.256929
-213.967643
-214.627256
-215.710313
-211.820533
-211.526387
-213.779776
-214.774555
-213.442215
-215.467737
-213.116506
-213.291507
-218.049088
-214.954154
-212.293881
-216.215370
-212.968506
-214.388783
-212.494907
-211.538743
-213.234263
-214.563087
-214.422389
-212.047901
-224.678505
-213.611739
-72.979962
-214.241971
-213.169936
-214.596882
-214.487266
-213.097835
-213.804168
-214.325863
-211.640049
-213.680869
-215.188725
-211.729954
-210.687453
-212.250545
-213.931936
-213.751785
-211.689898
-215.771326
-211.391841
-212.794968
-213.674750
-213.524467
-218.346397
-209.309789
-212.779790
-213.946296
-213.510266
-214.070149
-213.174983
-211.066652
-211.189799
-213.898258
-213.169337
-215.044360
-213.538016
-212.621318
-213.647340
-211.729189
-212.698609
-181.405675
-231.964457
-212.412396
-196.995697
-207.580417
-212.699132
-213.233809
-212.729357
-213.644731
-213.875783
-213.839528
-216.263590
-213.797244
-213.211067
-213.139713
-215.561168
-154.231532
-207.893774
-214.268667
-211.961368
-205.665843
-207.790913
-209.514423
-213.222496
-212.992731
-213.146544
-208.565498
-212.809724
-212.223077
-211.874546
-212.915513
-213.889995
-212.346252
-213.507194
-213.104149
-213.537923
-212.607340
-236.281253
-213.252661
-214.919222
-215.238209
-201.346079
-213.646180
-208.222226
-212.734611
-207.832501
-212.372123
-211.919903
-212.932325
-213.143810
-212.842991
-215.388955
-219.122209
-212.744274
-213.048482
-213.959626
-211.410200
-213.070939
-214.476766
-211.753730
-214.573556
-213.815005
-213.221157
-215.132057
-245.776006
-213.048323
-211.603424
-211.955097
-214.105881
-214.615290
-214.984534
-216.044794
-212.810669
-213.233270
-214.173236
-212.652497
-214.003303
-215.741678
-212.861984
-214.295165
-210.430354
-212.901031
-213.435673
-213.184896
-217.753928
-219.175262
-214.329428
-215.708495
-213.118287
-212.386813
-212.365375
-212.990500
-216.059296
-214.858550
-204.576710
-209.122359
-214.902296
-213.437278
-213.721084
-213.268946
-211.287801
-213.991024
-215.579056
-213.574921
-191.044622
-213.321007
-211.380092
-186.712426
-231.610119
-210.318165
-212.904713
-213.507853
-214.400179
-213.707759
-213.946000
-213.031740
-213.682641
-213.566503
-210.331746
-209.934138
-214.168788
-212.403803
-215.997390
-214.655046
-213.068599
-197.530291
-216.097641
-207.749128
-214.624013
-211.215427
-213.516115
-213.156231
-212.866709
-214.782031
-216.181731
-212.111194
-213.129107
-226.920313
-206.864925
-209.527734
-213.263991
-215.038266
-205.714581
-217.503863
-215.344966
-212.904906
-211.751071
-210.905747
-212.212152
-211.753057
-218.607328
-213.415492
-212.635793
-212.417339
-211.703612
-223.004909
-209.879425
-212.339297
-212.536783
-211.437462
-215.159718
-210.384182
-213.671744
-214.874573
-214.200262
-208.102516
-209.653244
-211.826020
-190.214821
-213.070218
-213.806396
-213.197262
-214.093233
-214.611460
-226.175419
-214.726248
-212.457766
-211.688070
-212.616777
-213.531848
-211.915679
-214.207084
-211.956251
-214.992300
-210.503481
-212.437024
-212.906810
-212.666600
-212.741465
-214.334732
-212.326091
-213.879069
-213.862784
-215.263774
-214.003967
-213.643811
-213.935989
-209.713697
-217.016847
-213.997126
-214.372279
-214.621102
-212.342099
-213.211745
-213.453047
-213.689370
-211.635331
-210.473069
-217.489889
-213.024629
-211.765817
-220.433465
-216.029444
-213.977067
-213.034071
-212.664226
-212.489710
-212.797756
-215.218235
-213.713472
-212.506222
-213.607829
-213.335910
-213.812246
-212.834769
-213.916282
-213.414599
-214.561527
-214.281962
-299.955242
-211.356200
-213.916719
-162.261817
-215.236295
-212.278764
-214.319031
-213.485213
-216.943965
-212.182161
-209.714067
-213.494125
-214.236160
-211.417839
-214.947312
-211.819771
-210.234842
-213.510611
-212.164239
-219.300849
-203.502803
-213.939917
-214.761352
-212.864865
-216.341090
-213.543978
-214.792165
-214.377945
-211.477715
-212.924857
-213.518045
-226.097662
-213.468199
-222.498443
-217.362743
-212.558688
-217.305263
-212.464615
-211.408596
-214.542734
-230.406140
-210.409133
-212.291376
-217.533797
-249.213436
-215.745966
-204.674362
-210.151285
-210.712158
-212.612279
-213.163062
-221.276401
-213.344053
-215.192452
-207.051839
-210.975741
-213.153541
-212.627958
-214.702768
-214.133725
-213.276006
-212.754166
-213.832760
-211.127826
-213.135828
-205.950324
-215.355028
-209.704556
-214.394153
-215.107428
-214.162736
-212.816178
-214.412805
-214.043136
-213.020691
-212.653304
-207.796113
-213.314420
-202.759340
-211.988510
-199.743790
-210.024522
-212.973674
-212.027463
-214.311210
-213.044310
-213.682359
-213.412970
-211.908375
-213.134800
-214.118537
-191.306868
-212.796304
-214.813577
-211.681988
-213.998289
-212.043363
-213.229962
-212.444396
-213.051973
-213.715656
-209.702911
-211.738573
-212.728459
-214.605736
-211.858666
-212.662059
-215.552126
-216.461557
-214.183735
-212.392488
-212.836900
-213.141929
-214.063827
-200.279264
-212.027326
-213.846154
-213.705955
-206.106029
-214.106185
-213.590661
-213.997063
-209.195086
-213.885332
-212.640506
-214.123438
-214.607651
-227.433597
-212.346020
-212.469199
-214.496613
-217.457352
-214.548658
-213.467672
-213.005177
-214.761360
-212.763646
-212.787103
-214.241314
-212.882219
-210.318668
-211.080063
-213.340768
-205.643035
-212.811129
-206.120870
-214.516493
432.396737
-201.369039
-211.504383
-213.157413
-212.415518
-213.101492
-212.677115
-210.678446
-212.911355
-212.826131
-212.566283
-213.512941
-210.915878
-214.300705
-212.547550
-211.556500
-214.461820
-212.587187
-212.588290
-212.625046
-213.259724
-212.281627
-225.601701
-214.905763
-213.811392
-213.174795
-207.183687
-211.624515
-372.939561
-212.550791
-211.883686
245.055716
-213.060258
-213.129937
-214.205344
-214.292206
-216.704614
-214.715928
-212.660850
-211.453640
-207.536250
-212.891166
-211.056357
-215.696101
-214.094903
-217.949947
-215.094675
-214.007404
-213.155755
-228.139788
-213.172063
-218.330081
-214.224561
-212.107264
-214.168367
-240.230621
-207.026695
-211.602117
-217.880944
-212.769363
-212.915904
-212.025041
-213.302337
-220.695158
-212.904645
-216.639433
-215.416499
-218.929111
-212.038412
-213.743423
-212.589691
-217.076148
-213.289798
-213.503006
-215.543151
-217.554740
-213.693582
-214.275134
-212.467451
-213.547120
-211.507173
-213.603917
-213.715445
-210.949977
-213.093583
-213.083169
-213.297693
-212.793287
-214.151634
-216.102521
-220.371560
-214.863171
-212.176262
-213.848830
-211.352316
-213.269388
-210.989571
-212.997384
-216.736347
-214.205444
-213.546767
-212.118724
-214.924892
-213.602124
-209.390771
-220.044846
-213.191873
-202.591091
-212.918295
-210.481095
-214.081435
-212.907563
-212.826370
-213.654041
-213.290325
-213.686548
-211.263332
-210.904493
-221.154962
-197.634315
-212.762022
-212.562170
-215.446106
-214.072051
-212.489157
-213.910044
-219.431449
-216.004807
-212.383134
