328.307751
327.800583
325.021143
329.203568
327.137333
327.785167
329.009361
325.951521
328.533894
325.243230
328.944256
323.892448
324.856413
327.049393
328.172142
327.812050
330.245954
328.130801
328.309348
328.271417
329.406692
328.830800
327.798115
328.610778
328.092727
325.516815
329.254237
329.229141
330.100577
326.748418
329.397596
328.552938
325.101871
327.308076
333.793356
341.014854
330.632723
329.784259
329.583531
327.560750
327.615368
330.928648
327.459627
328.618006
326.692811
325.950255
308.039919
304.110029
327.162097
327.354224
325.277534
327.929018
328.037676
329.644711
327.663493
328.235652
323.606499
328.531267
328.140619
328.126891
328.584040
330.266029
328.639125
314.542503
329.368316
328.211707
327.203132
331.357655
327.347260
328.148301
323.053160
320.898473
331.221066
320.348122
326.770452
326.634348
325.925954
328.100936
324.797583
337.506119
328.785492
326.537175
327.769430
327.029838
395.939984
328.110274
329.115424
328.450012
326.216532
332.912348
328.809301
330.210198
329.063522
328.019141
332.988363
330.400074
329.723382
330.421247
330.500022
328.187224
328.044080
328.104195
329.637304
327.182721
326.248540
327.901429
326.810552
327.487450
327.291670
402.967272
326.822811
327.199744
329.359690
331.567303
368.259031
328.871505
329.235656
343.292776
327.723292
327.926420
327.074671
327.645578
329.644299
324.738264
325.571217
328.358208
319.643759
327.664179
328.651351
336.359629
329.277256
327.814412
325.008681
328.472045
328.512080
329.349714
326.992083
329.773588
329.337698
328.660287
322.199983
328.010010
327.878775
332.084936
328.450385
302.981601
328.107537
329.036504
326.900309
324.674160
330.015951
327.745864
327.170839
327.860244
330.558227
329.363401
328.490746
327.789543
317.290929
329.623799
326.116069
327.084962
329.870755
328.374075
328.267038
327.422068
334.893863
368.659315
327.660520
327.909818
328.995952
328.299349
331.960057
325.529436
330.821941
368.791212
330.401275
331.516610
328.761295
325.620352
331.166580
328.136034
327.911192
326.672993
329.303801
328.693545
330.551480
328.513239
328.225165
326.913879
330.452994
327.319814
329.620691
327.285861
328.507916
327.968293
400.936645
328.980395
328.605348
329.593084
329.682639
327.480083
334.536597
332.757881
333.878537
328.103243
325.940685
330.111594
325.088290
325.380083
334.106532
329.279287
327.398746
327.202398
327.228909
328.997102
331.194642
329.907062
328.948156
328.554584
328.418360
329.385795
328.789813
325.019962
328.651525
328.207483
320.654402
327.553666
328.347870
329.043303
327.229376
329.028288
329.087263
332.345744
328.330069
329.301309
337.095612
328.115632
324.513769
330.931760
332.004496
329.682432
331.896391
327.978520
328.512010
328.743312
329.192464
337.839657
331.726264
328.176093
328.664082
329.853062
325.940887
328.858991
349.808306
327.174929
328.691191
330.143185
328.169691
330.027794
330.724844
310.194474
326.896223
329.687157
328.700783
329.303657
328.568152
328.662969
329.897263
327.987751
337.541104
327.800971
328.257319
328.501461
318.225884
326.305120
329.770200
327.381988
329.425077
329.069025
316.792092
325.912682
327.278935
329.271924
327.157038
326.745580
321.922146
330.648845
329.760762
330.703483
327.793109
309.503566
311.796258
328.140997
330.695438
329.726560
328.299519
331.425227
327.943217
329.555476
329.455150
331.660131
324.160704
330.095227
329.782349
328.072729
328.243256
327.252151
328.608338
329.175821
329.436122
327.030741
327.602892
329.331346
328.595961
326.874224
328.189460
239.765053
326.710201
328.471866
327.839019
329.649115
328.681163
287.518894
328.866518
330.008272
328.016280
328.422300
327.815637
329.678837
329.146645
329.883976
327.028227
327.805850
324.653094
334.152362
300.254232
328.375966
328.638656
328.538276
332.344248
327.981860
328.939572
327.402488
328.655246
337.225804
326.968745
335.543802
327.671869
317.589878
328.424031
339.100404
328.172141
328.732260
330.717936
327.034341
328.585039
365.181770
324.132988
330.308783
329.385194
329.622894
327.236144
327.264731
321.562615
325.942349
329.898596
328.647212
326.389543
334.474873
330.024187
328.637895
334.652802
327.050743
338.272737
326.233282
327.662231
324.430844
329.216199
327.902088
327.958573
329.230211
326.956772
328.689565
323.769655
329.829787
326.883530
328.799771
328.269009
328.021689
326.835233
346.479196
327.817623
329.708102
331.679903
326.784347
328.530725
328.970447
328.274854
327.810007
326.186786
328.174925
327.341072
328.315133
328.472539
323.259893
328.089080
328.862164
328.224770
326.995284
328.237846
328.637606
314.171196
327.551237
333.315219
328.686245
328.796421
327.574261
327.467643
328.812251
328.900881
330.846333
326.700278
326.653208
327.958569
327.931360
349.055753
341.293377
328.978951
327.548952
323.959096
318.244446
332.346507
329.023475
333.211635
329.142891
303.819043
321.612877
328.262480
331.040876
329.867223
327.551742
328.269523
326.248037
323.228304
327.821408
325.808015
328.177925
329.545394
326.448807
329.049710
329.186155
327.088980
327.021740
327.966739
332.506669
330.336352
328.762899
331.780187
329.011699
328.200513
328.352217
329.940025
328.911447
328.320879
328.780136
328.800180
316.103816
329.560666
330.448446
329.695967
328.857450
326.203887
328.854443
325.737137
320.734788
328.333181
334.817078
330.163887
326.515421
328.817564
328.211442
328.570437
329.515899
330.280868
323.536666
325.900031
324.310034
328.742071
327.064183
328.112598
330.636429
328.292694
327.368210
329.425239
326.110296
330.491947
328.547147
328.554161
333.454934
325.427592
330.230636
326.984292
327.593116
337.184771
251.261660
328.254746
327.670968
327.644606
324.181091
328.641817
326.541466
330.054235
330.125839
327.892977
328.253516
327.343894
328.945161
328.191840
325.004601
326.908826
328.008007
320.931529
329.134904
328.101699
329.084043
327.259016
334.013131
330.030596
329.334586
325.015635
328.967598
320.868823
326.756907
326.751596
330.237595
306.569235
327.710481
328.504537
329.057774
327.997514
327.590587
328.112115
328.310984
329.802391
328.672884
328.252455
344.412832
328.504160
324.973178
326.050410
329.655961
326.929578
322.466170
328.542689
323.111274
328.777471
327.960370
337.588609
327.292678
330.544428
328.483843
327.198232
329.708609
328.804953
329.283244
329.323664
340.989669
327.237627
329.778956
328.302144
328.385294
323.613820
327.139459
326.455063
326.056085
328.530393
328.397351
328.495670
328.437583
327.486375
334.544150
326.952616
332.750411
325.443148
326.348969
328.537323
329.017307
341.038606
328.450724
328.192176
272.231169
331.750432
329.269696
329.186507
327.932640
328.713720
328.775328
326.473039
332.877367
330.204879
323.755015
328.997360
328.061281
327.322195
327.963482
327.960078
354.694313
331.720689
332.158765
320.833266
329.152154
328.370482
328.812128
328.431427
327.989695
328.960575
327.893770
329.080079
326.538178
326.438789
318.225367
331.220904
328.459865
329.923400
327.400453
335.549629
327.316707
333.115361
327.638863
331.272720
326.151216
328.441855
328.191156
330.875137
329.670665
328.351927
328.091818
328.024137
329.383510
330.021293
348.410748
327.777682
328.385426
327.457495
324.624046
332.206200
328.645800
329.190978
328.387941
333.696515
328.085877
327.602360
326.830739
329.040486
335.358417
328.317776
327.937937
327.984857
327.071280
319.253537
321.620526
328.314649
330.079675
345.500095
328.361850
329.157084
329.286756
334.800488
327.262936
329.164855
328.844558
327.958226
328.465472
329.265408
324.465298
326.230448
328.468616
329.151636
328.353336
330.518508
323.983108
329.436714
330.334925
329.120554
327.975349
327.115026
328.445651
327.044442
326.877020
330.269053
328.843932
327.280021
330.964191
328.421890
328.309151
333.523948
330.276010
329.128165
328.040843
328.167768
328.300623
328.565698
330.120354
329.302781
326.338903
329.148178
328.765668
329.284767
329.121314
343.209917
328.548370
328.602392
328.773419
328.407531
328.693142
326.667264
326.525460
328.376041
348.794129
328.469285
327.262728
738.501810
327.414735
327.068357
331.508945
327.743193
322.196799
328.252395
328.803931
327.728926
319.296108
318.739330
328.720453
328.891133
329.429556
328.810689
330.776209
327.602266
328.708662
328.654927
329.150117
327.754613
330.483159
363.040913
327.959127
328.720255
329.163271
328.857541
328.449143
321.943502
327.976136
326.991940
328.636905
329.205491
327.701513
330.909437
328.882259
321.786234
330.688385
325.058465
318.762116
329.961720
330.551314
328.833193
323.117199
328.399490
337.670860
328.543637
328.708593
328.610742
295.800526
326.579115
325.860376
329.018317
326.798592
328.867377
330.343369
324.776605
329.403212
328.124382
328.965671
328.865147
328.406574
328.464005
329.521096
329.008431
328.970059
328.834708
329.533145
328.870871
329.215249
329.410977
330.272888
327.712178
240.894684
328.467561
370.236429
329.286876
328.807299
326.727642
328.213193
328.544646
328.303503
328.152318
318.570851
329.397559
328.285680
328.596564
322.020763
326.707218
326.970015
327.497437
328.208096
326.309650
316.276525
328.112640
328.500609
328.871380
330.312659
329.153657
329.242896
328.593095
321.893382
328.603456
332.505296
327.612263
328.177495
325.982598
328.195395
328.528577
328.465781
351.887908
322.290271
326.282038
329.526033
328.401881
326.465238
328.004808
332.497280
328.787540
331.931298
328.284328
327.984914
323.904689
327.543801
341.490063
328.308752
328.525072
347.387641
328.464174
307.226568
351.985046
330.382817
328.727734
329.275235
330.443681
329.797364
329.045194
329.021133
328.630075
327.535601
327.763502
327.961151
325.332117
326.281676
328.325692
328.063729
327.875920
329.353807
329.063426
329.666314
326.922841
328.187432
329.043527
329.617582
328.167443
337.036660
329.142995
333.000338
328.814711
327.956235
326.640682
329.599240
335.604136
330.818385
326.891170
335.970995
329.065062
329.706037
327.953783
333.613457
329.113167
329.641801
320.312239
330.080415
328.653817
338.106249
327.395297
325.978253
328.188387
328.163479
327.362140
329.511679
329.382930
328.248370
329.192860
330.178383
316.013965
327.967001
335.389927
328.598516
330.424644
330.137303
308.810312
330.002477
326.366768
326.079820
329.583333
318.523934
327.275573
327.757235
327.826235
329.722730
328.699483
328.817489
345.360859
328.377511
327.117224
328.535817
328.244546
326.292329
329.569392
328.912409
300.824778
328.055637
329.625461
328.375092
327.899177
329.084502
329.510113
327.732190
341.701373
331.276428
328.194492
328.366980
328.142047
329.333489
326.161241
323.631718
327.988549
329.106913
342.907977
327.046524
329.115870
326.393134
328.728163
329.072480
321.635718
327.980428
329.315499
328.876533
328.436819
329.439431
326.809741
328.006615
328.249107
324.945126
332.515660
327.185046
326.708667
326.412944
328.484625
328.597870
328.830030
329.468782
328.014456
328.169849
330.600092
327.972303
328.390993
327.770194
329.012319
327.686481
327.385425
326.012296
327.938439
329.719605
330.909322
328.768609
329.366084
329.710243
329.233506
328.967227
328.441982
330.839821
327.160298
322.861988
327.723535
324.546907
