-78.256171
-78.025783
-73.869511
-76.834927
-75.270120
-76.544196
-77.294886
-79.194312
-79.169647
-80.697432
60.540804
-76.639794
-77.171004
-76.893170
-73.414525
-77.970940
-77.990710
-75.890246
-77.584274
-77.887321
-75.512242
-76.715543
-77.645746
-77.488034
-77.136351
-75.727367
-78.129121
-86.519842
-87.977665
-77.293051
-76.713969
-77.358251
-72.944175
-77.220294
-74.788499
-77.631431
-76.099385
-71.933258
-82.735467
-80.758314
-76.700597
-76.368811
-76.256359
-78.229828
-80.047877
-76.872970
-76.733304
-76.697762
-73.369846
-80.064016
-79.961695
-77.940262
-76.100396
-82.542721
-89.000700
-77.985046
-77.519162
7.568130
-89.171849
-44.246152
-78.143914
-78.991771
-76.772629
-75.340915
-77.620357
-77.761507
-74.554679
-77.519900
30.157588
-77.197629
-77.356324
-78.977618
-76.740864
-77.672923
-64.630091
-79.051844
-77.757424
-77.633558
-78.231992
-76.736200
-75.056295
-76.489728
-76.547589
242.230822
-77.312974
-155.562949
-81.944533
-78.431156
-79.259303
-76.760285
-78.249539
-77.634370
-77.129164
-76.729307
-75.908936
-76.917347
-76.575438
-77.310669
-80.069291
-77.594477
-75.578027
-74.048434
-74.581492
-75.180406
-152.191593
-59.838509
-79.240036
-76.506278
-57.926757
-101.968742
-75.167744
-74.090675
-75.676638
-73.099164
-77.194955
-77.843488
-77.841501
-75.797735
-75.033581
-76.474691
-75.708383
-85.646896
-78.916234
-94.155638
-81.146301
-77.541360
-77.061151
-80.588868
-79.965810
-82.523726
-73.159350
-77.900432
-76.225040
-76.915144
-76.732184
-79.535815
-77.304017
-75.228173
-78.054398
-76.941594
-65.345414
-74.868257
-83.863532
-77.737106
-76.235705
-72.376097
-6.997423
-76.441291
-77.861677
-76.966652
-77.050193
-73.264158
-75.966176
-76.587476
-77.187738
-77.696142
-77.599267
-69.188313
-77.081829
-78.144147
-76.901638
-78.341993
-78.352021
-85.306301
-78.315259
-84.048699
-78.487796
-63.566450
-77.473148
-76.569964
-77.499234
-77.710878
-77.189106
-81.667604
-75.419377
-77.851248
-78.163599
-76.969985
-76.403794
-73.652228
-76.557473
-79.829881
-79.086470
-71.684140
-77.546609
-78.869383
-76.499587
-81.615358
-77.920964
-76.918713
-77.243107
-97.010719
-82.241366
-78.772161
-78.232228
-78.869591
-79.329694
-76.552261
-77.549807
-77.356136
-77.836586
-77.528038
-77.167770
-76.045311
-76.862125
-75.282047
-76.588715
-72.517501
-76.705141
-76.758263
-77.461923
-77.004504
-77.380926
-78.010791
-79.780778
-78.916158
-76.694500
-78.124282
-76.470230
-77.106825
-77.062378
-76.482258
-73.002392
-78.158590
-77.143572
-78.259693
-77.981095
-77.717298
-75.201628
-76.285827
-76.101153
-75.648003
-76.499350
-78.547675
-76.632605
-75.991332
-77.378356
-77.402709
-77.994807
-77.023786
-93.247982
-77.981363
-77.544338
-78.483623
-72.172932
73.432843
-76.291235
-75.129469
-76.948843
-77.213542
-78.184113
-76.003315
-75.740165
-107.939525
-78.142196
-74.797949
-76.773383
-76.669753
-77.514227
-73.193444
-76.891823
-79.274483
-78.044000
-78.377677
-80.052431
-36.663177
-78.163769
-77.775079
-76.886997
-76.722740
-77.718986
-76.618092
-77.177302
-78.286993
-82.221217
-78.122671
-75.317853
-61.983750
-77.023370
-76.687297
-77.970023
-75.396150
-77.739699
-74.217713
-78.998388
-76.859146
-77.192896
-83.052739
-82.935740
-77.674861
-76.728014
-81.290675
-74.141852
-78.936366
-77.623140
-77.457388
-77.539324
-75.641206
-75.890620
-79.820151
-78.964786
-77.841413
-77.287189
-76.888200
-72.592750
-76.617169
-71.190063
-77.774852
-84.878363
-77.688426
-78.917812
-78.203529
-70.399554
-77.299220
-77.546546
-73.292241
-77.514858
-39.053142
-70.793588
-74.909141
-54.111661
-75.839932
-76.879022
-77.618854
-77.524160
-68.380752
-75.983819
-76.267594
-76.785984
-77.150428
-78.296244
-78.740355
-76.495327
-77.187200
-76.045214
-76.973295
-78.302137
-75.506610
-77.821862
-77.308336
-77.566089
-74.745146
-77.760683
-78.233361
-77.661886
-77.704431
-77.569899
-77.890475
-76.248892
-76.654913
-77.083596
-80.610530
-77.014551
-77.876838
-73.702964
-77.037870
-88.101142
-74.650425
-77.796568
-38.463087
-75.696747
-33.192463
-77.108516
-78.777654
-77.318060
-101.697147
-77.924339
-84.991021
-120.928891
-75.356948
-79.365765
-77.227615
-76.843025
-76.951999
-64.710702
-74.965621
-79.605837
-78.630746
-74.531364
-78.506011
-77.899907
-75.208117
-77.349046
-80.841013
-76.948335
-75.137130
-77.712970
-77.473961
-73.380735
-76.440716
-75.001373
-70.739459
-76.582188
-78.498216
-76.548288
-78.437368
-76.312184
-78.011579
-77.814027
-75.898210
-76.689218
-78.297427
-77.719822
-78.926810
-75.659219
-76.843458
-76.114380
-84.809337
-83.249121
-77.485116
-83.801499
-74.981068
-74.087268
-72.329139
-77.983601
-97.353677
-75.119436
-73.202746
-76.785305
-76.535251
-76.811607
-76.644115
-75.228530
-76.788877
-78.056308
-80.064499
-76.865179
-75.527935
-72.768595
-79.814639
-78.434535
-77.009490
-74.861747
-78.521025
-93.864464
-77.110211
-76.969628
-77.069688
-79.694646
-81.418958
-79.245693
-78.600036
-77.830239
-77.585065
-77.120975
-79.054197
-77.392437
-77.908490
-77.018074
-77.505809
-77.430541
-76.924760
-75.686445
-80.386354
-76.006226
-79.925575
-76.582543
-77.979974
-78.747947
-75.871935
-75.715977
-77.412473
-35.792001
-76.288035
-75.043453
-68.710733
-79.536788
-77.501895
-77.582651
-76.488971
-75.595542
-71.854180
-76.360690
-77.163557
-76.473326
-72.242300
-76.607977
-69.916540
-76.531804
-74.282252
-76.778292
-77.829726
-73.952916
-160.691074
-79.990495
-85.674214
-77.315528
-76.784657
-80.038285
-77.900260
-77.831174
-76.366672
-73.738083
-76.822011
-76.562689
-74.873324
-77.009994
-77.071227
-81.107532
-76.707817
-76.814657
-78.460657
-83.339538
-75.895092
-77.645242
-77.084473
-72.702416
-82.895381
-76.821824
-77.588206
-77.030638
-77.256100
-78.002341
-72.220773
-77.592869
-75.612411
-78.240177
-77.356191
-78.019203
-77.063564
-69.699929
-77.427435
-77.685165
-76.346807
-76.821579
-80.650615
-78.431657
-73.098884
-76.532558
-79.158119
-77.056168
-79.239234
-76.533604
-77.053085
-75.906079
-76.753735
-75.940564
-77.405750
-78.856987
-76.310390
-132.579537
-79.232476
-313.568974
-77.095872
-75.213197
-75.610773
-77.813322
-77.243143
-77.671274
-78.464144
-74.444836
-77.966245
-76.531558
-83.702587
-77.456947
-77.276373
-77.866214
-75.867534
-77.666811
-76.550348
-78.002773
-77.302305
-79.145803
-75.220183
-76.736765
-77.046107
-77.890222
-81.587336
-78.287031
-75.807061
-91.961488
-76.696515
-77.107315
-76.707275
-76.372084
-77.412301
-77.111704
-74.985559
-78.391467
-77.369755
-77.990243
-77.062589
-75.956434
-77.031841
-77.412992
-74.970977
-93.978497
-88.177173
-77.385976
-77.852527
-79.753109
-98.665631
-77.353770
18.382823
-78.190277
-75.538327
-77.336045
-38.290498
-77.458948
-76.633911
-76.884458
-81.798190
-76.422056
-80.479703
-76.692502
-78.285609
-73.937845
-78.724289
-77.066666
-76.208916
-76.758469
-80.050240
-80.182355
-74.561814
-74.912842
-71.062331
-101.430616
-74.782710
-86.869550
-75.187169
-77.162744
-40.496600
-75.948569
-71.410309
-78.005556
-83.924050
-78.587812
-75.176171
-74.046726
-76.122060
-66.448266
-77.229881
-77.005949
-73.070237
-77.173101
-104.102874
-77.352761
-75.080613
-78.052912
-78.427781
-76.540839
-77.285404
-71.546382
-74.409375
-77.750310
-76.725150
-76.837366
-81.012919
-74.599097
-77.980059
-76.475812
-83.010509
-82.636210
-76.663051
-77.290156
-106.589252
-77.872028
-77.166844
-77.744050
-78.603836
-80.632313
-77.453850
-78.695325
-77.886519
-78.102193
-77.222604
-76.503274
-77.716111
-95.995926
-76.624357
-77.619025
-77.404687
-77.081738
-74.349262
-78.168656
-77.162919
-79.285711
-77.744634
-77.204365
-70.290906
-73.313098
-76.501281
-77.759778
-74.002343
-88.400411
-74.291503
-77.852706
-76.999733
-76.782064
-76.605216
-78.712513
-75.684638
-74.408294
-78.617314
-79.934786
-56.091432
-77.750714
-75.702572
-76.730417
-78.985732
-77.555698
-76.691488
-78.684081
-76.694138
-89.426747
-72.952907
-75.957817
-76.976542
-77.649637
-77.743572
-52.467065
-77.394369
-79.672632
-76.172745
-76.509111
-77.051432
-77.849882
-78.172541
-66.094666
-76.242213
-89.800737
-77.863132
-81.114526
-87.005077
-76.978878
-77.657538
-77.145558
-76.168841
-78.473999
-77.369087
-82.354880
-76.981440
-76.818201
-75.512236
-77.596755
-76.584082
-77.041693
-78.833411
-77.432100
-77.730878
-78.426180
-77.899930
-76.892990
-74.863784
-76.765277
-77.080963
-77.253419
-77.305609
-77.657689
-66.463614
-77.432855
-103.590308
-76.729345
-77.529247
-77.291794
-77.396711
-76.856968
-73.042343
-79.486095
-78.144461
-78.586282
-79.548832
-81.353984
-76.979102
-75.468435
-76.972957
-76.350515
-78.321187
-81.828495
-76.615351
-76.027512
-78.790605
-77.403309
-77.336969
-73.458587
-75.109432
-69.333118
-77.251326
-76.384324
-72.058860
-76.991887
-76.082530
-80.707759
-76.846730
-75.287798
-80.018179
-77.701642
-76.883735
-76.707375
-77.377006
-76.131016
-20.298750
-75.798556
-76.786712
-77.158164
-77.793908
-78.259888
-77.816800
-77.690465
-77.737153
-76.785126
-25.281080
-76.383496
-75.441211
-78.480182
-76.685337
-87.550392
-75.363771
-76.129345
-78.662544
-86.494526
-77.253327
-77.330931
-78.288645
-75.996447
-75.791171
-74.881992
-76.929833
-77.263042
-76.320030
-77.274867
-76.321692
-78.667981
-76.119907
-54.268262
-99.486904
-76.455802
-76.608583
-77.181010
-76.614805
-76.607513
-77.800154
-77.964559
-78.626427
-77.059549
-77.576574
-74.006598
-75.229777
-72.043674
-86.328703
-77.357502
-81.118290
-93.377573
-77.238782
-80.966187
-75.661017
-29.247799
-76.596836
-76.301451
-70.488632
-78.929974
-76.516012
-75.698139
-78.638801
-72.413323
-82.817630
-77.512272
-80.560757
-76.150145
-78.242477
-76.374412
-76.158358
-77.422145
-79.870413
-76.200275
-75.060001
-63.981488
-76.143185
-77.303185
-78.043392
-75.910251
-80.332965
-76.568049
-76.613506
-77.266136
-77.003675
-77.145264
-81.901126
-77.805426
-78.102969
-77.407866
-77.801560
-75.823987
-77.390388
-78.819698
-76.946926
-87.362126
-77.228263
-77.249013
-77.623766
-77.044534
-72.392254
-77.211182
-76.996622
-78.306373
-97.245463
-76.846371
-78.888773
-77.486856
-77.398410
-77.673349
-75.755052
-76.758488
-77.119914
-73.707965
-77.866089
-76.402278
-77.706937
-77.399457
-81.658555
-85.004911
-78.638135
-70.550298
-76.441091
-78.640006
-76.832692
-78.107517
-2.544060
-77.707771
-76.905608
-79.573249
-77.274984
-76.930401
-66.913142
-70.827023
-75.890849
-76.077531
-77.389131
-77.386866
-82.509733
-77.659689
-77.190304
-77.751229
-77.763662
-76.569003
-91.353000
-76.704951
-76.943424
-76.699871
-78.083217
-75.161296
-77.149024
-77.172927
-78.625822
-77.500606
-76.316237
-79.221207
-80.218382
-78.018905
-77.324170
-76.940437
-79.889195
-76.712198
-101.385750
-80.253732
-79.536301
-75.330760
-76.934484
82.859905
-87.172999
-77.481261
-78.881021
10.282285
-77.304458
-90.674530
-42.790194
-77.106009
-78.500011
-78.475543
-70.186566
-72.320443
-29.667070
-76.389035
-74.219582
-78.835927
-76.666466
-74.662386
-81.621168
-77.031274
-77.401598
-78.082772
-77.836822
-79.084943
-77.611087
-77.981259
-78.460487
-75.959283
-76.797130
-76.766317
-76.743662
-75.973500
-78.184148
-78.447743
-77.923945
-77.012388
-76.877778
-77.586975
-76.800186
-72.129427
-75.008456
