369.522853
359.312385
359.987362
358.786154
360.623455
359.947619
358.545653
360.471616
359.929276
357.999661
358.897251
357.269529
373.344815
358.795370
360.430667
362.048018
359.328117
360.274390
358.243447
359.111080
363.615422
360.517366
360.630026
361.278726
359.531251
359.636722
359.907358
361.579845
360.873302
360.506230
348.868476
358.670884
359.567767
363.035195
307.915936
359.824207
358.855789
353.398948
373.572052
360.094318
359.411898
359.936292
359.557757
362.655634
360.574224
360.647111
359.863694
359.413993
363.879751
358.352255
359.657405
363.187141
361.920087
359.062108
358.363638
359.421696
359.114290
357.768709
358.964171
358.771428
357.861948
360.084955
358.533755
596.220260
359.490980
360.859417
358.520239
361.069257
361.230210
355.938188
360.816016
356.803231
358.523214
362.228679
361.245646
356.378941
358.622147
359.164647
360.649618
360.513062
372.357292
359.708229
359.719939
354.877912
358.815474
358.138083
361.008164
360.022172
361.903789
368.445943
367.073317
361.226246
360.364867
358.866228
359.035172
360.392100
358.228955
362.160087
361.990113
359.511331
359.250597
359.741147
353.723473
359.933709
360.456098
360.194289
384.650479
359.511652
359.427485
380.211530
360.769009
359.232304
359.574718
354.127140
361.251854
359.656806
359.945371
361.037620
316.180545
361.083360
356.151778
359.182362
356.605054
357.216939
364.507727
358.853597
357.686415
359.473574
359.426169
359.603517
367.832156
358.937318
355.722860
359.240846
363.690878
360.135205
365.170531
359.278735
359.694078
358.383180
358.593358
360.751482
358.965309
365.755197
361.431291
359.433963
359.229700
359.442961
359.632546
359.271473
345.705144
359.989196
347.661704
359.355869
359.447760
359.731175
360.835309
441.286514
361.484828
363.901758
358.960237
362.401906
358.968785
360.571429
358.501383
357.592878
359.992008
358.228197
359.125224
358.244214
360.514336
359.813245
361.093275
359.343137
358.632642
357.169994
360.881628
352.982404
359.857708
360.586325
359.256330
373.775595
365.919627
358.618166
360.086535
360.556479
355.067720
359.609896
343.504946
358.846558
360.071561
360.081152
360.711499
357.805209
358.813700
359.775745
358.236034
360.458408
359.958054
360.507158
358.986789
368.374852
358.753170
354.460625
360.343571
357.126675
366.138380
356.858592
361.388099
359.009547
360.337517
359.172883
359.897490
363.971269
359.364474
365.241964
368.950561
359.445941
356.231760
361.360694
360.912802
359.672028
359.140329
357.769819
356.988890
263.596951
359.463466
362.590913
359.233531
358.438527
361.062634
360.351555
359.446987
359.301528
360.281401
359.447284
360.034855
358.893981
361.163116
358.513984
357.953450
359.776947
359.194167
357.588404
358.558597
358.887607
357.939452
365.490644
359.121826
358.208574
360.558729
356.268564
360.923889
354.255859
358.583131
361.494960
362.667158
359.622298
360.514036
358.469221
358.540575
352.177299
358.946970
359.229669
364.129239
357.763648
353.541702
358.510283
370.563183
358.658191
368.108656
359.202785
357.623097
361.683935
357.142512
357.329008
358.265945
357.966033
360.527452
360.442217
359.274542
357.282205
361.530579
362.302988
359.125116
359.017558
359.410325
360.490062
359.025957
359.858676
360.116090
359.714094
359.494971
363.072865
358.815679
357.601654
361.491164
358.891450
356.693091
348.906227
359.081053
358.608550
358.903844
357.714726
359.659101
358.629860
358.528942
358.993479
360.441148
358.758418
358.849565
360.368470
359.133231
365.083934
382.984418
360.263989
359.134770
358.967641
359.528853
359.009613
369.846104
367.264517
358.886474
367.680631
360.789487
358.446578
359.245171
359.775704
359.402460
359.110856
359.949076
358.861213
361.282989
359.253102
358.726899
362.903754
358.371681
357.503597
355.861442
349.060273
357.396363
358.116191
359.020426
358.440214
356.935149
356.362475
349.241035
361.278431
359.603555
360.282876
358.724181
364.234996
361.786250
360.000086
338.697361
360.641934
359.272196
373.822957
360.909166
356.588904
356.540008
358.788278
363.957414
355.706354
359.011109
355.414903
361.366622
358.366420
356.580434
361.691546
359.687423
360.552826
358.302781
359.705220
360.990452
360.252251
357.765541
358.613452
360.498194
355.889348
360.135362
361.390746
360.690071
346.866005
359.980853
359.997434
359.343151
353.825513
361.075909
293.926440
362.815014
359.611126
388.699199
359.435676
357.457365
356.908531
355.967239
359.954375
357.327231
358.218986
358.472684
360.087098
359.421958
358.551719
357.833225
359.207329
359.023543
360.245450
360.154643
358.856452
350.787145
346.720472
357.773037
360.702303
358.387390
358.100803
359.140246
357.591452
357.715567
359.255637
358.701552
359.772100
359.509380
361.581940
360.633268
363.789472
359.572814
357.527517
359.539894
360.738551
374.566718
351.624110
358.026526
360.064840
358.898641
359.376455
358.687780
359.022459
359.598689
359.770624
359.479547
361.832570
362.825574
358.856331
358.891289
360.277069
359.355871
359.093555
360.454562
359.199630
358.058030
360.210343
359.588132
358.763922
359.208339
358.693085
365.928526
358.862575
359.653083
359.416280
360.332751
359.189441
360.333159
360.704693
363.373820
359.015573
359.571238
359.044440
348.647823
357.821208
360.152973
359.984067
360.371658
359.325376
359.752745
360.246965
360.557471
359.048830
357.606924
360.574389
356.752270
367.739887
356.575195
357.014339
510.154828
359.892228
360.377803
360.793973
360.981847
359.262749
357.623004
359.130120
358.753795
347.940939
362.593486
358.969141
357.966467
359.584919
361.493119
359.454281
351.933735
358.542846
359.813348
358.930966
359.053059
358.047750
357.722840
359.450548
357.773747
355.973642
359.958629
359.478038
361.334473
357.207006
360.560641
354.536946
343.579579
356.002911
359.159362
357.877508
359.829646
356.009740
360.672750
361.707610
356.560789
359.096861
358.934957
357.287490
359.508936
359.158325
359.398040
356.879632
357.938225
357.335836
361.036973
358.456181
357.582281
359.689878
359.526566
355.666081
359.179114
359.163788
358.002446
362.633317
365.030638
358.555134
359.785499
360.095700
358.837120
360.284143
357.357638
360.239793
359.433141
360.893882
359.191303
391.316516
362.276227
360.380164
359.799684
360.460540
359.157895
359.036550
359.913710
360.211457
358.223798
363.225881
358.533693
364.317135
358.042988
127.503481
360.061563
362.880901
360.850251
358.059622
358.588002
358.772649
358.016490
376.940035
360.923804
380.427745
364.229287
356.175877
360.518224
359.779891
345.211789
359.240864
359.135212
359.764266
359.281065
358.565933
359.369807
361.122891
359.276912
357.157325
359.345212
360.327038
360.392214
358.992914
358.388050
358.644100
357.467588
371.125503
360.167328
359.686760
369.125401
358.646018
359.307858
364.384901
360.340261
358.470822
362.593782
360.750983
357.869710
359.941883
356.357541
359.958624
362.638368
359.270899
357.222015
357.853053
362.979142
359.468384
361.191597
361.638529
355.367644
357.963913
363.517007
355.176902
358.989813
358.471036
361.581124
361.468657
361.021508
360.364605
364.478575
355.462454
353.897724
365.897599
361.753635
359.921242
360.607708
363.696662
359.576605
362.847491
360.500707
357.399117
359.686930
356.670929
360.405199
359.138137
357.534607
358.218368
360.595328
358.388132
360.041967
358.615189
358.032819
358.836121
359.047117
394.354914
359.315661
359.155131
359.371441
360.699027
358.082684
358.611766
359.988144
360.534358
358.757233
357.908942
361.003595
360.109784
359.975883
358.961057
337.552688
359.644102
579.294132
361.752772
359.498153
363.886162
369.804034
359.210396
362.789697
358.722690
358.875424
357.768219
363.618991
359.886004
363.481908
351.710867
372.744417
359.108459
365.394813
360.275061
357.253681
360.721823
359.103450
359.631299
190.979625
361.151597
358.578447
366.362470
357.930087
359.326564
358.340389
356.834598
357.666182
359.364764
355.513462
359.641278
366.065683
362.279067
357.938812
359.600864
359.045415
359.243884
358.766555
359.370603
359.529384
358.902739
360.045662
358.660514
360.976388
360.572506
358.684783
324.009540
359.739341
359.082609
358.785008
358.429065
357.547176
357.944460
360.433246
354.892190
359.899322
360.791629
362.823165
358.839134
359.463191
359.251064
360.850399
359.688133
360.558400
359.342468
359.750247
708.250583
359.140844
360.785098
359.443534
358.637797
357.736871
359.175242
361.836220
359.168743
292.000839
360.734604
362.796660
356.559416
359.147599
362.025685
359.491307
359.835269
359.908058
357.251195
356.084813
358.134929
360.301547
360.108727
361.445308
359.312420
364.205596
355.792639
360.747058
360.163202
359.027047
358.758299
384.289238
360.189821
357.403458
359.142270
361.064002
362.288974
358.351347
359.918779
359.977221
356.716643
360.987015
359.250887
360.615278
361.212165
357.559618
361.616303
359.055799
358.990345
360.266137
345.770638
361.350187
359.803559
358.975193
358.395238
360.866302
360.063397
361.800065
358.531803
359.166112
358.934258
359.443789
357.677105
361.064514
359.391354
359.023435
356.498572
359.080798
360.023845
359.181050
360.471855
358.925682
358.683545
357.197713
360.751730
359.203832
358.165030
358.131314
359.384174
355.224961
358.314827
358.834370
360.793812
360.122545
359.269913
359.078582
359.327136
368.642396
359.183213
359.265892
359.096138
356.906528
359.505133
361.767365
356.253347
358.870821
359.046990
377.949835
359.445862
360.094572
360.004530
360.789465
354.152025
360.903225
357.560461
359.480084
361.461405
357.430678
357.933624
358.848323
359.254015
358.091568
363.964967
364.026408
361.698760
357.566609
351.948852
359.741993
360.299862
357.487445
358.700295
359.630831
358.943825
360.431166
360.884682
360.490602
359.182925
359.637956
359.104503
357.269815
356.000238
359.766708
361.423344
358.869233
360.174781
359.311160
360.880809
359.626710
363.199008
358.209003
358.580423
359.753419
359.270243
367.518140
360.063977
359.890078
359.479564
358.358900
359.754503
361.899966
352.834482
359.459593
359.536328
358.162249
356.519128
359.094290
359.811839
360.044931
357.079692
359.241129
359.192231
366.754231
379.945351
361.701361
360.229737
359.003886
359.251031
359.649740
359.249398
357.976966
359.500804
357.529771
354.241214
361.423446
359.781012
359.845034
359.611517
358.496106
360.286714
290.315015
348.999748
354.090149
359.158234
368.698403
359.778657
359.866733
360.596503
363.436978
372.094972
358.477590
359.888222
361.133094
358.680017
359.254694
361.154030
376.757578
359.507130
360.888769
358.593993
359.726979
362.818696
359.422725
359.096864
360.681375
357.640737
363.578097
362.878336
362.901101
356.154194
360.000165
357.872168
360.595305
357.361736
356.579899
358.165606
374.708183
358.876479
358.583869
354.681833
361.004564
358.647403
357.772585
358.753959
358.813297
351.968725
347.395210
361.368091
358.572464
358.369320
360.838090
361.000063
359.008650
357.067629
358.107478
357.560522
358.522157
363.232985
357.838083
358.405391
359.119166
359.260131
359.976646
359.609591
360.805417
345.311686
362.630118
359.420508
357.119212
357.858089
357.321054
345.698172
359.562603
360.413892
359.158490
357.275444
