200.183998
115.887964
117.595386
113.985108
110.208073
116.308722
115.429596
112.872488
101.827478
117.049340
114.282777
115.774769
104.466903
114.407929
103.064404
112.518278
144.287616
114.283441
111.064664
113.047669
107.769498
120.049865
117.962371
111.460862
114.909626
114.667314
112.059632
114.657955
114.447025
115.554296
119.479871
114.108989
117.174917
115.124369
118.619268
129.435892
114.493314
118.003297
116.288275
115.471832
114.374494
88.158138
113.952971
117.710207
114.827028
143.462250
115.378284
118.332777
114.690108
115.963731
111.213786
114.024143
92.324946
107.417021
113.358909
116.050070
115.377363
114.230587
116.266653
116.446252
113.652680
116.384273
121.942368
115.515261
115.038996
114.811894
116.278741
114.222263
114.826754
115.750315
115.529677
111.953371
112.699957
115.255552
113.088926
113.866766
115.130531
115.287766
115.418326
115.413443
114.425769
116.132961
130.728607
115.125805
114.936731
114.985649
116.814031
114.624638
110.435832
115.223511
116.245710
115.983645
107.456514
115.832834
117.206029
115.174714
116.971063
113.093894
112.622624
109.042730
115.503269
114.966437
115.418729
115.461112
120.185741
115.244668
113.635654
108.780720
118.313776
115.884869
113.600964
115.192760
103.461960
115.570324
114.980301
115.826265
38.302389
115.310789
116.090445
114.969805
115.736496
117.233572
116.728035
114.594356
115.018923
114.315201
116.641391
115.408878
116.569069
115.476039
115.210617
112.380717
113.914504
117.193765
115.716347
114.824085
115.391755
115.039991
114.950384
115.374033
118.341847
115.503149
116.830418
116.344858
114.784555
113.501865
114.365758
118.873929
115.678877
138.043902
118.329420
111.675525
114.754984
114.912065
119.117675
115.915004
115.395759
115.615098
115.807459
116.205648
116.492436
115.454658
112.178850
116.298857
116.065993
115.015654
116.107838
113.776343
115.914559
114.750007
117.335140
118.162948
115.006069
112.276557
115.047995
116.197896
115.287170
114.866337
111.923595
-106.746212
113.124395
115.677000
119.944146
116.744311
114.075747
120.815741
115.072768
113.091293
114.738804
106.478577
115.289372
116.209211
107.835820
115.928574
114.560153
115.105240
113.393542
106.056577
116.431759
141.400324
115.050563
121.259776
110.618177
114.555122
117.007859
114.753946
116.107726
198.758306
94.242068
130.715122
114.947015
114.750099
114.871906
114.882587
79.004976
116.503457
115.367568
115.744851
116.160812
117.016160
113.954284
115.390676
114.973033
116.445899
114.995900
115.882382
117.610921
113.615232
115.341155
115.812819
116.108176
115.914229
115.993040
115.472254
123.053183
115.284515
115.856132
109.792684
114.962298
111.321517
118.369521
115.556858
114.489412
108.179810
113.319172
114.088719
115.093444
115.991959
113.074359
114.393909
115.998650
113.579994
113.940685
114.406952
120.895412
114.053714
113.906974
70.614810
116.212403
116.436288
115.130978
114.949581
116.899350
123.852641
114.780143
113.310448
114.743551
113.582834
116.430446
116.865590
115.154606
117.117994
115.700598
114.423151
112.650672
116.432816
113.937047
115.588680
122.183936
115.057318
112.526949
115.102258
115.646393
118.979720
115.332009
113.625179
114.158572
117.101551
111.676743
-653.920151
118.121363
116.889408
112.350041
114.867100
118.552169
114.564390
116.913274
115.270351
115.376731
48.596961
115.144410
118.354452
115.887578
115.198647
114.053757
87.801076
114.853194
113.782759
115.517749
117.005954
121.183878
115.130946
116.359383
114.067093
114.475431
114.434003
115.868888
116.438613
108.565892
77.387424
117.138552
114.571586
115.547256
108.197441
113.696995
111.972451
118.491084
107.414110
115.030511
115.275921
114.895453
115.624338
116.406503
115.199198
116.051901
114.726221
114.131432
121.305003
115.124023
107.529291
121.732726
115.892697
115.869137
115.736795
116.792094
114.947767
116.889291
115.613333
116.880581
114.704445
119.574219
115.673787
116.087129
112.380969
113.696540
113.309617
115.729413
114.808222
113.607877
116.474648
111.710764
115.323380
114.656420
116.053428
115.450165
113.713610
112.346972
77.525619
114.018840
114.624391
107.175626
110.421966
114.290828
123.412938
116.339621
116.397493
116.282302
115.916844
111.275858
108.310450
116.003954
102.551509
116.889296
114.284893
115.743367
114.571383
116.781525
113.979524
117.479441
114.541406
114.272857
115.496828
114.854288
116.764184
114.692198
115.980610
115.283504
117.991620
114.580287
124.263525
114.863514
115.444932
116.021616
111.633871
114.483875
115.351933
114.901873
116.873099
123.993253
115.009414
116.409361
110.940494
113.951189
114.948057
119.534883
116.095810
112.538073
109.359491
146.055292
138.120845
115.314357
116.812877
116.251188
116.849823
115.015020
115.140433
116.373485
116.866887
115.888820
114.502562
150.837566
129.168827
122.508278
115.907640
113.803638
116.029446
115.747555
114.562424
113.783587
113.398183
115.605717
115.564003
115.413498
117.673767
114.933698
117.005420
136.047444
129.596183
122.143014
115.132518
115.821941
115.093810
114.141683
116.777368
113.530606
118.049235
111.230671
111.054955
114.049982
114.441783
114.908839
115.362614
115.095435
112.978023
112.567240
115.108767
113.653379
112.883590
113.452110
115.324815
115.354556
115.175428
110.857274
116.431901
112.453323
116.464667
117.579755
113.443821
106.797415
116.261990
115.693069
117.069888
115.137157
116.621592
115.453568
112.891818
115.490453
116.820762
153.429670
115.777624
112.366127
117.149235
116.853104
114.759403
115.614912
116.222535
111.571186
108.081139
116.777542
115.173680
110.907296
110.976981
115.737288
114.453604
115.203323
115.287475
118.012206
110.895797
114.792216
111.962877
115.356252
114.608766
118.278814
125.632239
111.340627
112.881355
117.953475
117.193327
119.403397
114.126805
115.023368
119.663293
116.408771
114.963001
114.777234
115.645883
117.367981
117.368200
115.672991
120.921399
112.133952
114.575214
117.873493
115.484732
113.685512
116.137121
126.170565
114.816790
113.935046
119.000314
115.694689
114.289333
116.356129
118.868750
121.854045
115.565816
115.200414
117.099725
114.266186
132.916098
114.445079
114.166693
115.872164
113.215675
108.586209
117.035562
116.815337
114.315934
115.763058
115.481740
115.498365
115.601213
116.613527
115.592512
112.001740
115.493789
104.928614
112.226762
117.509300
114.795167
114.853406
113.317465
111.860903
114.424620
113.739563
114.907043
116.988595
115.800091
98.113031
114.284443
102.881896
114.900439
115.618980
113.193400
115.184245
114.723766
112.697386
113.897208
118.370993
115.051513
117.353939
113.957796
119.620531
112.371939
113.323357
114.495475
114.078058
115.764491
115.728492
116.004773
114.759835
115.349279
115.043374
84.208023
121.872895
113.005418
114.348804
113.627972
116.313160
115.488165
116.808325
108.179776
115.634413
117.590932
115.182962
115.269772
107.198339
115.653573
112.154124
115.337855
115.948525
115.326986
115.044580
110.720200
99.197463
116.251775
117.194562
115.247162
106.914703
117.485563
115.618655
116.481529
115.556329
115.543908
114.485185
114.542617
112.210363
114.035055
114.419374
116.610582
115.972824
115.111124
111.307699
114.230213
113.059869
114.953219
124.993314
115.341542
115.365379
111.559137
113.993471
116.870969
115.694098
115.738970
106.293968
114.173607
120.401868
117.022365
115.532030
116.841022
117.524684
114.175731
115.315566
116.079988
115.219697
113.480053
117.021025
114.256026
118.304538
117.261124
114.228352
114.585641
106.161776
114.445207
120.295779
158.587040
115.239520
115.950924
115.954280
115.228972
110.740161
112.768698
115.648264
110.935075
118.092632
116.489910
115.154348
116.191317
-109.264487
114.795340
121.307140
115.589590
114.791388
113.195251
114.882055
116.941392
118.829771
114.078858
114.839045
116.608978
114.878284
113.236234
114.098654
115.295173
113.889902
112.941072
117.174939
114.553124
114.446790
113.420038
119.216891
117.529675
115.389448
114.456402
116.469103
107.926699
115.448190
120.762942
119.168445
115.919555
116.771833
115.321419
114.469075
116.017393
114.845124
114.019983
101.406573
114.962273
115.320416
114.876489
115.182069
137.078386
114.605124
114.828057
114.872838
117.779388
114.809968
112.688851
115.090563
2815.964960
115.084854
115.020770
113.047243
123.998426
116.177530
116.040570
114.347435
115.990082
116.220972
115.152617
114.822182
110.970029
114.220131
117.028786
114.416145
116.815646
115.408043
116.178460
115.101805
114.616688
114.331755
112.697584
115.088437
118.083122
115.199657
114.291267
114.812600
116.621462
105.976877
86.402018
119.360159
115.269207
116.196326
114.315803
112.762505
113.097984
111.155531
114.322841
116.135327
115.796348
115.921368
114.198041
112.405306
65.685407
113.454307
110.336943
114.674985
115.158091
115.859433
114.748320
114.232745
114.571680
119.501764
114.690988
113.846671
114.189662
115.704812
115.953427
116.294579
115.690204
108.479674
114.832043
208.581462
115.352976
115.122501
166.266772
120.133325
115.307936
127.273580
114.917379
113.501427
114.692439
109.333104
113.954108
115.461754
112.578160
34.509626
114.776162
117.189456
115.714282
116.405383
114.336978
113.982779
115.639939
115.455228
115.906185
121.627881
116.256721
115.255788
114.041221
112.542840
114.993996
117.044146
117.475463
114.498765
115.547273
113.942111
117.469529
113.401698
113.537658
116.490475
114.629460
114.654061
112.643311
116.577570
117.908515
115.134234
114.353271
112.327694
114.816481
116.227316
113.052019
117.483632
115.770682
116.447180
115.044336
290.476321
113.642971
114.982885
112.438803
114.322287
119.551202
115.149454
119.132266
115.453568
115.451614
113.414111
115.935139
114.464179
115.412222
111.830058
108.470724
115.743389
111.512899
114.149024
96.662663
126.481882
122.191452
116.429389
127.083505
117.578355
119.701904
116.048050
118.619436
57.036786
113.151848
115.213775
115.319518
111.772107
116.655498
115.810464
115.428954
113.223085
113.397722
114.010317
143.129151
122.713463
114.779232
115.085472
115.005232
114.568905
115.112582
113.595558
116.154229
110.543164
117.745458
115.735832
113.617759
104.802562
116.127228
114.454126
114.991001
114.905536
113.554491
115.749905
114.764003
114.891432
115.321262
114.204449
113.889754
115.804946
114.806716
115.715246
116.825482
116.427414
116.290269
115.047468
114.372850
117.582277
115.441398
116.205884
117.674494
116.557986
114.538957
115.840062
108.294814
115.557128
115.663320
81.015736
113.376853
116.718451
113.482554
114.808261
149.616991
114.934740
114.968388
117.781386
115.413351
114.741106
115.327995
116.388640
116.766213
114.380672
115.365701
114.400753
116.439609
115.270759
116.108414
116.488048
106.951997
116.464933
114.349075
115.354606
116.691158
116.541068
115.194357
115.578962
114.875633
116.727963
115.460446
115.938530
113.970145
116.056068
113.454914
103.426925
106.270358
114.569950
115.579306
116.082167
114.960170
113.111658
115.968982
115.297264
114.734379
113.344032
114.292055
115.485978
115.986686
113.482032
121.395404
114.494510
114.984625
116.184738
115.392126
116.018922
114.002830
114.226955
103.887480
116.176195
117.228907
