-487.099328
-486.631583
-486.577852
-489.245045
-486.466814
-488.190610
-497.748026
-486.135143
-501.926505
-483.021670
-487.009004
-485.943443
-495.829954
-435.105989
-486.166554
-485.196827
-485.890873
-485.664278
-485.776645
-482.361834
-482.692880
-473.457625
-485.296450
-487.648102
-486.365358
-487.853956
-486.532036
-486.262050
-487.496991
-486.106682
-486.777473
-486.882705
-486.393902
-486.354525
-486.069143
-487.088800
-487.363464
-485.710091
-485.615810
-480.232842
-485.362134
-486.492656
-487.502444
-484.848208
-476.811850
-482.605433
-483.838149
-485.752471
-482.847462
-486.761599
-429.882479
-481.110384
-485.875716
412.853959
-485.745677
-485.670429
-488.843102
-496.758943
-484.939509
-489.028529
-486.004692
-486.400361
-486.866594
-484.929349
-486.817484
-483.231522
-486.521250
-474.772074
-485.503245
-488.545311
-485.308499
-484.840799
-486.274132
-487.340987
-485.147328
-486.027126
-482.026614
-487.379278
-486.839786
-486.523063
-486.043438
-485.450037
-478.839283
-492.113595
-485.090099
-486.982033
-485.519400
-439.206446
-480.363599
-485.024073
-487.179322
-488.310885
-483.951583
-486.746152
-483.888552
-482.402128
-479.766291
-486.358860
-480.301692
-484.634682
-483.350779
-485.665363
-486.752655
-487.595156
-486.433315
-486.693789
-485.203759
-485.028748
-486.086018
-486.824470
-484.002745
-486.332074
-493.101194
-482.115430
-486.247589
-484.678534
-486.930595
-486.045762
-486.093939
-488.148230
-486.442446
-484.547609
-488.944407
-485.793043
-486.333922
-487.231142
-488.466660
-487.907125
-486.288081
-494.813158
-483.142333
-485.592920
-486.476410
-484.549509
-482.995094
-486.383065
-488.557129
-485.380210
-487.369808
-485.883021
-486.879801
-486.773350
-484.926203
-486.639798
-494.911615
-476.234239
-486.359023
-486.286670
-486.956668
-485.058759
-486.008153
-483.763938
-488.029544
-486.322167
-486.457148
-484.451680
-485.794306
-487.433997
-484.817721
-486.330664
-481.154944
-485.908535
-486.140541
-488.100844
-482.084102
-486.156409
-485.514465
-485.756979
-485.517136
-486.000772
-486.360160
-487.932816
-486.088104
-486.333235
-487.065724
-488.227610
-485.965648
-484.375942
-485.320205
-487.597148
-481.827093
-486.310388
-487.251514
-484.361319
-490.055058
-486.429823
-518.916230
-481.046712
-484.494885
-476.637675
-485.872561
-485.659598
-490.574139
-487.328718
-485.379598
-468.949305
-484.897708
-486.046082
-488.238697
-486.479078
-487.042007
-531.172846
-431.249362
-487.402551
-479.779719
-486.523928
-485.731936
-483.213675
-488.264288
-488.204026
-487.129888
-486.160440
-484.190027
-484.275768
-487.031153
-483.944015
-486.153781
-483.763470
-485.945440
-487.282912
-485.546384
-485.258995
-483.904100
-486.289571
-484.080885
-490.706629
-485.528879
-486.811358
-483.112600
-486.399056
-466.819304
-484.951299
-486.440529
-486.166189
-488.154524
-479.438937
-486.511073
-486.355019
-487.494951
-485.940197
-483.249406
-486.735317
-487.632384
-489.111560
-485.125257
-486.295900
-485.592212
-485.547024
-485.972074
-486.990937
-485.816995
-485.828309
-482.366258
-480.629118
-487.020807
-484.121526
-486.570694
-487.373518
-483.802078
-486.078177
-486.942933
-467.328210
-490.655204
-489.071189
-486.020060
-488.054332
-486.094336
-484.979384
-455.254063
-486.056143
-486.084247
-487.933596
-484.691264
-485.894226
-485.787097
-472.423217
-482.358774
-486.518173
-485.967467
-486.230916
-482.420238
-485.581499
-471.235144
-485.318132
-486.919176
-486.914229
-486.561744
-486.052884
-485.148790
-485.845285
-468.835106
-488.210321
-485.730314
-485.470666
-482.414150
-485.436810
-486.121193
-484.076588
-486.299110
-597.388998
-486.641572
-485.756123
-467.674440
-482.461416
-486.319029
-487.044303
-508.416510
-486.479081
-487.964023
-485.360973
-487.149415
-487.628231
-488.229672
-486.910860
-505.518224
-486.570843
-487.634746
-486.933284
-483.746941
-485.211627
-490.064221
-489.332735
-487.146014
-486.839174
-485.752597
-488.129044
-486.736038
-484.150148
-489.474398
-487.149493
-487.720611
-485.619184
-485.047276
-488.342775
-493.866271
-478.239491
-487.886028
-486.305911
-486.527633
-485.824489
-488.002212
-485.162603
-486.309776
-486.283393
-488.250646
-485.178052
-489.590732
-485.912205
-485.696814
-485.923075
-485.208419
-486.594989
-485.971236
-466.499347
-485.140453
-491.514739
-486.044027
-466.233243
-486.404929
-486.910758
-489.206498
-486.690114
-487.393167
-483.446681
-485.681075
-498.236427
-486.026858
-481.838973
-483.570320
-487.080332
-482.539709
-485.390345
-484.361167
-486.733550
-486.492873
-518.618573
-485.966104
-483.679893
-503.667498
-486.659305
-485.306036
-486.821886
-487.688649
-489.793472
-485.187690
-485.952094
-486.235768
-487.544392
-485.903898
-480.773081
-486.112781
-478.220576
-487.206965
-486.744235
-487.545597
-487.610559
-486.700040
-475.881019
-484.534057
-486.500842
-485.327315
-483.103059
-485.620635
-482.910786
-486.372586
-485.958799
-486.349109
-485.250000
-487.003008
-484.618418
-486.623599
-487.417481
-491.965170
-483.667763
-486.392460
-485.802134
-448.126676
-1342.391683
-491.005918
-485.497660
-486.166965
-483.438263
-483.398823
-499.380689
-487.453129
-485.327260
-486.544528
-482.275901
-478.372181
-494.506066
-488.405536
-486.489297
-484.452677
-486.888454
-485.706150
-491.270002
-486.515721
-480.750416
-569.821024
-486.613204
-485.602516
-487.317698
-484.791174
-484.308500
-486.207934
-488.787183
-487.046610
-485.797020
-494.879571
-482.195284
-471.421757
-487.607153
-484.566626
-489.616625
-481.594280
-484.488702
-487.439309
-484.801895
-486.792025
-485.556883
-486.353878
-480.049385
-485.803035
-487.588843
-485.647193
-485.198414
-486.300957
-485.905848
-482.935881
-485.762656
-485.708515
-486.301074
-488.839001
-486.464448
-480.964955
-485.484843
-463.224760
-485.786350
-486.635925
-485.854606
-485.247620
-485.328011
-493.620830
-481.525183
-483.006908
-485.956332
-494.502788
-477.570665
-502.346410
-486.808064
-486.287573
-478.256789
-481.709620
-485.217311
-490.149564
-484.980787
-485.801562
-487.307700
-486.099334
-487.611408
-484.672694
-561.059182
-485.655414
-485.827674
-488.592518
-486.631781
-486.377542
-485.579188
-484.583704
-485.676743
-455.326374
-484.372473
-484.816323
-487.422723
-488.060426
-485.790385
-488.291610
-486.403174
-485.706506
-487.230138
-486.174330
-483.550798
-488.031906
-528.307232
-488.092377
-486.922891
-462.445028
-485.690924
-487.943057
-486.564882
-487.341640
-485.415106
-484.867387
-485.428677
-489.274120
-486.766790
-486.639053
-486.239333
-485.368724
-484.981972
-486.312631
-485.814834
-488.030145
-486.364876
-489.468626
-483.520992
-484.576523
-485.378334
-485.580100
-488.065218
-485.812961
-492.762282
-491.674844
-485.003952
-487.425779
-503.389391
-478.220640
-487.346511
-486.234467
-486.421604
-485.237877
-486.106441
-488.373857
-485.892008
-486.089396
-486.691482
-483.883594
-496.565993
-484.338802
-487.072656
-485.349280
-485.151878
-488.533196
-483.900186
-485.931324
-490.049296
-490.213560
-488.865297
-486.167237
-486.058098
-485.717143
-493.375254
-486.167690
-485.484670
-486.533144
-487.197233
-479.665601
-488.135056
-486.313297
-486.796763
-490.416560
-485.639610
-485.759541
-485.914659
-485.536644
-486.933753
-489.063344
-486.821040
-483.712918
-485.996984
-490.086789
-486.201048
-484.376908
-486.366448
-485.185340
-487.321400
-485.712643
-485.884075
-485.665026
-483.312027
-481.048770
-486.144336
-487.124616
-485.947745
-487.165078
-487.144584
-478.620801
-488.000804
-481.145921
-489.050660
-486.580171
-486.098289
-485.961635
-480.397209
-486.891221
-487.063723
-486.360516
-485.725876
-485.571859
-487.719414
-484.711966
-483.351663
-479.598850
-486.092844
-485.621734
-487.455459
-486.446551
-486.984456
-486.072113
-484.169608
-485.228909
-486.324518
-485.785629
-484.651879
-485.285259
-485.637788
-486.084240
-485.298695
-486.315116
-486.408498
-485.574461
-487.713595
-487.356226
-486.397077
-476.634153
-487.675152
-485.149825
-485.851460
-488.510746
-486.571816
-489.772877
-491.651647
-485.646375
-485.725391
-484.897646
-484.048701
-485.796658
-484.270513
-485.827994
-486.096608
-486.241583
-489.314094
-484.005722
-486.643775
-485.452517
-487.273664
-483.528338
-491.053696
-485.978103
-476.776861
-486.434064
-485.590097
-485.975902
-485.855984
-485.565808
-486.275253
-487.828931
-485.133245
-484.864025
-486.124738
-479.051709
-486.644731
-486.187618
-484.815723
-488.205079
-488.723348
-485.968644
-486.409239
-486.792482
-478.453786
-486.202794
-485.323535
-487.486402
-485.743824
-488.286811
-484.987312
-485.672342
-485.353311
-487.006759
-487.152522
-486.154224
-486.063652
-484.703823
-485.866737
-486.165904
-484.860254
-482.533036
-486.688735
-496.380788
-486.797310
-485.280429
-486.800647
-486.439209
-491.300199
-492.595031
-490.292579
-493.845602
-482.929363
-484.587163
-486.199788
-479.509049
-486.822293
-481.013597
-487.287355
-487.097369
-497.480608
-484.051531
-486.693173
-485.442085
-484.458679
-484.958547
-488.713873
-486.202251
-486.060267
-486.792470
-486.647824
-486.463254
-486.735113
-501.617282
-487.142379
-484.750911
-486.491331
-499.493481
-485.767885
-485.994514
-485.780017
-485.928470
-486.059866
-481.904460
-485.250849
-481.050194
-489.069294
-486.223776
-485.893146
-486.874365
-486.850391
-486.078004
-486.796934
-486.868479
-488.801797
-486.716632
-479.079160
-485.638893
-488.446392
-490.694482
-485.191376
-485.985855
-488.801030
-493.857629
-483.752620
-486.661944
-485.023265
-471.488504
-485.702292
-486.512584
-502.288779
-486.689157
-487.040406
-487.641150
-488.698223
-487.495259
-496.641795
-485.763794
-486.701376
-483.607139
-486.493444
-485.744318
-486.036521
-492.046822
-485.156646
-486.216235
-486.558101
-486.950710
-485.261175
-483.569178
-487.275736
-487.008196
-486.812458
-480.538000
-486.228364
-484.525772
-486.471135
-488.762055
-486.572016
-486.907022
-485.291885
-484.254671
-486.467880
-485.640734
-486.448081
-485.213698
-482.084110
-471.321105
-480.716833
-487.043337
-485.663166
-486.868609
-447.041952
-487.351970
-485.280567
-483.628907
-490.969604
-487.002769
-484.743553
-485.943306
-485.333217
-486.306041
-486.807545
-486.537772
-484.150400
-487.118231
-485.821845
-487.145515
-485.689360
-485.140077
-484.524712
-486.696646
-488.818073
-484.183630
-485.875759
-484.803843
-484.492759
-485.833896
-484.772480
-520.124947
-485.081893
-485.899434
-472.484115
-486.255162
-486.441011
-485.619024
-481.167634
-621.159574
-486.135006
-474.072141
-486.675355
-486.189267
-485.455676
-486.083692
-483.818314
-487.233996
-485.134726
-487.412692
-485.647841
-485.037773
-486.240857
-488.582410
-493.183817
-485.613868
-485.437106
-484.394401
-479.245223
-491.371704
-486.889436
-484.811763
-480.768955
-485.399612
-484.246527
-486.783556
-486.237472
-491.867427
-485.633061
-491.146207
-488.461135
-485.619102
-487.951197
-487.049432
-483.533652
-486.221872
-485.716002
-487.445478
-465.579260
-486.565041
-486.702435
-512.798531
-486.140535
-481.102636
-485.867192
-485.865565
-482.491001
-486.356847
-477.621975
-486.381700
-488.654871
-486.382837
-487.861912
-486.664572
-487.278668
-484.963732
-487.733446
-486.892849
-489.596160
-485.651477
-486.554722
-486.218651
-527.051382
-487.165029
-486.753370
-486.085669
-487.131557
-484.387528
-491.517953
-502.177944
-485.340428
-486.578390
-487.521719
-492.992029
-487.249375
-486.969409
-485.304105
-484.862294
-485.525379
-493.050440
-486.278642
-485.699636
-485.235202
-484.883740
-485.937121
-486.209121
-477.832941
-480.798536
-487.131507
-493.992190
-484.028422
-485.171872
-484.894057
-486.646744
-488.580974
-499.046983
-483.536432
-485.934861
-487.194164
-482.302656
-486.258979
-489.261032
-481.554970
-486.453337
-488.646049
-486.291726
-486.419727
-487.215174
-487.435582
-484.475443
-485.260391
-486.507170
-488.528285
-486.817100
-484.713947
-485.375504
-486.369575
-486.478943
-487.088923
-486.522812
-486.319384
-484.916397
-493.803624
-486.703801
-488.918576
-488.112855
-487.242439
-487.153473
-485.991555
-487.428411
-482.297906
-491.714574
-486.361114
-485.834334
-487.290392
-499.056560
-482.273636
