-19.923720
4.726484
-6.439104
165.623248
-15.949101
-9.602032
-9.490914
-6.578539
-9.400587
-11.070169
-10.285951
-10.525263
-10.801658
-11.570326
-10.738879
-12.764060
-11.247051
-9.897837
-9.999783
-16.711688
-10.517904
-14.141552
-9.378064
-9.796615
-10.057143
-10.856677
-34.448472
-12.264645
-10.051078
-9.720815
-7.439330
-8.512722
-10.431717
-9.373048
-9.192890
-10.824459
-10.250125
-7.815241
-9.758766
-10.308802
-10.140326
-10.140333
-14.486007
-5.484033
-10.530047
-10.857052
-10.505223
-10.596617
-10.079318
-9.756720
-10.616599
-10.226528
-6.242955
-11.124863
-7.707686
-9.430941
-9.818530
-14.578289
-10.875171
-11.078065
-173.458459
-75.891999
-10.437377
-16.983738
-9.818124
-7.269883
-11.656204
-14.391424
-8.426681
-9.357377
-10.676242
-7.220343
-9.877062
-10.302501
-8.487758
-10.268229
-10.028198
-15.011142
-9.763495
-6.520279
-14.107843
-12.165681
-30.124011
-8.263093
-10.857966
-10.396807
-10.084565
-9.516623
-8.558826
-8.957551
-9.801514
-10.949274
-11.391235
-10.112987
-11.114789
-11.156636
-32.877922
-0.840997
-26.264745
-10.073584
-13.973663
-10.466850
-11.830150
-10.117108
-10.984447
-10.553762
-11.499150
-9.767233
-10.766335
-8.893644
-8.892241
-17.119331
-10.795445
-9.749578
-10.126460
-10.671886
-8.037611
-10.915041
-9.823113
-9.918755
-15.137595
-11.074108
-10.402472
-5.059823
-8.957384
-8.857540
-13.049402
-11.474974
-10.772656
-10.508558
-12.068975
-19.815535
-8.128251
-10.135361
-11.327314
-12.435662
-9.273971
-12.582735
-10.037233
-9.316435
-7.489545
-11.061277
-10.353451
-10.328678
-7.447199
-11.156291
-10.953039
-8.628826
88.219036
-11.451723
2.527369
-9.990141
-9.375083
-9.775459
-9.584335
-14.642957
-7.829737
-10.968697
-8.477450
-11.610726
-9.459238
-9.939312
-9.719769
-10.719990
-12.535733
-6.243913
-8.015229
-10.395788
0.270877
-14.937836
-13.937428
-8.959328
-8.868345
-10.971945
-9.567098
-13.441965
-7.251091
-10.578877
-9.770850
-11.179708
-13.390924
-10.348113
-11.155062
-9.020494
-10.741210
-10.562589
-11.229856
-9.606474
-10.202203
-9.367775
-5.244557
-9.593334
-10.946156
-12.964116
-9.164194
-9.433321
-10.418071
-8.573487
-9.604039
-856.294667
8.042860
-8.312346
-9.982812
-8.638350
-9.577510
-4.839071
-10.640147
-8.509268
-8.707089
-13.746454
-7.905817
-10.034539
-21.425822
-50.954533
-13.182327
-9.631195
-10.639633
-9.700414
-6.455315
-9.755625
-10.279285
-9.172267
-8.928119
-11.966392
-14.534673
-10.508878
-9.548457
-9.474314
-12.311415
-9.998911
-15.568071
-24.316036
-11.229137
-8.138575
-10.652281
-9.509493
-9.716034
-13.334328
-6.390246
0.408778
-9.674166
-10.141130
-8.336235
-11.545722
-10.445591
-10.441970
-8.460692
-8.486342
-12.780637
-9.689653
-10.686797
-3.012105
-10.272259
-10.488470
-11.298793
-13.422587
-15.429811
-9.213986
-9.424509
-9.306434
8233.250597
-9.528384
-10.745556
-11.108859
-9.144716
-10.142726
-9.423070
-7.041501
-10.846865
6.967825
-9.928988
-10.918078
-10.155406
-9.683342
-9.897621
-8.209754
-10.096586
-11.327133
-10.274222
-8.229299
-10.019612
-13.004423
-10.266079
-7.097453
-11.195549
-9.339285
-15.955130
-9.247113
-9.772599
-11.691782
-9.950341
-11.196354
-9.513490
-10.481284
-11.289008
-9.259705
-10.000143
-6.785130
-17.350296
-10.808013
-9.864837
-11.581415
-9.912641
-9.316852
-10.798710
-7.847039
-11.954965
-4.552035
-10.269369
-10.411290
-9.551902
-9.611123
-10.438251
-9.913743
-10.614553
-21.015676
-11.754534
-10.365388
-9.554399
-9.829474
-34.692076
-8.881223
-10.973391
-11.497999
-10.561346
-8.910964
-9.533528
-10.758129
-12.273680
-9.764488
-12.119057
-10.138707
-9.328022
-15.476231
-10.830470
-8.825160
-15.559127
-9.122269
-10.098633
-11.047337
-10.362221
-9.244908
-9.913570
-10.675157
-9.961807
-9.503819
-10.385023
-9.614334
-9.796328
-8.576740
-12.594231
-8.310150
-10.991857
-7.848924
-12.655957
-9.697040
-11.379671
-9.977862
-9.726691
-13.953505
-16.780640
-10.126068
-18.366025
-3.517090
-3.755325
-9.248380
-10.635599
-10.651638
20.678561
-3.725825
-8.722724
-10.264182
-10.729427
-10.504470
-11.312916
-7.934019
-10.120476
-9.849332
-14.170390
-7.345177
-9.769703
-5.435963
-10.240358
-16.377773
-40.557634
-7.972278
-11.072137
-8.808451
-10.685855
-11.103278
-9.854169
-11.962645
-8.973187
-10.648318
-10.449323
-13.651909
-10.082165
-14.857500
-9.689954
-12.226625
-9.922669
-12.107767
-9.933021
-10.272812
-9.889712
-9.558773
-11.091102
-11.050871
3.962679
-9.287026
-9.817356
-13.142514
-8.392813
-10.372489
-9.768403
-9.314741
-9.821808
-9.810591
-9.103316
-10.136728
-8.819548
-10.885790
-10.770907
-9.734750
-10.625079
-14.501665
-13.584942
-9.916073
-11.183040
-1.502248
-10.767389
-12.443197
-17.430677
-7.684148
-10.289524
-12.087620
-10.149823
10.545137
-10.406346
-9.383117
-8.503158
-7.894834
-8.560603
-10.075660
-9.448216
-10.498552
-13.325145
-11.526079
-11.072206
-11.048815
-10.388931
-6.964322
-13.537334
-9.605375
-8.565288
-19.902518
-89.511212
-11.721602
153.430346
-11.418346
-12.021445
-10.845683
-9.584560
-10.247040
-10.381345
-12.467839
-12.130203
-9.916910
-5.318694
-9.349780
-10.849043
-17.728500
-10.437785
-6.453673
-10.669683
-9.301921
-10.059114
-7.583975
-6.533778
-11.748856
-11.086533
-8.028422
-9.709259
-9.138109
-9.974635
-8.265935
-11.167239
-8.934091
-11.633647
-11.370222
6.254228
-14.474446
-11.594404
-7.737030
-11.268958
-9.795064
-10.677444
-10.847530
-22.896819
-10.588290
-8.242880
-6.561349
-8.775743
-10.310913
-7.736315
-17.158812
-4.533997
-9.893784
-9.992317
-5.672333
-8.189893
-10.283411
-9.965898
-9.676992
-15.762060
-14.630348
-10.046753
-1.000248
-11.238877
-48.542535
-10.089971
-10.399903
-10.026003
-11.932800
-8.424597
-13.046845
-9.857302
-9.310925
-9.860351
-15.328529
-5.871077
-55.862043
11.071075
-10.975323
-9.775139
-46.264251
-9.162009
-11.118649
-9.785208
18.155880
-9.705977
-10.088925
-10.335477
-8.824903
-11.277885
-10.055261
-33.635284
-11.335074
-10.432330
-36.461123
-11.231740
-5.834092
-10.007517
-9.839967
-12.117576
-6.391813
-10.894631
-10.980204
-9.080108
-10.936199
-7.448128
-7.446452
-8.397239
-10.882845
-29.818868
-9.262856
-10.528139
-12.550254
-12.539154
-110.865437
-8.297169
-9.613397
-9.208251
-9.800571
-16.788520
-10.687312
-9.564095
-10.574074
-9.580206
-9.998461
-10.787874
-4.009192
-17.828641
-9.404621
-12.642774
-25.941968
-13.706933
-10.363604
-10.121228
-8.300847
-9.856753
-10.013467
-14.010972
-14.894716
-9.330569
-9.498593
-10.617584
-8.969756
-9.660421
-11.024141
-9.581938
0.702754
-13.078638
-10.370104
-10.186663
-28.243133
-11.880192
-12.418571
-9.658234
-9.756631
-10.545648
-9.846791
-10.707843
-17.893166
-9.642508
-9.849462
-10.387538
-20.701304
-13.422809
-10.397085
-9.935500
-15.111739
-6.380244
-10.266518
-9.537575
-9.157269
-10.658014
-10.906980
-12.513205
-10.044198
-23.826654
-10.947163
27.694142
-20.189676
-10.158171
-15.018350
-6.843650
-10.096855
-14.123847
-9.183186
-17.966386
286.954919
-11.286676
-10.117166
-10.290295
-8.810493
-1.360724
-11.729371
-7.219169
-8.737324
-10.156605
-13.494953
-15.232038
-7.467639
-23.824198
-9.502194
-9.216268
-11.053069
-9.881701
-25.185365
-5.293464
-10.407147
-9.695877
-10.583602
-157.878944
-7.024284
-9.495555
-8.494323
-9.917672
-9.143541
-9.137945
-12.307936
-13.800851
-9.619022
-10.073468
-10.639527
-10.354812
-3.722798
-10.562824
-10.595106
-10.793164
-9.307970
-8.754964
-10.249412
-11.261193
-8.468530
-12.770750
-28.983214
-13.002842
-16.448899
-11.584527
-8.863101
-10.077410
-14.056733
-14.588150
-9.406481
-8.514775
-9.065140
-9.321264
-9.840815
-6.494988
-10.572207
-10.647777
-7.709026
-17.813075
-9.967317
-7.549484
10.770800
-10.080008
-10.193973
-10.519617
-11.385257
-10.532131
-6.541143
-8.610078
-11.478171
-9.774984
-11.314693
-66.916696
-10.373121
-10.555900
-9.324965
-11.862768
-10.176048
-8.998537
-9.874085
-10.907885
-9.449499
68.893551
-11.046246
-8.605226
-20.004242
-12.038471
-14.882804
-10.187795
-14.123129
-8.876518
-8.285375
-9.854831
51.858068
-9.556401
-9.226423
-11.141407
-13.920333
-9.961637
-14.738294
-10.521476
-13.162242
-10.544738
-9.820034
-11.898520
-10.798713
-10.463036
-7.572652
-11.685065
-10.219735
-8.858579
-11.915961
-9.996960
-15.771735
-9.057411
-7.913646
-10.181282
-8.029963
-14.871332
-10.603289
-12.642185
-9.483497
-9.794029
-10.520522
-12.059857
-11.804481
-14.776939
-11.140242
-9.549875
-11.474139
-7.992794
55.808791
-9.035862
-7.110799
-9.918165
-11.548023
-21.328295
-9.466047
-9.438770
17.617739
-11.358457
-10.813646
-10.470416
-9.780805
-9.694877
-14.271607
-10.258781
-2.513278
-9.222572
-9.808256
-9.997301
-10.398215
-9.745411
-10.309615
-11.110747
-10.050795
-9.346331
-10.466948
-9.839617
-9.703186
-10.576119
-8.639941
-10.235310
-10.393160
2.590437
-10.789734
-11.249954
-10.090314
-7.915636
-8.948983
-9.922425
-5.088143
-8.580646
-9.900697
-10.865370
-9.028387
-1.595811
-9.867464
-10.642354
-11.550102
-9.544060
-5.205295
-8.771767
-7.370948
-11.341202
-10.364544
-10.560870
-9.634027
-9.704709
-9.089722
-13.235909
-10.448413
-9.037862
-10.011119
-10.731115
-9.432481
-10.488933
-10.832134
-9.652046
-12.856121
-9.561116
-11.365950
-21.007163
-9.649597
-10.787104
-8.494422
-10.832174
-11.112461
-13.975235
-9.455157
-9.760302
-12.501806
-12.459028
-9.807935
-9.375346
-10.207951
-5.700228
-8.567249
-11.422697
-10.667696
-16.782748
-11.094491
-9.475198
-10.856191
-6.903720
53.243648
-11.277706
-9.804284
-10.119033
-7.019093
-7.024649
-8.417116
-2.854351
-11.525213
-12.179299
-17.143466
-10.339930
-11.145842
1.609789
-9.388331
-10.756423
-11.514635
-10.243063
-10.177872
-9.302119
-9.941407
-9.643739
-14.348701
-9.935107
-10.407642
-11.704637
-3.668038
-9.813398
-12.810722
-8.747763
-9.659877
-8.436073
-10.271786
-20.200533
-8.450184
-292.770906
30.506926
-10.207815
-9.361520
-8.353404
-10.814316
-4.686058
-7.719229
-14.664601
-9.536236
-11.508175
-10.504332
-11.303602
-9.518483
-9.785982
-78.686230
-2.506609
4.372205
-10.430611
-10.031134
-11.258114
-16.216322
-10.235608
-2.161380
-12.214155
-10.768588
-9.816067
-10.862705
-10.390476
-7.639648
-9.166251
-10.199380
-8.144749
-9.384028
-10.366141
-10.403901
-10.706414
-10.296534
-12.404586
-10.178006
-10.283467
-15.968663
-6.689436
-10.160961
-8.720452
-9.502649
-10.044506
-12.173417
-10.639956
-9.210696
-11.973764
-7.770651
-10.980188
-9.716788
-7.246355
-10.264046
1.681424
-9.556068
-9.145289
-9.729290
-12.496974
-10.046840
-7.918348
-12.627036
-2.899347
-10.449623
-12.767313
-9.422162
-11.386820
-11.303134
416.797163
-11.189286
-9.362924
-7.851187
-10.610457
-9.603003
-10.531856
-10.687485
-7.187169
-10.249229
-20.235428
-11.569685
-10.558576
-10.649589
-10.323625
-10.383456
-10.500528
-10.280730
-24.366644
-10.038463
-15.039757
-10.389207
-8.012015
-11.210041
