-407.699060
-408.169568
-407.733126
-407.366805
-410.424510
-409.148491
-406.710035
-407.810507
-407.906776
-405.061442
-409.408095
-405.633469
-409.156922
-407.593967
-406.783161
-405.198213
-408.680819
-407.568647
-408.322641
-405.821342
-406.950333
-406.814679
-406.018105
-405.105773
-410.935477
-407.397821
-405.630187
-411.061194
-407.249961
-411.461682
-406.770776
-401.579821
-407.391002
-406.777035
-404.998646
-408.939833
-407.326223
-404.748652
-391.838114
-406.779020
-408.044705
-407.516788
-409.518301
-406.284960
-406.362503
-416.266699
-404.075446
-418.836290
-407.941490
-382.930929
-390.014558
-405.973843
-406.597025
-407.011035
-410.616674
-416.883962
-405.996516
-408.230817
-407.974242
-404.341625
-405.517288
-405.418042
-408.048383
-409.955774
-406.769148
-408.432694
-407.598791
-410.713751
-406.691020
-408.032140
-355.260753
-406.823254
-406.566214
-407.488845
-403.807340
-406.062518
-405.231311
-407.808008
-407.372866
-406.892554
-403.700536
-407.318610
-410.788369
-405.245634
-407.898308
-380.550123
-408.066642
-405.691259
-407.794183
-406.237244
-407.457370
-406.356984
-407.555221
-407.825948
-406.920471
-407.230004
-416.398497
-407.003134
-407.153690
-407.766305
-397.338670
-407.623978
-420.051085
-407.607876
-406.256633
-406.698733
-407.255099
-631.573114
-405.648247
-409.439281
-411.512675
-406.291371
-411.401950
-408.311013
-405.522595
-403.500004
-405.785685
-406.378556
-406.713794
-408.696979
-409.080403
-406.547625
-407.456021
-407.226110
-407.776777
-409.421051
-402.620832
-407.381220
-405.806735
-405.369633
-406.240375
-434.483788
-406.899663
-407.653733
-407.970563
-407.284438
-412.842407
-406.739865
-408.542857
-407.251637
-407.048407
-409.086186
-407.641816
-405.971619
-403.594627
-410.843976
-408.205540
-407.066391
-403.362230
-403.387751
-435.400758
-408.906865
-403.919790
-407.254967
-407.156887
-414.927394
-408.083313
-406.746359
-407.192463
-407.098971
-405.619537
-408.092668
-408.621171
-409.143465
-406.516231
-293.941729
-407.757830
-405.793390
-406.520260
-408.145157
-408.183804
-407.424593
-406.511760
-406.904782
-407.202417
-374.975603
-407.444643
-410.762361
-404.516813
-347.755124
-406.852776
-408.323587
-406.281000
-408.147538
-407.288102
-421.751456
-409.554921
-402.972309
-405.781369
-407.898908
-408.153267
-411.124313
-405.578042
-410.094325
-405.772733
-461.761181
-407.069175
-407.576502
-407.002439
-407.231238
-406.992545
-401.742731
-406.860034
-407.522525
-406.322508
-404.436479
-406.028140
-405.617752
-409.404402
-406.122870
-404.928233
-405.501353
-408.875198
-407.477768
-407.478086
-406.604996
-407.728822
-406.445196
-406.760027
-405.820234
-407.473727
-408.652483
-404.068527
-407.325062
-406.727393
-407.610822
-405.853286
-409.471718
-410.831280
-406.591109
-406.810495
-531.196830
-408.862872
-407.777192
-408.737893
-405.398310
-407.549514
-408.736225
-462.516121
-343.215320
-409.635598
-407.919676
-403.799114
-406.180780
-406.488915
-407.538882
-408.223911
-394.648539
-407.662314
-407.377880
-407.527576
-406.533259
-404.517604
-406.780153
-390.860191
-345.666106
-409.372166
-400.668318
-399.010699
-408.762258
-408.259523
-408.673256
-411.900321
-404.510249
-405.620648
-407.347148
-407.640744
-407.786611
-411.114905
-407.886864
-409.142860
-406.439116
-413.189904
-409.944569
-405.891843
-408.505703
-406.249451
-407.957117
-407.561578
-407.165269
-410.176813
-407.415472
-410.048829
-412.853270
-405.309222
-405.930684
-407.225771
-407.032525
-407.075279
-406.852020
-406.798417
-407.369128
-404.786157
-407.646187
-406.896147
-406.442738
-408.029172
-407.285004
-413.305425
-407.463910
-408.195503
-408.015683
-408.720100
-405.732260
-406.703381
-414.897638
-406.379117
-406.838075
-406.697537
-405.084755
-407.345264
-402.911456
-407.649655
-406.906851
-406.086913
-407.065582
-399.633082
-408.693458
-406.504633
-407.185951
-399.952975
-409.819824
-411.365340
-408.406967
-410.396875
-441.987340
-406.999555
-405.578775
-406.949382
-408.085785
-406.972438
-407.629828
-407.541201
-408.530232
-407.540698
-407.083457
-404.387877
-406.727264
-406.117988
-414.451318
-414.047887
-405.197277
-404.440465
-402.218436
-406.206947
-404.201101
-407.452865
-406.270623
-406.592395
-406.825276
-406.842535
-445.060942
-406.576351
-407.463212
-407.977554
-406.995814
-407.710290
-407.800925
-406.602221
-408.862302
-408.137109
-405.281092
-406.778440
-406.938635
-403.404891
-301.024931
-406.315261
-406.055820
-407.191945
-407.838679
-406.464487
-419.370489
-407.947999
-407.305313
-407.461805
-404.089708
-407.726331
-414.176526
-408.194357
-406.626693
-406.937790
-406.986096
-406.559255
-412.113812
-404.835817
-409.774208
-403.136411
-407.319256
-402.902357
-398.710599
-407.315242
-402.641408
-406.123869
-407.111667
-408.651088
-403.712497
-407.974273
-406.527145
-409.867246
-406.368649
-408.192183
-407.012266
-408.605995
-406.219498
-410.447341
-407.510151
-407.321011
-406.360976
-409.348671
-408.044900
-407.418022
-406.788100
-438.540207
-413.514194
-401.268769
-406.103606
-408.074743
-409.207182
-406.502001
-404.890897
-407.711845
-403.660275
-406.802325
-404.324861
-407.166998
-408.044192
-407.198665
-408.293526
-405.834713
-407.623538
-405.966940
-407.149979
-405.945674
-408.413414
-409.820739
-403.206219
-408.050032
-407.471363
-409.082738
-408.755459
-411.523481
-407.582815
-406.843125
-401.510091
-405.089076
-410.976769
-407.205498
-418.059752
-406.566289
-406.273846
-405.249153
-407.485100
-407.586742
-406.688557
-406.632035
-406.943331
-408.335019
-407.382767
-408.022169
-405.197212
-407.083132
-406.633785
-407.655396
-405.248478
-406.691319
-406.290947
-406.847379
-407.281266
-407.020878
-387.631734
-407.081761
-406.741060
-406.726965
-407.764981
-406.940530
-407.228955
-407.284532
-408.418252
-407.725213
-409.047849
-401.738706
-409.516252
-408.474680
-407.091902
-407.693550
-385.632075
-405.466762
-406.804174
-406.373092
-407.009279
-407.528032
-407.036070
-409.630820
-405.770919
-400.042768
-406.247185
-406.554524
-407.419902
-409.218584
-402.867600
-406.960932
-408.605713
-399.456960
-407.923005
-406.483614
-407.894671
-412.815551
-406.816485
-404.453935
-407.783825
-408.651643
-407.951868
-406.641786
-406.653644
-408.323132
-413.358459
-407.212620
-409.544542
-400.901218
-407.090949
-408.934764
-408.987690
-407.463539
-408.175277
-407.282486
-406.296853
-405.732592
-406.699238
-411.141801
-408.284144
-407.437928
-398.931686
-407.467039
-406.580786
-408.136125
-407.178710
-406.528417
-402.515231
-405.161159
-408.335892
-408.025557
-410.710278
-409.171192
-387.132376
-407.348624
-409.111507
-407.760925
-407.356847
-409.386301
-400.432232
-406.850547
-407.120039
-407.617426
-406.115083
-406.545473
-405.786923
-404.706736
-406.953865
-410.387215
-407.933789
-407.647974
-409.051898
-407.322459
-406.545638
-411.275940
-407.644858
-407.598451
-407.175046
-405.973117
-406.904642
-406.417246
-410.395222
-406.207229
-408.551513
-408.862636
-405.262377
-409.306917
-407.870531
-407.004504
-412.667173
-481.441055
-407.566709
-406.079322
-405.553206
-407.793009
-407.668050
-397.838358
-404.889553
-404.220134
-402.867423
-402.232918
-404.920871
-407.972024
-409.307152
-407.886764
-408.202173
-409.861159
-406.678601
-407.738943
-400.631804
-407.234296
-407.369273
-406.858883
-407.791061
-407.388047
-407.634172
-397.937638
-408.550924
-380.936021
-405.409065
-407.091833
-410.167795
-406.402498
-407.321254
-409.758701
-407.532775
-407.179947
-405.048698
-406.455767
-400.720646
-408.648075
-405.613289
-413.786777
-406.172781
-405.426916
-435.352072
-402.215104
-405.129467
-405.404783
-406.321530
-401.017554
-407.159210
-405.146738
-406.193626
-406.792443
-407.792022
-407.685870
-406.883057
-409.358961
-405.396607
-406.928191
-405.581725
-408.446900
-406.739966
-407.488805
-408.434865
-407.465874
-407.627143
-200.142833
-408.140256
-408.854995
-410.851482
-406.525902
-417.154076
-409.681831
-408.470631
-407.739336
-407.445141
-410.494564
-406.943839
-407.411827
-406.353164
-406.755942
-406.982960
-402.774579
-409.095352
-406.623678
-408.291045
-409.710501
-405.235204
-405.824947
-410.444614
-427.114003
-407.721138
-409.545144
-407.026559
-405.076960
-408.917046
-409.548417
-407.899189
-407.901507
-407.112037
-408.723182
-414.622885
-406.733155
-404.199485
-408.409399
-398.180023
-407.774407
-406.287828
-410.980912
-405.313731
-395.386517
-407.397420
-406.436470
-405.028942
-407.289920
-408.443408
-408.183251
-407.396932
-408.755139
-410.063096
-406.467426
-408.509791
-405.680297
-410.636366
-390.116596
-410.471770
-405.507952
-398.941822
-427.353471
-405.982469
-405.013857
-398.263441
-410.138280
-406.833078
-408.437265
-406.162329
-1805.294782
-406.136677
-433.536552
-408.533887
-405.545112
-408.654712
-405.529298
-406.262975
-408.434692
-407.335567
-406.147973
-411.302048
-409.997323
-395.832921
-407.315154
-407.519155
-407.223412
-401.911149
-406.536462
-407.423290
-408.037700
-407.551950
-407.273646
-407.715186
-404.870335
-408.356540
-408.761532
-406.509069
-405.618224
-401.446812
-403.652024
-407.217236
-406.121831
-409.089188
-409.550148
-406.430646
-405.696335
-408.528261
-405.762783
-406.510489
-406.892767
-406.867776
-359.083815
-407.915031
-392.225374
-408.764236
-408.284312
-419.480378
-406.823108
-408.337032
-407.266928
-408.761624
-407.058522
-407.168106
-407.671886
-408.354094
-406.537210
-405.368491
-303.630278
-409.412185
-407.008269
-402.812491
-407.684523
-405.557692
-405.785906
-407.735065
-407.533316
-406.761782
-407.079571
-427.948462
-406.457221
-409.393978
-328.953676
-404.681927
-406.949710
-407.226021
-409.179939
-407.337417
-411.971325
-409.024269
-408.375153
-408.154989
-407.448519
-407.551679
-405.510942
-407.587527
-407.693797
-406.230889
-94.275092
-407.547956
-404.894758
-407.487796
-408.114788
-405.675285
-406.171533
-408.357741
-407.001290
-406.598397
-404.130127
-406.487353
-406.097911
-405.587562
-407.360496
-407.350408
-406.702845
-406.892420
-404.395152
-402.944002
-405.657967
-409.051453
-409.615136
-408.224820
-406.227556
-402.283500
-406.798207
-407.649090
-407.209429
-406.712048
-409.359839
-408.382193
-406.969488
-408.460613
-404.830115
-407.526037
-445.633677
-407.289378
-406.628018
-405.467612
-402.196885
-406.921095
-408.030413
-408.432256
-408.053892
-408.284497
-406.832536
-407.441168
-409.014094
-407.308287
-411.003082
-407.172121
-407.445696
-407.439750
-407.856199
-407.731891
-407.072881
-400.298324
-405.140692
-405.196573
-408.036385
-411.914162
-425.049025
-404.822411
-406.460934
-406.359037
-408.202718
-407.653412
-414.031830
-352.113320
-408.925185
-407.441417
-409.613829
-395.350970
-406.586145
-407.444622
-411.434899
-500.105290
-408.297604
-409.351860
-405.131645
-405.855870
-407.658885
-408.625000
-406.601139
-407.031347
-398.054394
-406.970546
-408.686446
-406.931779
-408.308596
-408.729211
-403.858700
-406.673088
-407.496530
-407.405843
-407.377450
-408.806929
-409.336649
-404.069740
-407.841696
-409.232636
-407.479340
-407.880120
-406.715244
-404.651035
-406.474351
-407.182856
-407.628032
-408.763814
-407.403076
-406.842376
-407.760203
-407.451008
-409.208002
-408.267371
-407.749434
-405.976874
-406.310110
-408.669790
-408.010512
-403.754880
-407.746260
-406.500403
-409.641606
-409.192835
-408.478881
-406.536179
-407.469372
-407.337080
-407.109574
-407.458057
-413.067966
-407.147213
-406.059949
-408.416944
-410.419490
-406.681195
-408.005235
-407.176553
-408.838171
-407.336944
-408.379024
-405.042588
-407.553022
-406.037746
-409.258779
-408.373532
-431.104279
-407.144846
-407.152659
-407.194992
-407.720144
-404.034972
-410.960327
-406.853673
-408.314579
-405.187168
-407.824331
-409.099879
-405.886975
-360.913963
-409.112383
-407.185536
-406.503229
-408.006251
-408.057469
-404.032124
-406.471224
-412.240842
-407.094560
-407.509532
-410.537341
-407.292723
-409.656751
-401.689896
-411.454437
-407.121950
-406.762058
-407.102175
-404.256135
-406.317789
-346.201450
-407.533219
-406.315860
-406.841887
-403.271451
-408.362090
-409.179451
-407.317923
-395.282871
-410.319509
-405.345760
-405.756764
