-295.098857
-286.272062
-295.513851
-294.890083
-293.561073
-295.139329
-296.965107
-267.435581
-310.563268
-300.685913
-294.299278
-295.396582
-292.182011
-303.134071
-298.534057
-287.736854
-295.460382
-296.836126
-290.710838
-296.696158
-294.900479
-308.280389
-294.553771
-293.542441
-293.697760
-294.929571
-294.120994
-295.565081
-294.820363
-295.090844
-294.086576
-295.460695
-285.159205
-294.565950
-295.461185
-293.871919
-291.792820
-297.671223
-292.538969
-295.216258
-296.005385
-294.249531
-292.818409
-296.485225
-295.095121
-292.666882
-294.213444
-287.515777
-294.960968
-294.181192
-292.060561
-296.020270
-295.878311
-297.479489
-294.075072
-293.429977
-295.413257
-291.083076
-260.139235
-296.284100
-295.733930
-295.109175
-294.725568
-278.938341
-302.373670
-305.189886
-231.957930
-295.248373
-289.352859
-294.831425
-295.403085
-294.370433
-297.406826
-296.784488
-305.197860
-290.146848
-298.243837
-293.342622
-293.862397
-293.435756
-294.315688
-294.660418
-277.406025
-295.299196
-294.232042
-295.247244
-293.630293
-292.571039
-294.141877
-293.335020
-293.303919
-289.701118
-294.126333
-295.438153
-293.866244
-298.348861
-291.918575
-295.397568
-294.952821
-296.023061
-293.968306
-293.112982
-294.620021
-294.464970
-295.119146
-296.658944
-294.171355
-304.169310
-270.830982
-292.161145
-294.681902
-287.868834
-294.600057
-299.945458
-295.851497
-294.388692
-294.644391
-295.075666
-296.492910
-292.234645
-294.234516
-292.276800
-297.224644
-294.109517
-291.630297
-295.698821
-293.761809
-296.427181
-297.469262
-294.509401
-317.960314
-293.790441
-297.283120
-290.083584
-292.332697
-295.821696
-291.725049
-294.737351
-294.112550
-295.016570
-294.352918
-295.066187
-222.592908
-294.156566
-294.976893
-294.895551
-281.927084
-294.143099
-295.244931
-294.935934
-293.844599
-281.772472
-293.377967
-294.760382
-294.036603
-288.928077
-294.560425
-294.457589
-292.537152
-294.920281
-294.923566
-293.527316
-296.467214
-294.271618
-289.910148
-296.214351
-295.181786
-294.745447
-295.378085
-291.981075
-295.208408
-293.811703
-295.502653
-295.101047
-296.365727
-294.325034
-294.014668
-295.386121
-301.773019
-299.620055
-291.373133
-289.386136
-296.473865
-292.509103
-294.246783
-282.372946
-293.280118
-284.826249
-295.881582
-362.233802
-303.858347
-295.285550
-311.945944
-291.208535
-294.080773
-294.486990
-292.860527
-266.903489
-291.393036
-293.525955
-295.869471
-297.795069
-360.987036
-316.064034
-294.858901
-293.068709
-283.579705
-293.735206
-296.692703
-294.800425
-293.502120
-294.509253
-293.593459
-293.298380
-294.989464
-296.653524
-295.074697
-293.718694
-294.313143
-285.812968
-288.333436
-293.682306
-294.269535
-297.644358
-293.840247
-294.431395
-294.671300
-295.258376
-296.944793
-291.068388
-297.178416
-295.233144
-296.079476
-296.281352
-295.395845
-304.467338
-293.815136
-292.467140
-296.261190
-295.124723
-296.107892
-294.525791
-293.462834
-293.407635
-294.928438
-296.766536
-293.448089
-296.659939
-295.455961
-365.736152
-294.877174
-294.934874
-295.593345
-294.761532
-294.060015
-297.444943
-294.922560
-295.073153
-295.228008
-294.028040
-296.245824
-295.646854
-288.989066
-295.948610
-286.236538
-295.098459
-293.759658
-294.905686
-280.015107
-291.481384
-294.622717
-295.480235
-293.685781
-294.978048
-295.279851
-391.138934
-295.137006
-294.854282
-294.786210
-275.234208
-294.615111
-294.812947
-293.740039
-289.908805
-291.837996
-295.575477
-295.018252
-281.497856
-297.633276
-295.147151
-294.632340
-295.438287
-294.775505
-293.294413
-296.174350
-292.721031
-294.901146
-293.531489
-299.746404
-294.337568
-294.152724
-294.631801
-295.145561
-295.081718
-294.987544
-294.638720
-293.043137
-295.721757
-280.466571
-306.514145
-295.425835
-291.687429
-292.937995
-287.894899
-292.997617
-296.994090
-295.238234
-294.553474
-292.921738
-289.120071
-296.513453
-271.555051
-293.660239
-295.724289
-294.264183
-294.801054
-294.040951
-294.665087
-295.722450
-294.629227
-295.680128
-292.520588
-303.394591
-295.031191
-188.998262
-301.306021
-292.704582
-294.732880
-295.936158
-295.156515
-271.473221
-295.917319
-294.074007
-294.653628
-292.852128
-294.343033
-293.441073
-293.430881
-295.667463
-301.769980
-293.718994
-296.784333
-294.265880
-294.790027
-293.422163
-293.347506
-295.177882
-293.502556
-299.297692
-295.012466
-294.661406
-297.086602
-288.806936
-294.779858
-291.099628
-295.134991
-295.593214
-301.127702
-295.253058
-303.541953
-295.227356
-295.406765
-295.023651
-296.628901
-294.369649
-308.144492
-293.565814
-295.298160
-297.158254
-295.269765
-294.982741
-357.978289
-293.566270
-291.346194
-294.782180
-295.082296
-294.165325
-292.587883
-296.362331
-293.980266
-296.131516
-295.420956
-294.624736
-294.981146
-295.806886
-294.667094
-294.923228
-292.632829
-293.784761
-288.647373
-294.716256
-295.449399
-291.754855
-293.852010
-295.074696
-297.476837
-293.821857
-290.026803
-296.517697
-295.383654
-297.733752
-306.830092
-295.631618
-294.432485
-294.900990
-296.715026
-296.164827
-291.809848
-291.308513
-294.936681
-282.458690
-295.368677
-296.382030
-294.877914
-295.013035
-294.621415
-295.387341
-295.405662
-298.932605
-294.655036
-294.894923
-295.317386
-295.854922
-294.576455
-299.063837
-295.281495
-291.531603
-295.170364
-293.302759
-292.059425
-295.127168
-293.997980
-296.487756
-297.046136
-296.899284
-879.430515
-294.884836
-294.983886
-295.105511
-298.456346
-291.204551
-296.057715
-294.457856
-294.389347
-296.076480
-294.203781
-292.510071
-294.781704
-295.255568
-295.485019
-290.486064
-293.621096
-297.722432
-293.460980
-294.789242
-294.861437
-295.112144
-295.506497
-294.475863
-296.298589
-294.645902
-292.661956
-295.080026
-294.351998
-296.141984
-295.151848
-292.469545
-293.046321
-294.727784
-293.879251
-292.864153
-287.801124
-295.847024
-294.279033
-293.855021
-292.941268
-294.215302
-294.388341
-292.569179
-295.273865
-307.737698
68.431635
-297.451166
-296.448685
-293.156358
-274.718344
-296.477313
-294.196033
-293.652516
-295.809634
-293.933147
-294.676528
-294.281437
-296.112541
-295.196425
-292.534638
-293.271246
-295.019607
-293.141850
-294.881671
-306.433707
-298.756302
-293.323245
-295.971703
-294.237443
-305.478941
-293.757731
-295.622652
-294.900996
-294.986262
-293.680089
-294.488482
-295.075395
-295.538568
-294.912663
-294.537335
-295.479940
-292.288923
-290.575090
-295.437718
-293.504715
-293.518154
-295.160404
-295.335709
-296.133686
-293.570691
-292.861754
-294.028291
-294.895265
-294.001153
-297.083468
-296.272414
-285.220508
-289.356160
-292.090085
-294.734572
-294.983879
-295.061405
-294.170794
-295.759475
-294.208734
-296.695217
-289.108566
-295.220838
-295.849359
-294.708276
-293.761612
-295.596238
-295.918611
-293.069124
-290.617882
-303.415032
-292.171553
-293.461866
-292.942753
-294.265025
-295.863350
-293.298543
-294.399360
-294.352098
-293.747643
-291.555505
-294.204330
-293.305557
-295.150692
-288.153137
-294.030963
-290.286745
-294.703200
-293.532773
-291.204181
-294.702234
-293.711109
-295.187718
-295.088305
-296.568525
-294.642486
-293.844972
-295.092949
-293.710494
-294.153063
-387.034771
-294.655640
-291.167258
-294.087629
-296.112027
-292.707896
-295.172167
-294.836067
-296.700303
-294.794384
-288.274967
-295.085856
-295.414112
-295.398705
-294.717795
-288.494446
-290.140034
-249.678393
-295.577004
-294.000950
-297.253380
-291.062130
-295.910504
-290.839032
-294.341841
-295.718509
-292.814048
-290.814088
-304.577708
-294.625417
-293.198446
-290.455145
-308.018800
-294.398658
-292.723766
-295.081942
-295.810533
-295.223140
-294.961010
-294.678449
-294.638140
-294.101836
-293.547623
-306.286891
-295.832335
-297.265205
-295.271805
-292.212470
-294.875587
-293.071027
-294.753679
-294.258145
-313.264887
-328.708702
-295.228309
-295.787914
-295.137359
-300.712761
-275.287572
-289.213718
-303.350504
-299.967464
-297.685908
-294.730470
-294.840426
-294.388579
-293.964039
-289.877596
-303.954714
-294.735829
-299.694832
-294.188074
-293.681393
-225.189621
-294.620115
-295.881694
-295.394031
-294.500972
-293.851383
-294.612137
-293.841236
-295.105411
-282.621709
-294.149610
-292.860754
-294.250383
-293.608944
-294.486364
-294.043104
-294.890899
-296.796852
-314.791305
-293.386476
-294.997386
-293.760527
-293.427120
-287.466702
-295.178531
-296.879787
-290.911672
-295.427411
-295.647223
-292.571746
-298.773273
-293.649374
-295.418848
-294.320684
-296.237365
-297.581120
-294.812969
-293.153386
-294.235503
-294.687521
-294.276426
-290.236546
-295.157277
-295.060511
-307.269182
-276.310972
-294.809051
-296.545670
-296.729654
-295.247874
-293.653285
-294.333074
-295.755553
-294.065606
-294.810446
-317.791482
-282.963875
-293.742660
-296.028734
-296.337277
-293.981315
-335.581433
-295.181676
-293.894101
-290.405652
-294.605284
-294.123341
-304.268374
-293.566143
-296.183895
-294.461004
-274.561696
-289.540218
-283.591598
-298.252837
-297.649091
-274.064554
-307.765931
-303.942603
-270.162155
-294.599535
-299.172050
-297.718478
-294.340235
-284.442318
-287.301616
-295.270698
-295.296806
-293.694870
-293.930808
-293.650637
-295.139483
-302.457351
-294.441532
-296.356857
-293.943422
-290.550880
-295.085919
-296.206685
-296.206973
-65.621514
-294.348584
-291.229342
-295.202425
-294.567560
-287.931755
-296.331200
-293.735501
-294.229123
-294.279832
-292.551156
-291.328617
-289.339471
-295.252388
-293.455015
-295.160436
-314.854472
-289.276085
-295.866555
-296.088938
-294.390633
-293.658066
-292.957743
-294.635679
-292.691222
-294.074921
-295.255418
-214.865208
-293.862128
-292.156390
-295.470789
-294.413228
-298.017996
-290.419401
-294.771708
-295.016344
-292.126171
-296.863237
-295.475451
-293.324672
-295.491779
-296.105748
-294.577266
-1294.479828
-294.911535
-290.138047
-294.295539
-295.807456
-290.978592
-295.447723
-293.487344
-294.463766
-295.160455
-295.736375
-295.510441
-294.534382
-296.918028
-294.905500
-295.230993
-294.866055
-297.528112
-299.144010
-295.980855
-295.451400
-286.206770
-284.258626
-294.588371
-293.696759
-294.943425
-294.806990
-294.745293
-295.790661
-293.460949
-295.366481
-294.026916
-293.962883
-295.837768
-295.240199
-295.431416
-284.251241
-294.574835
-342.674999
-292.744944
-292.357018
-291.818924
-294.577442
-294.259073
-298.201905
-294.881700
-326.175748
-294.099042
-298.233666
-283.273559
-307.074170
-294.404222
-296.091152
-290.659690
-293.947046
-292.934478
-294.003194
-295.449849
-288.923233
-294.620837
-295.668531
-293.657439
-293.544695
-298.780064
-287.287885
-294.783011
-304.896365
-294.420974
-294.379965
-294.191702
-293.869092
-293.469793
-295.416694
-316.040515
-288.448649
-292.022509
-293.594579
-294.318584
-302.573301
-295.466114
-295.791223
-293.549825
-292.824210
-294.521898
-295.067934
-294.938935
-295.574592
-294.987565
-293.227446
-294.490493
-295.297224
-1857.366609
-295.403697
-293.747576
-259.463694
-293.289295
-295.785229
-296.185556
-298.703648
-290.066661
-281.171736
-294.149722
-295.511869
-291.341663
-293.693348
-295.256999
-293.101978
-293.644785
-294.541125
-295.281997
-294.396089
-295.025592
-295.451702
-294.513955
-294.470723
-294.547700
-302.121653
-295.184659
-295.845832
-296.355771
-296.075349
-307.749108
-295.006144
-295.990639
-295.016501
-294.332916
-295.364585
-295.980139
-296.060515
-295.548376
-294.923766
-293.886916
-295.051669
-298.752169
-305.830538
-294.546924
-295.672581
-294.256836
-291.015628
-294.423856
-349.399932
-294.416379
-295.772665
-295.294056
-295.718902
-296.590986
-295.035938
-293.880052
-293.347298
-295.172630
-293.817263
-295.558542
-295.790794
-291.678844
-294.207562
-295.136918
391.890956
-295.421271
-285.369630
-294.511825
-295.146330
-293.864786
-294.872190
-295.974873
-293.700717
-292.698821
-297.548770
-297.301555
-292.935188
-292.234100
-293.867803
-298.193932
-296.827725
-294.182631
-293.775245
-294.794945
-294.069950
-294.904729
-294.017991
-294.284181
-292.919777
-295.855464
-296.279805
-302.340617
-294.637970
-293.076170
-294.154413
-294.089901
-294.727330
-294.166020
-289.746833
-287.999634
-293.922462
