-80.813749
-79.879785
-96.416307
-82.422154
-79.141078
-80.090343
-81.295064
-78.368428
-80.517872
-79.682087
-78.967730
-79.262993
-80.548395
-80.708006
-78.787442
-81.051305
-80.938758
-80.299975
-81.139708
-79.483317
-82.647670
-83.607875
-77.755162
-79.763999
-78.396809
-81.494587
-81.100124
-85.039499
-79.290118
-80.043489
-77.908815
-80.291839
-79.247798
-81.053195
-71.973885
-81.104970
-78.341637
-79.360758
-80.325918
-95.705798
-84.183454
-77.835887
-94.731083
-75.673572
-78.165926
-79.941782
-80.712184
-78.660448
-72.916049
-79.650440
-81.809567
-80.217875
-79.519817
-80.207604
-78.586092
-78.497127
-75.768729
-83.109539
-81.740810
-78.016037
-81.761278
-80.139179
-79.582884
-82.877425
-78.082372
-80.523780
-79.780806
-80.977567
-77.499100
-93.046280
-79.387328
-79.055906
-79.319394
-77.840732
-79.062480
-81.514248
-71.351929
-79.175679
-80.158960
-78.928639
-84.224742
-74.522390
-76.139157
-84.837887
-79.719974
-80.529734
-87.525307
-81.776957
-76.563317
-78.566669
-80.057885
-80.272835
-80.052556
-78.374461
-79.164831
-80.281282
-79.822135
-78.559496
-81.105254
-80.132247
-79.460967
-81.519601
-82.082622
-81.756896
-81.355735
-72.292697
-80.242137
-80.633132
-81.791604
-79.816324
-78.932552
-67.344360
-82.933196
-77.818165
-90.899107
-79.881116
-80.348152
-81.436847
-80.964027
-82.697611
-80.872024
-80.197183
-80.310845
-80.782479
-81.537670
-79.766983
-80.583272
-76.363749
-75.222881
-80.274460
-80.746192
-80.241616
-78.447243
-79.040408
-78.193980
-80.488588
-80.708904
-79.224093
-79.160332
-80.255244
-79.574340
-79.260334
-80.719354
-80.631612
-82.230486
46.338356
-78.697006
-79.602845
-77.846245
-90.959582
-80.350787
-79.114343
-81.597875
-75.064242
-79.779232
-80.170579
-80.264061
-79.297296
-78.350784
-79.893238
-83.606532
-79.673093
-78.564054
-79.206731
-78.856696
-78.334022
-80.055632
-79.597387
-82.203116
-81.239855
-80.429952
-80.602554
-79.856704
-72.879126
-79.890999
-80.291121
-80.482006
-76.341628
-151.389925
-81.319581
-79.918605
-77.629010
-78.855377
-79.756953
-79.322351
-79.090410
-84.201633
-80.408517
-79.971276
-78.639937
-80.071880
-76.783155
-79.722246
-80.293591
-80.304004
-77.987242
-80.011459
-83.957254
-80.430782
-80.824443
-79.243061
-81.728281
-81.095916
-79.364213
-82.103809
-79.978094
-84.480378
-79.590826
-83.446119
-80.014527
-79.021842
-80.239197
-79.460871
-79.599763
-80.048910
-79.600083
-74.284270
-80.534522
-79.626798
-82.098833
-81.812154
-80.358867
-81.982532
-81.652262
-103.034840
-79.418558
-78.804464
-83.136756
-69.361174
-78.215268
-79.115378
-80.220859
-80.723378
-78.241677
-79.073162
-80.633065
-78.178194
-206.512231
-141.980509
-82.091155
-80.169033
-80.137578
-80.082286
-80.801835
-80.106986
-75.468352
-81.989669
-73.694002
-80.710954
-82.440579
-78.308068
-79.626614
-50.314722
-75.803070
-78.291299
-80.325983
-84.734084
-78.905714
-79.425569
-79.582064
-77.306377
-79.337818
-81.493893
-78.953597
-80.409222
-80.407268
-88.161291
-80.276312
-82.596943
-78.233228
-79.251323
-88.821680
-79.788304
-80.709553
-78.824415
-81.537177
-79.573589
-78.867897
-81.020217
-83.909143
-81.168365
-80.925789
-82.081341
-80.183659
-80.260779
-80.720893
-81.526800
-79.003669
-163.566816
-82.100689
-78.966326
-75.789074
-81.586492
-80.135308
-78.182798
-79.170677
-68.538580
-81.924949
-78.956677
-79.989371
-79.800420
-79.435254
-82.959595
-82.926914
-84.389946
-81.807630
-79.877718
-114.507225
-79.003301
-79.944908
-82.403500
-80.246207
-84.021685
-83.543157
-79.775673
-79.465090
-80.373927
-80.838509
-80.910925
-77.840933
-30.515580
-79.610510
-80.456858
-80.107589
-80.356852
-77.884622
-80.568629
-78.952641
-80.252479
-81.297161
-83.416086
-72.956132
-79.567387
-80.616508
-79.119421
-80.789478
-78.785828
-81.603478
-80.618763
-79.253693
-79.048121
0.407485
-80.786564
-79.915899
-80.231004
-74.024141
-80.792879
-123.761830
-78.630156
-76.583764
-91.510414
-79.686303
-79.892780
-78.232614
-84.106546
-80.840108
-80.011242
-118.847374
-80.520258
-81.296128
-81.041320
-53.808854
-78.166086
-82.289611
-83.027380
-78.646528
-80.154114
-80.358765
-81.819242
-81.456887
-77.513269
-77.144849
-83.519864
-80.176520
-78.766173
-80.153576
-80.801630
-78.255868
-65.907269
-81.644518
-81.496387
-78.417115
-80.814882
-78.172878
-81.843201
-77.305576
-85.548827
-80.170835
-81.215246
-80.227011
-79.960475
-80.081601
-79.460530
-20.252419
-83.328366
-77.756472
-75.233525
-79.942405
-73.549865
-82.091902
-80.738437
-80.997231
-84.548704
-79.997078
-80.279943
-80.418703
-82.927000
-80.516708
-80.473108
-79.225032
-81.827204
-79.816258
-79.531920
-77.054679
-79.865608
-80.824440
-79.066203
-79.135937
-81.618077
-79.335857
-78.068648
-79.740775
-78.030414
-76.457500
-79.110723
-79.044067
-79.744151
-79.846727
-80.364256
-77.706619
-81.241453
-79.783744
-80.831866
-79.754497
-79.290695
-80.257105
-79.511866
-81.092323
-79.634075
-79.077764
13.560641
-80.765764
-79.963754
-79.057967
-67.530824
-90.424112
-81.023729
-81.270186
-79.965316
-80.745483
-80.993933
-83.235521
-80.070053
-82.526892
-79.878994
-80.606619
-79.115794
-81.690278
-80.015909
-80.864182
-79.394637
-83.229311
-75.088142
-83.046096
-85.614893
-80.244182
-73.217173
-79.594200
-79.775805
-81.203155
-79.771735
-75.429478
-84.406297
-79.481998
-76.554917
-80.178444
-82.264793
-81.482779
-81.141023
-81.164999
-79.141486
-82.213231
-79.816936
-80.106589
-77.884980
-79.752040
-80.958830
-80.278909
-71.670237
-81.237987
-90.820571
-80.353740
-79.741382
-80.089904
-78.092028
-78.034980
-79.126973
-79.471667
-84.055398
-74.965738
-80.840104
88.709572
-80.495158
-80.044766
-78.260868
-76.982420
-80.375583
-81.259009
-87.083584
-79.650522
-77.544424
-89.728188
-80.445045
-79.904395
-80.126178
-81.062155
-82.051478
-81.190740
-82.235778
-80.283643
-80.379542
-81.761132
-61.556402
-78.298869
-81.218647
-80.375838
-80.793062
-81.057972
-79.363689
-81.781172
-78.457586
-78.892189
-74.155423
-79.826434
-80.305619
-79.832625
-75.511755
-83.295556
-79.851728
-80.027939
-78.171390
-68.613042
-78.707157
-84.241548
-80.946915
-79.794678
-79.036222
-64.910138
-80.810668
-80.414803
-77.379324
-79.466878
-76.954211
-76.540909
-76.701521
-80.180163
-80.245749
-45.901569
-79.636224
-81.237681
-77.221160
-81.764831
-80.728645
-73.025998
-80.987694
-80.219705
-79.594627
-75.733967
-80.106752
-80.617589
-80.684353
-81.270944
-79.388031
-116.791745
-78.132489
-86.202096
-69.598992
-75.370242
-85.112310
-79.786525
-85.801728
-80.629382
-80.281380
-79.600525
-80.227277
-80.938701
-80.425286
-81.721089
-84.060088
-79.839902
-78.596058
-81.544103
-73.348426
-24.530692
-79.987002
-80.925799
-84.895771
-80.135146
-79.391589
-79.645320
-80.583773
-80.518686
-81.742519
-79.447081
-81.145128
-90.171971
-81.402464
-80.452240
-80.820849
-78.885589
-79.580214
-80.022939
-79.039634
-71.474499
-40.443361
-76.352674
-79.553404
-77.880373
-79.247869
-79.939370
-81.360979
-76.218321
-81.608362
-100.404105
-78.791675
-80.109654
-80.106837
-91.385523
-82.605271
-80.603040
-79.934607
-82.349249
-79.584114
-80.274548
-80.227542
-79.073601
-86.949740
-78.488959
-83.175389
-81.048133
-79.625183
-80.206819
-79.090179
-76.669402
-83.171996
-81.075020
-79.726381
-83.770688
-75.818273
-79.796543
-74.549891
-79.986037
-80.843659
-85.624203
-81.505521
-79.881335
-79.895340
-80.145555
-79.762426
-80.323803
-79.379829
-80.905158
-79.768543
-78.631691
-80.996999
-81.062688
-80.679241
-80.113550
-79.407568
-82.777296
-80.726282
-73.696669
-80.975360
-78.913754
-79.007833
-79.408528
-79.587411
-80.048624
-80.840292
-72.590684
-79.054506
-77.909016
-78.610780
-71.589110
-80.215805
-80.593977
-80.121443
-79.681758
-82.062003
-80.331440
-79.548554
-78.840540
-80.283202
-87.244308
-80.469476
-77.789947
-79.237544
-82.733005
-79.328090
-79.133962
-79.768623
-74.390943
-80.742855
-79.385476
-80.491120
-195.800284
-79.249454
-87.121952
-76.111865
-83.321752
-79.775426
-81.206506
-78.097427
-83.067058
-90.478444
-77.514982
-81.339684
-79.291017
-79.386298
-101.371675
-79.995386
-79.850003
-78.792437
-81.104063
-78.923625
-78.962677
-79.293698
-78.820441
-80.045513
-79.973670
-79.413888
-79.544487
-82.216354
-80.026891
-80.168995
-78.603332
-78.010983
-80.251276
-78.567913
-81.262028
-77.801229
-82.646780
-81.297715
-80.671010
-78.193249
-128.059025
-81.842075
-47.810237
-79.798702
-79.848810
-84.638724
-113.613266
-81.214502
-77.380469
-79.687934
-80.652806
-80.104535
-80.551162
-79.914439
-81.300375
-80.694312
-67.984357
-77.784993
-80.678344
-79.190311
-77.212090
-78.853530
-79.764814
-81.691411
-79.898453
-85.801610
-80.337137
-79.593175
-80.194917
-79.008931
-81.822824
-78.636538
-48.103989
-82.598512
-78.590305
-58.460508
-79.463593
-80.043820
-81.812688
-78.414184
-80.874670
-81.311400
-80.372034
-71.424046
-81.739897
-78.311187
-80.106375
-79.166997
-78.977831
-80.665029
-80.061721
-79.453002
-80.534556
-77.427543
-80.046142
-80.562060
-79.278934
-87.100160
-77.715893
-81.725442
-80.729938
-79.897371
-80.801863
-83.175997
-79.925650
-79.286700
-79.142244
-80.207691
-75.435014
-80.376931
-80.109314
-80.918033
-80.187030
-74.253694
-79.018745
-78.482906
-87.550687
-80.126686
-80.275162
-79.272889
-80.168533
-79.803851
-80.243339
-80.357943
-68.591233
-80.814676
-81.089484
-84.775794
-71.589762
-148.610650
-90.808373
-79.835703
-79.222083
-82.543650
-71.092955
-110.318614
-81.549176
-78.206829
-81.457503
-80.355927
-78.632211
-80.568311
-79.958146
-81.923164
-39.847056
-80.185948
-80.264066
-88.684099
-80.324551
-81.691902
-80.233696
-77.184134
-75.585887
-81.201549
-79.759838
-80.378495
-79.519205
-78.955687
-80.259729
-79.187892
-57.013098
-80.147997
-80.563566
-81.826570
-80.133296
-75.784790
-81.001861
-76.208117
-89.541555
-83.698120
-86.783038
-76.168353
-89.874238
-80.225193
-81.737872
-84.268002
-80.839053
-63.628224
-64.148723
-80.393774
-77.674411
-79.547117
-80.456956
-81.030913
-80.784230
-77.839130
-80.654153
-81.481720
-112.037661
-80.162707
-83.398010
-74.865876
-78.902501
-80.004590
-13.993422
-81.131734
-97.911249
-81.747345
-79.934569
-80.367103
-82.860391
-79.350027
-82.677682
-79.355257
-80.582818
-80.221583
-72.427735
-80.067928
-75.455045
-77.888084
-81.720419
-80.406756
-86.370135
-81.468788
-57.709958
-78.445040
-80.849356
-79.700153
-81.177764
-80.317564
-86.387263
-78.810276
-72.941430
-79.637924
-79.799615
-81.320652
-80.279869
-78.816474
-77.576374
-79.379025
-93.312972
-80.508981
-83.457843
-71.159083
-80.311508
-82.262654
-73.455323
-78.917409
-79.176372
-179.317522
-81.405366
-83.915637
-79.579256
-81.457751
-82.436387
-77.457634
-78.756534
-80.360483
-80.266598
-81.332222
-78.905264
-79.959600
-80.396947
-78.872246
-79.104670
-79.528257
-80.013462
-79.361194
-81.519307
-79.254345
-71.575406
-80.773757
-82.146179
-80.802941
-82.773281
-80.072687
-80.647083
-80.321216
-80.302373
-79.613280
-83.388507
-80.882986
-81.712775
-71.036487
-79.424265
-78.591023
-115.639989
-80.825605
-79.256381
-79.485071
-80.916798
-79.683914
-79.458437
-71.716536
-80.021306
-78.349345
-74.387146
-79.174442
-80.328074
1089.231967
-79.952046
-79.962508
-80.281664
-79.194804
-76.649985
