-329.188492
-331.205284
-329.885605
-328.920086
-329.089507
-330.212981
-328.521409
-328.242179
-327.981963
-328.861734
-330.168417
-334.998521
-331.457390
-328.818234
-322.713540
-323.850691
-327.884030
-327.970456
-327.002157
-329.505064
-336.515774
-327.985836
-329.171967
-328.032440
-329.253457
-329.150324
-331.611421
-311.667602
-327.954191
-330.494684
-326.375516
-329.016642
-325.573319
-328.844610
-327.326718
-329.150776
-335.297886
-328.186545
-329.160436
-326.465156
-332.637210
-328.061183
-328.480813
-328.831929
-329.215200
-329.097960
-320.893709
-325.779215
-327.409185
-327.573750
-329.663863
-328.374866
-293.221123
-329.400879
-327.514264
-319.382840
-305.157861
-329.121873
-328.748582
-328.304275
-329.051209
-326.134288
-329.343515
-327.293596
-328.603668
-326.301774
-327.287655
-329.518232
-329.487848
-328.466265
-332.825573
-329.775353
-366.139428
-329.169525
-328.958504
-329.727400
-326.876914
-331.425474
-328.697914
-310.162941
-331.371022
-328.535280
-329.174347
-329.087513
-330.021068
-328.870696
-328.469123
-332.305797
-320.192211
-329.847013
-326.726163
-330.729667
-341.335115
-330.801183
-328.710797
-328.348622
-329.270327
-328.765948
-328.094205
-329.515346
-327.240558
-330.319163
-310.079690
-330.129597
-328.854935
-329.736861
-326.080207
-326.234008
-329.120563
-328.411038
-344.928307
-328.424683
-329.819600
-327.597565
-328.608074
-327.968174
-329.941220
-330.634303
-327.944902
-329.051066
-327.120233
-328.619448
-327.975213
-329.550219
-329.670131
-324.668044
-328.580410
-328.254805
-330.539286
-311.409254
-343.766471
-323.675621
-328.082537
-328.509984
-391.547525
-331.718798
-328.434082
-328.787948
-329.729782
-395.907609
-322.779990
-329.432640
-328.640085
-357.820738
-333.370087
-330.946128
-329.148073
-328.818354
-328.205550
-329.130511
-328.756507
-328.751170
-328.194822
-331.018279
-329.716930
-328.933448
-329.130214
-336.178336
-327.345063
-329.217754
-328.478205
-329.809592
-328.773375
-327.630577
-332.002652
-329.878066
-325.077922
-327.919527
-328.738939
-327.832917
-327.798026
-327.630782
-321.282961
-329.200567
-328.719991
-333.839468
-329.746741
-331.015176
-338.462944
-329.336749
-331.447063
-331.330160
-328.315512
-330.707806
-331.829508
-331.060091
-333.715182
-333.486216
-329.318169
-328.883362
-329.056676
-326.824090
-329.498308
-327.948616
-328.828315
-328.127855
-329.116987
-332.274065
-327.502798
-329.744373
-329.255261
-326.795773
-328.276602
-332.316010
-328.697515
-328.947954
-285.835591
-399.087980
-343.098069
-328.309227
-327.816631
-329.894686
-329.558519
-327.786151
-329.205326
-328.492667
-330.071855
-328.522725
-329.053874
-330.365217
-330.278636
-329.369684
-327.924171
-328.249895
-328.772866
-331.456146
-328.431308
-330.754454
-329.928230
-326.249382
-328.976097
-326.952793
-328.380565
-327.133386
-330.344185
-327.368057
-325.174465
-329.053180
-329.612679
-474.535519
-328.117346
-332.503102
-328.171106
-330.592786
-330.084371
-354.148901
-329.375016
-323.109338
-330.303364
-326.969678
-322.111503
-328.121538
-329.058351
-327.691450
-328.929052
-326.674046
-328.723461
-333.092416
-329.632858
-388.176555
-329.517978
-330.278278
-325.510532
-330.218116
-328.831477
-328.504012
-325.348615
-329.503286
-330.762440
-285.449146
-327.853218
-338.604404
-329.792333
-325.616254
-330.736899
-329.479321
-328.409828
-327.229058
-328.664724
-329.254149
-327.371790
-328.260110
-328.760004
-329.450200
-330.905995
-339.490337
-327.536111
-328.199503
-328.115639
-327.640398
-328.088118
-327.222056
-338.999833
-342.631058
-329.086762
-328.924014
-327.633784
-330.615599
-325.276631
-328.639149
-328.265781
-326.899538
-329.969310
-328.007214
-329.407706
-330.326797
-329.130906
-327.776220
-322.565770
-327.594390
-324.720590
-325.776058
-327.907668
-331.075990
-328.347440
-328.221498
-328.224698
-325.250312
-348.449401
-326.824517
-329.593244
-330.469171
-328.960062
-328.813175
-328.769448
-331.584049
-329.250544
-327.371988
-328.193018
-328.968829
-425.726276
-327.961020
-329.030208
-327.499687
-331.257856
-332.089235
-327.570736
-327.844168
-328.878371
-327.694238
-329.207503
-326.890391
-336.247754
-328.252830
-327.536226
-327.602211
-331.157439
-334.078666
-329.437822
-324.399093
-328.448103
-325.832200
-328.219548
-329.470566
-323.863974
-328.259735
-329.320381
-326.281498
-330.035928
-328.288692
-328.134991
-328.057090
-323.464970
-331.713850
-329.074665
-328.799783
-341.198029
-328.124066
-329.089847
-343.446291
-327.361958
-332.107889
-327.539232
-327.340317
-329.825868
-328.733657
-326.495197
-328.316139
-324.715451
-332.509596
-343.898385
-326.017609
-329.617625
-328.764798
-330.847249
-330.040792
-326.872628
-328.159683
-328.120763
-328.590173
-328.887155
-331.755684
-328.302726
-328.181396
-358.703187
-327.029432
-329.748136
-329.209295
-327.059811
-328.819185
-329.506626
-329.396992
-329.106206
-329.057945
-331.055389
-328.266711
-323.729573
-328.209341
-329.458439
-327.348773
-326.706121
-405.979706
-328.737206
-329.261055
-326.616090
-332.560834
-328.811471
-329.348444
-327.613740
-328.913600
-335.752783
-328.829119
-326.913864
-331.168690
-329.195086
-326.249773
-322.713348
-328.155273
-327.377529
-330.043743
-329.568472
-329.792422
-330.598230
-330.851972
-328.319418
-329.327889
-329.979727
-328.673292
-327.065580
-327.545127
-328.371916
-328.555724
-328.594480
-329.673976
-330.001908
-335.390129
-327.580057
-321.627480
-326.941851
-327.583524
-333.170238
-325.628566
-332.213839
-332.074804
-331.007408
-330.680460
-330.326678
-329.754895
-329.125984
-328.175808
-325.143038
-328.595395
-336.907177
-317.583221
-329.848427
-330.535324
-325.928548
-328.213231
-329.020544
-329.622905
-329.153641
-332.110399
-327.629109
-328.675166
-338.951318
-330.674377
-326.983582
-329.457165
-327.446684
-329.028216
-327.648831
-327.595791
-337.205756
-328.257952
-329.545817
-331.746796
-329.220463
-329.465791
-327.536720
-323.746147
-326.721577
-328.611634
-329.539847
-328.445584
-330.148091
-328.788355
-328.699941
-329.434389
-328.603286
-328.224339
-329.109674
-326.223205
-331.714658
-328.682403
-327.416625
-328.942264
-332.465587
-328.272075
-322.881785
-329.161986
-324.781768
-328.108794
-322.094250
-328.612198
-329.933964
-366.830431
-322.239666
-337.122625
-327.958288
-332.309375
-329.336012
-336.941980
-328.508095
-331.088003
-326.653847
-328.583064
-328.621300
-328.465294
-329.185172
-329.668575
-328.922617
-330.240830
-329.491597
-327.432580
-327.052216
-329.057859
-320.552398
-329.300550
-327.957149
-333.249106
-324.493997
-328.389140
-332.290582
-328.582363
-329.496053
-324.073383
-327.932969
-329.200777
-329.063174
-320.317949
-327.031569
-327.677346
-327.214564
-328.835439
-328.144905
-327.877736
-333.566466
-328.975928
-295.293132
-330.077305
-328.314507
-329.794102
-329.043244
-328.862982
-322.881590
-329.322346
-327.467584
-328.539839
-328.402840
-329.175855
-327.284393
-330.646176
-328.141399
-328.901840
-330.210465
-328.898150
-329.664437
-328.685606
-331.389115
-326.683148
-331.423178
-331.521154
-327.202235
-330.824276
-328.776719
-326.466591
-328.237593
-328.909137
-331.982869
-329.522806
-318.834238
-329.015712
-328.968578
-327.178988
-338.058366
-328.929159
-328.381228
-328.232992
-329.205244
-328.524885
-329.638778
-327.653808
-266.920048
-328.871568
-328.770140
-329.630749
-328.622543
-329.560902
-327.607827
-327.952579
-327.899417
-327.681522
-331.254746
-331.546246
-331.036631
-327.669819
-329.840671
-326.773213
-308.912255
-328.675365
-329.081390
-328.159388
-329.155241
-332.620481
-329.486054
-330.315958
-327.021918
-319.632581
-327.843927
-327.907868
-329.102730
-329.136836
-328.806645
-329.845582
-324.178153
-330.321918
-326.066441
-328.871601
-331.166371
-330.597173
-328.733077
-326.704665
-328.847590
-327.931621
-331.320300
-315.053970
-328.125896
-328.722392
-328.562987
-329.098628
-323.098893
-328.661817
-322.632534
-327.249587
-328.608188
-328.231388
-326.812359
-328.819190
-332.584033
-330.800831
-327.880601
-327.340919
-328.701354
-330.761390
-329.798711
-319.792698
-328.982116
-327.188082
-330.688243
-330.349164
-327.786646
-323.562587
-326.423290
-329.483130
-328.230909
-329.770277
-325.690496
-327.035655
-331.804227
-329.865386
-331.526265
-326.963931
-329.883097
-328.125685
-327.566047
-328.199562
-326.454584
-334.420441
-328.163470
-333.826711
571.026522
-328.332957
-327.129897
-328.755977
-329.313738
-324.339682
-328.647172
-406.654894
-328.382737
-326.668750
-328.490350
-329.060276
-328.174265
-338.196017
-325.349729
-328.935825
-328.160487
-328.760346
-328.245507
-326.147847
-327.776730
-368.524294
-329.315326
-322.691543
-328.909072
-327.229708
-329.403689
-330.998132
-329.184608
-418.004528
-326.922112
-339.459706
-329.580291
-322.762940
-331.657164
-325.202880
-330.116140
-329.430706
-329.964983
-327.873318
-328.778714
-326.712862
-329.423658
-326.262750
-332.830784
-328.679726
-327.859035
-341.868593
-325.809817
-327.336350
-328.803565
-329.125323
-329.773163
-333.531680
-328.910597
-328.816790
-329.475197
-328.336641
-328.472295
-331.066796
-331.071106
-328.227562
-329.345637
-331.984935
-327.813565
-326.232012
-328.487020
-327.773987
-328.112297
-329.442192
-328.562443
-328.150738
-329.890009
-328.593236
-332.748303
-328.828944
-328.625141
-331.793735
-328.244855
-329.439937
-329.002150
-328.124569
-339.570007
-328.857395
-330.393021
-328.576889
-328.683473
-331.794593
-328.092548
-328.489852
-329.704490
-331.906493
-330.838370
-329.159617
-329.307592
-329.180019
-330.550608
-329.663987
-328.395913
-327.029052
-329.409277
-326.088654
-327.912785
-328.775151
-334.752223
-335.511227
-328.129350
-324.716395
-329.348085
-330.645605
-324.640635
-328.475374
-328.045245
-329.273332
-328.684194
-332.815617
-326.694150
-332.264766
-328.167133
-327.973433
-329.035127
-330.293227
-326.794669
-327.747517
-328.205298
-321.390995
-328.673511
-327.924451
-330.255390
-328.943419
-317.285379
-344.470908
-330.009854
-331.282512
-331.872737
-329.347047
-329.200705
-325.247674
-332.106695
-329.133286
-330.201975
-325.926768
-330.277211
-328.880012
-328.580714
-327.432025
-328.172883
-329.145245
-329.571211
-328.372136
-333.557296
-330.108057
-328.388456
-329.358083
-327.107174
-328.963464
-328.740721
-329.173362
-329.967246
-326.619877
-329.827367
-328.834697
-359.609198
-329.339513
-329.749287
-327.179872
-328.010538
-329.699861
-327.390366
-325.784124
-330.668554
-322.373353
-331.022445
-327.132831
-326.631981
-328.922399
-328.865155
-329.690347
-327.877707
-325.633174
-329.909142
-329.133004
-331.134960
-328.826768
-327.453002
-329.733403
-322.904990
-329.912176
-328.172473
-322.170065
-305.331923
-324.958493
-333.087399
-329.937771
-330.794861
-323.533101
-324.203089
-326.755057
-328.798074
-328.609550
-331.389143
-322.683800
-328.872513
-322.502941
-327.292825
-331.872629
-317.089254
-328.917559
-327.939349
-324.495671
-316.425478
-325.778314
-329.830419
-320.994583
-327.959821
-331.817673
-327.286902
-327.183501
-312.401092
-330.171331
-330.498264
-328.376080
-328.227082
-328.096680
-254.677680
-351.062700
-324.861856
-329.968142
-329.446929
-328.616357
-330.093785
-403.948771
-329.526863
-330.566501
-329.085119
-326.623981
-333.605984
-329.325094
-329.822908
-330.965244
-328.513525
-323.074477
-329.561946
-330.108807
-324.175708
-327.563552
-332.436833
-323.318815
-328.173060
-330.336962
-327.907370
-312.480144
-322.478583
-354.078079
-328.218496
-329.675188
-330.265471
-316.560980
-330.817717
-328.976376
-312.452526
-328.690110
-334.248549
-337.633932
-338.859810
-330.234876
-329.580314
-330.665587
-328.562469
-325.206834
-332.518211
-322.890160
-321.842400
-328.488780
-329.703824
-330.740717
-323.653349
-322.916117
-328.475901
-328.443612
-331.650480
-329.318694
-327.770197
-327.328200
-330.319416
-329.588924
-329.255960
-328.090238
-328.314027
-326.699480
-329.438065
-326.572315
-328.711031
-336.168248
-329.239196
-324.795558
-329.157601
-330.074938
-327.643422
-328.451045
-329.706647
-329.241663
-328.224933
-329.985435
-326.566160
-328.944197
-329.184458
-328.072863
-329.817621
-330.906047
