-210.920916
-223.104979
-211.238078
-212.610990
-213.903324
-210.494435
-211.581094
-211.122642
-217.508274
-212.293725
-213.320384
-210.904782
-210.915531
-208.307294
-212.008786
-212.951284
-211.597581
-207.324150
-211.169619
-216.207446
-212.722836
-211.811874
-209.329845
-211.206538
-212.307676
-210.604975
-211.583781
-212.206186
-211.109755
-212.298088
-209.557469
-210.310749
-211.526939
-212.824040
-212.082173
-210.195000
-214.219489
-219.299903
-209.719118
-210.964393
-211.353296
-212.888362
-211.277903
-211.476297
-211.723012
-214.060095
-212.809917
-212.613075
-214.213363
-213.783392
-211.157446
-212.393628
-215.437060
-211.906426
-215.256824
-210.984831
-211.542335
-212.231442
-211.339844
-215.036008
-211.475150
-210.476743
-213.369594
-219.054279
-211.992973
-209.707170
-209.344735
-211.678290
-209.145792
-209.764415
-209.367880
-218.401261
-216.293390
-211.793895
-216.318356
-210.453873
-210.974582
-212.259790
-212.472621
-211.024127
-212.190020
-206.254728
-215.284797
-212.263316
-212.723161
-211.469830
-211.219559
-210.879232
-212.502431
-210.108042
-211.231583
-224.156629
-211.955214
-209.883931
-209.580060
-214.659512
-211.890961
-211.134174
-211.063557
-211.251309
-210.927964
-214.099640
-212.481121
-213.888230
-211.061603
-205.216972
-214.011277
-212.521484
-209.729965
-211.956952
-211.591933
-210.652758
-212.134753
-208.873332
-199.928671
-206.206522
-212.128618
-211.151004
-210.808153
-210.974076
-213.073985
-213.720783
-219.872967
-210.047340
-212.724452
-212.375181
-215.076080
-212.795774
-210.532256
-210.655767
-206.800007
-209.324341
-211.658901
-434.393533
-210.500601
-210.020701
-205.749180
-211.401581
-210.194610
-212.286361
-211.140298
-211.773021
-205.574230
-223.910906
-176.929463
-210.744203
-213.336118
-211.017397
-212.896883
-213.021497
-213.594124
-213.995087
-212.239433
-212.703267
-213.616569
-210.720323
-201.193961
-228.975862
-211.818886
-205.476062
-213.519268
-211.876359
-211.526647
-212.671345
-213.582336
-211.736622
-210.876776
-208.215102
-211.953104
-209.499689
-214.204297
-214.040169
-211.398154
-213.046535
-215.362379
-211.629044
-212.057997
-211.611064
-211.992097
-212.749855
-212.489753
-210.596532
-211.490599
-212.933701
-214.030993
-210.977568
-212.822521
-210.425240
-210.845406
-211.536787
-211.158802
-213.021866
-218.040016
-215.332916
-232.224619
-262.117054
-211.544448
-206.975191
-212.178947
-210.713581
-209.990013
-213.254201
-188.092826
-212.557990
-211.696089
-209.246672
-212.615865
-210.167540
-210.788076
-211.348009
-217.463572
-211.795711
-215.303829
-214.620501
-211.573631
-218.592894
-212.863803
-210.545198
-211.116326
-211.131403
-215.278215
-211.805498
-214.813482
-210.927768
-239.304387
-213.024582
-210.109482
-211.585197
-213.893726
-216.760873
-209.450915
-210.900117
-211.279271
-247.127211
-214.989007
-209.132641
-211.770380
-211.889807
-213.010341
-172.086833
-212.759670
-211.052204
-222.520103
-211.039601
-212.494444
-212.904393
-212.257905
-210.489966
-208.668531
-203.739343
-210.938321
-211.899364
-211.949833
-210.718753
-212.424009
-211.228204
-208.312010
-220.079330
-212.826825
-214.700789
-210.905325
-213.314619
-214.815818
-212.928456
-211.883423
-212.379386
-213.090290
-213.851616
-214.291160
-217.247076
-233.159986
-213.228303
-210.125046
-211.493384
-213.508600
-211.758992
-209.161860
-210.622705
-211.604204
-211.366334
-212.060587
-211.939631
-214.112240
-211.462854
-213.070128
-215.571021
-207.837073
-212.571102
-212.421580
-208.365531
-212.407213
-211.101342
-210.683785
-212.313456
-212.826001
-213.166972
-210.474347
-211.950928
-213.170344
-210.022390
-185.653109
-214.031357
-216.338409
-211.754367
-214.846205
-211.129364
-211.125714
-210.587579
-226.440884
-209.532094
-209.064044
-214.788470
-211.538840
-209.604866
-211.382629
-210.975730
-211.073934
-210.336409
1055.328724
-211.316111
-210.949094
-210.922252
-212.143041
-216.486480
-212.126907
-211.407844
-210.563486
-195.081844
-214.434102
-208.574466
-213.027995
-210.103664
-211.845625
-212.072299
-211.014830
-213.813020
-211.898522
-209.554742
-212.362021
-212.925293
-215.095658
-201.305552
-210.949259
-199.953261
-213.109828
-212.633847
-249.462463
-207.894146
-187.661960
-208.244678
-204.037303
-211.680595
-203.012051
-209.315550
-213.060206
-213.425655
-221.991210
-211.809133
-210.740768
-208.701673
-188.551648
-209.160947
-211.407018
-213.115030
-207.863187
-212.289113
-211.933696
-214.277419
-227.139593
-213.793725
-207.275714
-197.239132
-215.225596
-195.802804
-211.519163
-213.217311
-212.979079
-185.147803
-211.227736
-200.188434
-212.682382
-209.407460
-210.921595
-212.962227
-213.219852
-212.240891
-212.091151
-211.567496
-217.243938
-212.638035
-212.767993
-209.126259
-212.141280
-213.419650
-211.748746
-212.266030
-216.623156
-205.868417
-247.349909
-212.492536
-213.202528
-211.927377
-213.829593
-208.114823
-209.105400
-211.057913
-209.193377
-211.700388
-210.035017
-210.505141
-213.301900
-211.595101
-210.686184
-211.158533
-212.514640
-210.402874
-211.238874
-210.763036
-212.041771
-211.330380
-195.084364
-206.045756
-198.433328
-241.311333
-210.863284
-208.594657
-212.253881
-212.582648
-211.145441
-217.172945
-203.582280
-187.030228
-212.100341
-211.959155
-211.906904
-212.250916
-199.511941
-211.471829
-208.689724
-212.242303
-211.157187
-211.622843
-213.246340
-209.443682
-211.149764
-210.265348
-213.242484
-149.563615
-209.402316
-212.976602
-211.217705
-212.842499
-217.088560
-211.425945
-212.537100
-212.594038
-215.183137
-211.866477
-211.711575
-211.570615
-212.142636
-213.786084
-213.338594
-209.888596
-216.348858
-212.547265
-205.530978
-211.274865
-211.564700
-209.410384
-211.691191
-213.271013
-210.010288
-212.867353
-212.442658
-217.737031
-213.216173
-206.712110
-211.882024
-211.706370
-212.777837
-211.275831
-210.680992
-208.794757
-208.219915
-208.720558
-212.723691
-211.556724
-212.265784
-229.311457
-212.795332
-212.288906
-212.697523
-212.519970
-210.367464
-212.513072
-210.872701
-214.804332
-211.451515
-210.457998
-210.083838
-210.502747
-211.566770
-210.270710
-211.915830
-211.902121
-216.951307
-210.264510
-212.097790
-207.987402
-217.717173
-210.483557
-212.402173
-212.446292
-213.569634
-213.769343
-209.352028
-229.557341
-211.258245
-211.898133
-211.485469
-212.454575
-215.946408
-211.503514
-211.284916
-211.465534
-211.914376
-213.977581
-217.424706
-210.301540
-215.656709
-211.389716
-211.666580
-212.235284
-210.693914
-214.090464
-212.328414
-211.897554
-209.885816
-188.633906
-215.683033
-212.396138
-211.824606
-210.411374
-209.374180
-210.233972
-208.983784
-204.528677
-210.798525
-212.983452
-211.686644
-214.969826
-211.756111
-211.987395
-231.218320
-202.099331
-212.940851
-209.583182
-209.726506
-212.045064
-213.659697
-216.258849
-212.493253
-212.900309
-208.189707
-211.966986
-210.865078
-213.811572
-214.192708
-207.735171
-211.730375
-208.406025
-212.483937
-210.868400
-213.221803
-223.357429
-211.959157
-213.897277
-211.364789
-211.321241
-209.825728
-210.841602
-211.134097
-207.771026
-213.668870
-211.265778
-212.953816
-211.935431
-210.496647
-261.143244
-210.678493
-213.063406
-211.625053
-211.199758
-212.167287
-208.009413
-211.243140
-212.660177
-212.348065
-193.839314
-212.474420
-210.083738
-211.422746
-212.159602
-212.776854
-209.206290
-213.191113
-212.859664
-212.039801
-212.301706
-211.839475
-207.147933
-212.153752
-213.457367
-212.823740
-212.168032
-211.357606
-207.417854
-211.806652
-211.189915
-210.489467
-212.854881
-210.623355
-210.042968
-214.768852
-210.384578
-210.522978
-213.127211
-213.184046
-205.854194
-208.790646
-211.318852
-211.800015
-209.238957
-211.774412
-210.562942
-211.472643
-205.843427
-211.442107
-210.954002
-211.505038
-207.159617
-213.601755
-213.241618
-211.748380
-213.288189
-208.266720
-207.813601
-211.842417
-212.869966
-211.207927
-213.801139
-212.179645
-212.147287
-211.850039
-211.670020
-213.284782
-203.963620
-210.884852
-136.449119
-211.618120
-213.747308
-204.998862
-208.329981
-211.739168
-213.217650
-211.696776
-211.093267
-195.819791
-212.417893
-206.709106
-211.161691
-210.717885
-198.797330
-213.840554
-213.597108
-211.812464
-214.174562
-211.997385
-210.921496
-209.551514
-209.632808
-210.097971
-213.059182
-201.472545
-215.838206
-211.698022
-211.004264
-210.341307
-213.100614
-213.178492
-212.107543
-213.265988
-211.665785
-213.550347
-216.755085
-213.064745
-210.404169
-212.663768
-190.381344
-209.397898
-211.354106
-205.534532
-213.820739
-220.098807
-215.634288
-212.495407
-211.540446
-215.342864
-212.959031
-217.957171
-211.941750
-217.352344
-212.012856
-213.231623
-211.403231
-211.121534
-209.991533
-205.113928
-211.507252
-210.931900
-212.590415
-211.928298
-210.055952
-222.742873
-212.156479
-205.481871
-210.411162
-212.099961
-212.778232
-209.962744
-215.075404
-212.442105
-210.924432
-193.780006
-212.174657
-209.948747
-211.880470
-208.766690
-211.479534
-211.607669
-212.452519
-211.083411
-212.420813
-217.080230
-213.025173
-213.446074
-210.652201
-210.189360
-214.643502
-211.705540
-213.452976
-209.224808
-211.454880
-211.145660
-212.324192
-211.865084
-213.433320
-209.949654
-207.590361
-212.547570
-213.026979
-211.782620
-212.716640
-214.286319
-213.459797
-211.285267
-212.805315
-213.603339
-212.213528
-211.404372
-205.923023
-211.040030
-210.733179
-202.832067
-213.660041
-211.551166
-213.495051
-214.901796
-215.835238
-211.585892
-212.375608
-212.958957
-212.117389
-212.100565
-210.723458
-212.846361
-211.434423
-211.905147
-208.995316
-211.689209
-213.330417
-212.249565
-212.409569
-212.892865
-213.148899
-345.421645
-211.345024
-214.819970
-210.738882
-204.214405
-212.457067
-211.731730
-214.269697
-211.877714
-212.181393
-212.600763
-160.989501
-210.938711
-208.884402
-211.789811
-211.083340
-211.815239
-215.612523
-213.387701
-213.799961
-210.845659
-211.976997
-213.135451
-209.631931
-211.383708
-212.769563
-213.884243
-212.513888
-210.352566
-211.979167
-211.238018
-212.793826
-212.746054
-275.930135
-212.467593
-211.292394
-210.572990
-210.081443
-207.025603
-211.861759
-212.530448
-211.544728
-212.191995
-210.387253
-211.100665
-211.112894
-210.999365
-211.261557
-211.458146
-211.594936
-213.552897
-211.800343
-211.201437
-212.516542
-214.011869
-211.541402
-210.703592
-212.945443
-213.097405
-210.249912
-211.391874
-211.870801
-209.660319
-210.589664
-211.340274
-215.057227
-212.554496
-209.098968
-206.422458
-212.710264
-211.503495
-209.461456
-212.980571
-211.841693
-214.165404
-212.443883
-216.780694
-213.021200
-208.709847
-212.207252
-209.939884
-211.648150
-253.564316
-208.686161
-212.379969
-211.691465
-212.322530
-211.139127
-211.913733
-211.681763
-208.922749
-212.254497
-212.273999
-212.543456
-211.923531
-211.534715
-211.843423
-212.296136
-211.770926
-212.473872
-212.137927
-212.096320
-212.234302
-210.533946
-214.857295
-209.372845
-210.454159
-211.168734
-209.182974
-212.996144
-212.878577
-208.998494
-211.179290
-209.118174
-210.002100
-211.747399
-212.916308
-214.631246
-210.451486
-210.470108
-213.008012
-212.343368
-212.337439
-212.472601
-211.904296
-211.958494
-212.620080
-211.811610
-212.795414
-213.042121
-212.738350
-212.694140
-212.469420
-209.500307
-212.114330
-210.555370
-213.689165
-210.832606
-210.474883
-212.041054
-212.193124
-207.674726
-210.147502
-215.206524
-213.171889
-210.831979
-214.909383
-212.081759
-210.079414
-212.784795
-210.699342
-216.688938
-212.022001
-209.518510
-210.775171
-216.161953
-214.365346
-211.928246
-212.928752
-215.532789
-212.245987
-212.661091
-215.483384
-211.769103
-211.658292
-210.357226
-211.918868
-212.151467
-207.394303
-214.737485
-214.676726
-211.271339
-211.488265
-213.383024
-212.231263
-211.827508
-211.198043
-208.516652
-211.796690
-211.452916
-214.071202
-211.213796
-136.950347
-211.966907
-198.895986
-212.156745
-209.251897
-212.676677
-216.348197
-204.419923
-211.109656
-210.055563
-211.266663
-212.964469
-205.279685
-210.892335
-211.534789
-214.739745
-212.559734
-214.425004
-211.896119
-212.195541
-207.017706
-195.765263
