35.748718
29.578528
36.082808
35.884853
36.616415
36.425074
36.894608
34.223521
33.588101
36.716597
36.910323
39.040398
36.543921
36.793857
35.644407
36.289639
43.625780
35.003496
37.849871
47.898622
36.705773
35.633821
36.647606
37.388457
35.969344
35.629381
36.902055
19.971699
37.755858
29.830238
36.806685
36.494797
35.229111
36.729556
37.377745
35.795279
30.088708
36.711753
37.694711
36.194742
37.140848
35.629236
38.537004
38.939662
36.280486
39.697618
26.573758
36.985890
61.374521
26.269808
35.593205
35.865462
37.869062
34.347506
59.100092
37.635029
37.232840
36.238891
40.278914
35.599753
39.870241
38.406400
37.378592
36.590337
41.175219
37.221653
31.849948
37.055853
39.004740
35.502950
36.673250
35.332000
36.908641
35.699614
33.640056
35.062500
37.315764
35.517900
36.188923
36.365240
38.426159
37.554839
35.856715
35.841004
36.503538
37.375515
35.648284
35.975108
36.530710
36.772306
40.605878
39.562866
36.513767
68.564310
35.986297
36.086568
35.917475
35.522927
62.455169
31.241649
43.641148
36.694996
36.421265
40.736612
37.334103
36.554246
36.867409
36.413558
36.981696
1.583802
34.694426
42.776204
38.023562
50.087931
36.250931
37.383377
37.082237
23.015339
37.641135
36.849690
15.486091
36.131760
39.566955
37.467703
37.230504
38.157617
36.481627
35.413223
31.941133
36.155435
37.108450
39.077982
34.004025
36.539948
32.742598
37.113932
37.049262
32.643596
34.865017
36.409791
37.777225
37.501345
63.827037
36.679667
34.252698
36.918026
36.098205
49.663776
36.268638
35.740823
36.971449
38.533818
36.159512
40.246491
40.868121
38.188020
37.119523
34.370793
32.692411
37.138751
37.338410
37.339662
36.322546
34.976963
36.790532
38.470717
37.364828
38.091406
35.277935
36.934028
36.492065
36.237241
33.467607
36.484741
40.314911
31.598063
36.879325
36.933056
34.254343
37.055688
43.075217
36.581113
36.054018
37.198118
35.277093
35.325008
37.508104
21.932897
39.005913
-12.311466
36.714369
37.078131
34.942460
-77.126708
36.741299
36.560349
35.467075
32.370835
33.935597
29.952509
34.563229
37.791186
36.617187
37.377660
36.202190
36.370972
36.143140
36.445368
36.585062
39.318297
35.635336
34.582352
36.820776
36.123052
25.742377
36.428900
36.574201
38.077229
35.733162
35.772975
34.342070
37.213116
38.613018
35.811517
41.266558
36.616896
37.229503
37.120036
34.815505
37.182729
37.069567
39.338939
36.986403
36.550478
36.393881
35.657531
37.337058
37.519148
37.690110
36.426854
43.591311
44.284744
37.625950
52.111420
34.328316
37.481363
36.213893
34.239727
34.614133
36.239598
35.437139
34.503051
35.277408
37.227122
38.540010
43.488705
37.000106
36.128804
36.402650
36.897504
36.926769
53.723960
36.938179
36.761596
36.900167
37.743223
38.050446
36.511476
37.701873
36.044026
33.097570
36.705845
34.982645
38.108975
30.063474
38.401792
37.143596
36.107105
35.766095
35.736021
37.037553
38.852464
37.507921
38.929159
36.624272
30.971189
36.404331
36.232176
40.505121
39.491110
86.417354
38.608159
37.297496
35.780103
37.425561
38.141219
37.351630
36.242297
37.661079
36.199992
32.005039
35.221886
35.501478
37.606570
35.815211
47.304502
35.186013
34.473712
36.723995
37.021107
34.546053
38.674872
36.704999
40.500158
40.168039
35.443155
34.677219
40.157945
-50.908871
38.108048
37.944473
35.839994
37.690906
36.408714
34.548116
40.111126
37.208360
40.479816
41.969893
35.516710
35.425494
32.515749
35.483257
44.585822
33.232731
37.166472
37.670335
36.531545
42.055660
36.081659
17.103486
34.609355
35.970450
37.377598
36.859834
34.947798
34.591765
37.251283
36.791195
36.458757
37.545260
37.339275
37.078878
36.548949
37.600026
37.444829
36.931560
36.250767
36.430529
27.801741
52.238098
39.817024
58.451681
36.865272
36.274966
36.658602
39.385417
35.642552
37.317899
36.854759
38.131877
38.506168
41.827665
36.488843
34.847937
36.318496
35.792694
36.592731
34.386043
183.517015
38.090807
31.669232
36.587838
36.684258
36.575280
38.119458
36.816919
36.933549
36.592297
41.964248
37.736681
36.101294
43.471572
36.313088
36.916464
31.392807
38.150416
36.779701
34.565770
38.724835
38.034940
36.700857
36.081100
36.464483
35.660976
37.629372
37.216640
37.150106
37.701010
39.427087
37.394579
37.311925
35.740635
52.495443
41.791128
36.278789
35.796146
43.101074
35.466143
38.519544
35.741836
37.877472
41.838363
36.270561
37.445955
35.621773
36.628344
36.781516
36.881097
38.760397
36.511802
39.693130
31.537978
36.896253
36.968511
35.722616
36.974772
26.329688
37.281728
36.350642
37.468738
37.248868
33.925807
36.216598
39.275749
32.453085
36.317073
56.305334
37.618406
39.915470
31.844951
37.082385
36.009648
37.520537
37.021298
35.453767
35.728708
31.672684
35.822623
35.606744
36.862449
37.615218
36.693717
36.559321
36.263912
36.402265
37.800270
36.348684
34.902916
43.272258
35.960111
41.470579
34.196263
37.346988
34.763488
36.752542
38.227873
38.598996
40.018763
36.290636
27.199567
40.844187
36.870868
35.667461
36.519015
37.004571
37.557324
26.920672
39.638853
40.189091
35.503795
37.129866
39.656045
37.274518
36.354303
37.441537
35.166181
35.486421
36.994029
37.915647
35.460799
36.963202
36.213392
40.560049
35.308769
36.422869
76.995918
36.081186
39.656870
38.499008
33.407142
41.890049
36.383295
32.434251
36.883186
36.769818
38.480180
39.263539
36.941260
29.098997
36.712124
35.322250
40.624046
36.300088
37.020026
36.926449
36.716381
34.663377
35.185538
36.606017
15.290333
38.004940
39.275272
38.159859
36.266357
37.685198
36.921844
34.153486
35.761719
40.601065
33.792430
31.812620
59.483118
36.813432
37.821402
37.741504
39.200173
39.378501
36.927831
38.250263
37.234798
29.183577
42.065267
36.254470
37.025952
37.217084
36.282503
26.856921
36.319601
38.910478
36.929822
34.868884
38.213322
37.070403
41.193721
38.417210
40.840380
37.584810
36.393326
35.721119
38.776875
37.435531
37.830853
40.105848
35.203250
34.547344
36.622873
39.048407
36.215350
37.194917
37.125604
36.711106
50.853927
35.843986
36.262220
36.819108
36.613360
36.548241
32.159741
36.108761
39.369065
35.937586
37.179891
63.447400
28.993923
36.073188
36.815303
37.752277
37.660116
37.025814
60.099657
36.130229
36.750697
37.724030
36.198154
38.851240
38.732762
35.219789
36.983356
37.745912
20.767013
37.286550
37.218089
35.465731
40.512647
37.623017
37.748636
40.130171
35.445918
36.998760
34.791067
1.303411
36.101023
36.396539
36.578400
35.513748
36.933131
35.742017
40.425604
36.470633
37.365330
39.407572
36.885489
35.514390
36.845329
33.854441
80.750030
36.512772
32.114321
35.813429
41.464099
36.583524
41.362387
41.200420
37.948715
30.290922
150.092616
38.387860
37.286262
36.451171
37.203599
36.709767
36.512280
26.054818
44.029248
36.295226
37.144467
36.782442
37.693369
35.250975
-10.934810
35.281910
37.206724
36.314302
38.064552
37.538882
35.719682
35.561291
37.428095
36.035622
35.566615
38.419502
40.950655
43.331144
61.541832
37.559970
37.396993
28.944449
38.244228
21.259728
37.149673
35.571518
34.811194
36.565023
37.016321
23.699968
36.702240
45.699972
38.147838
36.475911
33.038427
38.367124
35.842808
37.382871
36.303823
37.425962
36.674624
36.707000
33.826426
37.882255
36.636358
36.115123
38.264646
36.641660
36.104153
37.500149
36.028802
34.064945
36.792637
35.637609
35.385476
37.531748
36.560736
29.318722
36.103758
38.896934
35.058061
35.478700
36.453063
38.673844
36.949844
39.903498
55.215146
35.835120
35.137867
38.775624
35.998833
36.602710
35.221207
34.333947
39.324460
37.157932
36.449914
39.140542
33.250717
37.795775
36.584614
28.367265
36.483088
36.218510
36.476091
54.256729
37.798760
35.883524
36.967908
35.733248
36.502970
37.166910
36.837694
36.063938
37.587416
36.882399
32.859811
36.403235
36.241042
36.723749
36.945497
39.096137
34.828956
-46.753009
34.246917
35.759610
36.352754
36.246955
37.094322
28.891488
36.857842
35.500531
38.005421
37.395138
36.301209
37.613510
35.586437
37.029244
36.574780
36.486658
45.371304
47.894481
35.657324
36.316325
37.306581
37.107179
36.327195
36.614796
36.209290
68.291778
68.125688
34.296171
36.561709
35.074638
35.773132
36.183596
35.826723
38.014579
36.185467
36.103460
39.022900
37.285203
36.963758
40.379552
37.010801
36.436491
36.281437
34.076781
-78.370389
37.754122
36.845497
36.971215
42.594201
36.435156
36.652016
36.303298
29.914141
38.688579
36.782223
36.057183
70.201247
37.368773
38.360274
40.404177
36.201636
36.704438
36.471136
36.690540
37.445736
38.849614
40.964218
37.631980
36.954633
37.264739
39.912576
36.672510
38.234476
36.016249
37.356413
50.141437
37.290398
37.137936
39.057241
36.166542
38.604615
39.321979
33.178685
35.345601
34.312097
37.147072
35.010445
35.994034
44.093367
38.584537
36.858166
37.497694
36.698313
32.400031
39.095080
36.279926
34.290399
36.393156
39.230055
37.712561
35.833580
37.100958
38.468294
32.196211
39.039646
38.567633
36.832642
36.264783
35.322412
36.872312
36.336020
35.731943
35.938276
36.877854
35.609665
36.691582
36.520611
38.875158
38.232127
36.005777
34.410243
42.187463
35.182851
41.239443
35.289272
35.865628
25.810542
40.382778
38.305074
35.046770
37.166404
34.261562
37.666598
37.318533
32.605951
38.527380
36.537577
35.719787
36.767677
39.211078
36.549104
35.619973
37.301498
37.425382
37.214802
72.237276
36.776521
30.367101
39.850175
36.494178
36.003941
36.110923
18.356045
37.718449
36.137343
37.068427
32.306832
34.474132
36.111948
42.369287
33.149777
38.068171
39.013185
36.434001
37.885911
36.239869
36.250438
31.285551
41.054332
37.202980
38.561108
37.636369
33.054264
35.883885
48.637977
31.073272
36.988387
32.831752
37.376439
39.424813
37.836574
37.228790
37.576581
41.264970
38.731565
35.156247
43.052148
31.850461
34.979010
36.523877
35.659650
37.213655
63.483045
38.067081
36.301178
64.079405
34.647223
35.584580
37.457115
36.917082
36.705532
36.544390
36.667942
36.967089
37.256683
36.559351
35.494106
37.732919
37.902749
37.347729
35.860487
53.121782
44.441921
25.426831
38.994898
31.614969
37.958405
36.493613
45.980795
36.227665
36.638330
43.771537
35.336913
37.483949
33.188809
34.688481
36.427841
39.774513
34.063245
44.581314
36.450424
36.602714
39.854514
36.589978
51.641456
35.992186
32.668721
36.584637
36.319005
51.612015
