-84.573818
-87.544186
-87.016079
-87.532253
-88.974492
-78.399113
-87.652291
-87.474326
-87.573445
-89.155939
-87.245480
-85.889743
-88.840903
-87.423297
-84.495691
-89.873888
-89.365478
-87.747306
-88.334320
-88.367020
-85.669793
-87.766987
-88.298870
-88.020851
-83.692882
-87.233595
-87.581798
-84.430406
-90.104790
-90.405722
-88.157549
-87.088129
-86.217926
-87.226200
-88.386498
-87.543210
-88.887160
-122.760171
-85.378356
-88.545149
-88.791831
-82.353235
-88.947568
-85.164911
-86.604576
-86.747595
-87.253764
-88.694046
-86.616717
-90.375288
-84.854427
-89.504635
-88.180747
-86.891082
-88.324172
-88.864181
-87.068638
-86.835904
-88.984474
-86.216350
-88.938882
-86.525437
-86.252034
-86.250781
-67.669385
-85.836306
-87.235122
-88.915175
-90.635794
-85.607582
-89.770944
-91.635141
-86.992730
-88.305958
-88.519864
-86.569456
-86.919426
-39.280541
-87.994026
-87.127214
-87.709584
-80.757030
-90.918956
-86.089411
-81.971482
-70.507064
-85.526570
-84.878314
-89.220683
-86.184976
-81.953557
-88.103921
-83.949337
-87.570049
-88.703912
-88.203649
-90.676086
-88.358336
-88.785877
-80.921667
-88.933538
-94.290700
-79.888047
-87.861401
-85.992695
-91.313074
-88.332069
-84.865970
-85.171529
-87.871713
-88.282776
-87.526882
-87.419916
-86.642445
-82.773595
-88.330067
-87.590879
-88.091141
-86.315168
-87.759776
-86.906987
-87.759116
-88.031383
-86.312035
-88.923198
-88.412533
-78.321528
-88.130844
-86.948103
-85.574784
-88.742047
-87.277165
-62.695654
-89.758822
-88.432651
-87.909966
-88.202386
-77.498572
-87.190683
-89.361667
-81.794398
-90.110202
-85.619059
-87.767672
-86.618629
-88.717938
-86.271209
-86.608628
-88.019070
-88.388131
-87.556334
-84.692545
-93.214454
-90.452277
-83.489575
-90.936700
-88.179490
-86.666248
-82.452031
-90.200253
-86.884898
-83.878845
-88.257693
-88.281069
-86.183086
-82.536085
-89.328962
-88.144395
-88.128677
-88.225751
-86.218211
-88.436757
-88.425847
-89.986211
-88.220578
-88.372350
-87.140668
-89.115770
-81.771229
-86.832272
-87.156757
-86.276128
-93.731156
-89.293903
-86.712554
-86.575987
-87.741214
-87.565690
-88.273998
-90.815184
-87.238651
-91.006067
-87.640472
-89.062440
-89.700670
-101.980960
-88.712765
-86.721699
-87.851545
-87.747562
-87.901683
-132.435494
-86.969913
-83.715837
6.073303
-87.683470
-86.321451
-88.107193
-78.216952
-70.152383
-85.222224
-87.697904
-86.994010
-87.075481
-86.610514
-93.246347
-87.656593
-87.778655
-87.775090
-88.612924
-88.089350
-88.314511
-87.594111
-90.182796
-86.603275
-57.917846
-115.688252
-86.438774
-88.591921
-77.060232
-85.181570
-104.385782
-75.048727
-89.829420
-87.858705
-87.566374
-89.145885
-101.159977
-87.503182
-86.810771
-95.942014
-87.039540
-87.657899
-86.515726
-87.909547
-87.474375
-87.138357
-85.163331
-88.914762
-88.904205
-86.930431
-90.814222
-86.072482
-88.292546
-87.378947
-87.368212
-87.666220
-88.123649
-88.943419
-88.533555
-89.053272
-88.200699
-90.896463
-90.324824
-87.394856
-88.045241
-87.643483
-87.422191
-88.979285
-88.351042
-89.903595
-87.637380
-86.832095
-86.451195
-89.384172
-71.866264
-90.356489
-89.747534
-87.123252
-32.688278
-87.270381
-85.480544
-85.007417
-39.365159
-86.937988
-87.395224
-86.261591
-81.427705
-76.098067
-86.776990
-81.870384
-88.447726
-86.794971
-86.424931
-84.773705
-87.324561
-88.453202
-82.496914
-88.467881
-87.942448
-87.385467
-88.889406
-88.289068
-84.917504
-88.057687
-87.904954
-87.036057
-89.431296
-87.157055
-87.747502
-87.095051
-84.264141
-87.739418
-88.844111
-87.146334
-88.392221
-87.962034
-85.759196
-87.841474
-86.214857
-87.677522
-87.887413
-78.864204
-87.319399
-87.818235
-88.553432
-92.315175
-87.606492
-87.102690
-70.075273
-91.799011
-87.472212
-86.356614
-88.266679
-94.038384
-88.064286
-87.898677
-86.679246
-91.268499
-88.034654
-87.878943
-85.783649
-91.479019
-88.253219
-87.436379
-86.435643
-85.106426
-88.282743
-84.114506
-87.416843
-87.974310
-88.665848
-91.900982
-87.077542
-77.556525
-91.028817
-89.677986
-87.643924
-88.321524
-84.441112
-89.070049
-87.401148
-87.735804
-86.982076
-88.463160
-88.979162
-85.539750
-85.682978
-151.143050
-84.000887
-88.797350
-90.322388
-87.187506
-85.560631
-86.422892
-88.502864
-88.076041
-87.728919
-82.663163
-87.107953
-87.769086
-87.571370
-87.074767
-88.204402
-80.159096
-88.797814
-96.202865
-87.110360
-86.236317
-89.126863
-87.332148
-87.046800
-87.219961
-86.854900
-87.778834
-88.137476
-87.237344
-86.823855
-92.798507
-91.043161
-89.649454
-87.089386
-90.494074
-85.778314
-87.352062
-88.659463
-88.461757
-89.397708
-88.632078
-87.265696
-88.743961
-87.253566
-96.334659
-78.180438
-87.257140
-83.323416
-87.424093
-87.144447
-91.490413
-87.697249
-87.562269
-82.865582
-86.981533
8.140486
-83.369860
-87.621984
-87.895409
-88.071787
-88.407166
-85.491179
-99.321501
-85.484116
-84.976890
-88.525104
-90.220727
-88.521007
-88.274607
-88.030235
-99.935197
-87.938631
-88.007024
-85.227265
-86.959686
-86.249833
-88.768696
-85.890769
-93.186235
-85.391618
-95.570201
-90.201093
-85.926994
-90.392789
-88.434313
-74.581713
-86.958351
-87.781079
-87.756050
-12.323009
-87.576371
-88.794444
-62.175138
-91.304446
-89.026451
-88.764912
-87.918611
-87.113160
-89.116819
-88.503065
-89.013293
-75.883438
-87.815204
-88.285422
-86.691272
-87.361798
-89.287449
-87.999622
-88.377676
-88.656673
-100.309727
-87.965610
-87.468417
-88.891528
-99.037043
-88.160171
-87.953474
-93.548134
-87.962000
-88.080368
-87.159214
-88.092408
-89.685823
-87.779161
-88.163383
-89.647229
-84.858602
-87.481725
-87.253101
-82.580003
-87.835496
-83.811764
-89.432329
-95.758460
-87.586911
-85.813334
-87.890501
-87.417227
-87.593648
-88.417357
-88.353439
-87.800978
-89.800998
-85.057740
-85.745108
-84.522405
-88.815452
-87.452141
-88.736544
-125.655004
-82.503982
-88.441585
-87.238569
-89.326011
-81.348688
-84.747572
-87.399115
-86.769046
-80.929362
-86.749824
-88.582803
-87.269238
-87.207744
-87.850237
-81.423819
-86.768103
-60.444265
-89.213199
-89.286662
-86.217910
-86.109975
-82.481098
-88.109220
-88.928922
-92.951580
-88.444192
-88.213694
-87.307376
-88.383017
-166.766470
-85.585772
-87.168932
-88.632478
-86.837230
-89.929124
-87.923284
-87.903128
-89.143645
-90.426944
-91.088359
-86.433802
-84.425649
-86.196296
-85.748949
-88.488283
-87.264060
-95.805242
-86.682498
-86.172961
-147.697102
-87.361361
-97.060147
416.331687
-106.065745
-87.691083
-87.917563
-75.387366
-90.755779
-89.265649
-87.451631
-85.600929
-87.118569
-87.722557
-78.845872
-93.539906
-88.016124
-87.735111
-89.818711
-86.975600
-84.170897
-88.045135
-88.228077
-89.942980
-86.128351
-87.912787
-88.406320
-88.624970
-88.941115
-87.738927
-88.144129
-87.518472
-87.017217
-85.230045
-87.763125
-88.819390
-87.166521
-78.728345
-88.081432
-79.737537
-89.454043
-86.589652
-86.219131
-86.407545
-87.764438
-89.086973
-90.519839
-87.400058
-87.938946
-87.849824
-87.768026
-87.498697
-91.100428
-86.430391
-85.442487
-87.943507
-86.853659
-87.126919
-86.779273
-88.372966
-93.442952
-87.292991
-87.764236
-86.664732
-87.456671
-89.083204
-68.772510
-90.257277
-82.037285
-85.558960
-92.506778
-87.660535
-87.910214
-98.640460
-81.072684
-88.882754
-87.986118
-89.456989
-88.951606
-91.755192
-89.142187
-88.468922
-88.656549
-88.403206
-87.935237
-87.881728
-85.908369
-85.690639
-86.476198
-86.614105
-86.429396
-86.232810
-87.348438
-83.400993
-86.644317
-101.133595
-78.632681
-86.203705
-86.579357
-89.147191
-85.909363
-87.566991
-88.121079
-85.196051
-88.758746
-88.055480
-89.675848
-87.622110
-89.331563
-85.819816
-84.582447
-86.244627
-87.809538
-86.532119
-87.812973
-84.368602
-86.626819
-86.920000
-87.117949
-87.728482
-87.353695
-90.123457
-89.560566
-83.003288
-88.780322
-89.089809
-88.480076
-86.752210
-85.533656
-87.347273
-89.763662
-62.346203
-84.057689
-87.393789
-91.623582
-88.219979
-87.134628
-86.612020
-94.083989
-86.274132
-87.837257
-85.474070
-87.327940
-88.360888
-86.909184
-86.297433
-84.221068
-82.154059
-87.144414
-88.434860
-86.858894
-87.129043
-87.727557
-87.696388
-85.206280
-85.609176
-89.073712
-88.323808
-89.445478
-115.311187
-87.441156
-84.872156
-85.135425
-81.910293
-91.067951
-87.878991
-87.209189
-83.811891
-87.990534
-84.500838
-89.539850
-85.642690
-103.204594
-87.793019
-82.798564
-87.361207
-86.019962
-82.438296
-87.807894
-91.374752
-87.479054
-87.993986
-91.200057
-86.604781
-166.951408
-88.272110
-87.354242
-86.655209
-83.526898
-85.137272
-87.862719
-78.458028
-88.555178
-88.071450
-87.921028
-89.130203
-89.460407
-84.408593
-83.981095
-89.841778
-88.571550
-87.061541
-87.942883
-85.411311
-86.564747
-87.563099
-86.894904
-91.130138
-71.161397
-88.039555
-87.871249
-84.546736
-88.728933
-87.669539
-88.858583
-87.979112
-89.344458
-102.406296
-86.761724
-90.035235
-89.050249
-86.254943
-88.212557
-86.119430
-87.757110
-88.652434
-87.049021
-84.225952
-85.110625
-85.077433
-87.316479
-89.022760
-90.917404
-87.400633
-86.246560
-86.592265
-87.364625
-88.060076
-90.496197
-91.713580
-80.834488
-85.421610
-87.605430
-84.220737
-87.398215
-86.424027
-66.684532
-89.084830
-71.690745
-113.402418
-87.964055
-88.607556
-88.467555
-89.218562
-67.382837
-88.739485
-87.583763
-87.518645
-89.995348
-93.786835
-89.321585
-85.369783
-88.066925
-88.819612
-85.300474
-86.364195
-87.024586
-87.327077
-88.966803
-87.933036
-89.333337
-88.186422
-87.664867
-88.510693
-88.909848
-98.314884
-87.198783
-86.829272
-87.924542
-87.078328
-87.724534
-76.146629
-88.937853
-85.270631
-87.703254
-89.613593
-88.093920
-87.862345
-88.075347
-88.783501
-88.657240
-81.564731
-86.296529
-85.149531
-87.841778
-100.130274
-88.582372
-87.780107
-86.950075
-86.875635
-86.895900
-87.649847
-87.292352
-109.443380
-88.782350
-92.476596
-87.151935
-90.872797
-85.957236
35.388893
-92.490962
-86.644602
-86.931243
-100.914140
-85.941119
-97.662714
-86.154011
-87.241459
-87.513323
-80.778191
-87.160301
-82.345062
-86.526032
-85.939531
-88.551624
-87.946505
-85.130774
-83.504655
-86.561113
-90.904075
-85.886140
-85.445300
-88.671003
-87.699355
-88.282546
-87.893376
-88.944717
-85.564887
-90.890280
-86.852933
-89.278968
-86.080800
-87.497476
-77.330687
-87.701609
-88.839187
-88.605637
-89.628425
-86.947790
-92.375605
-88.079197
-87.346187
-88.920303
-86.172226
-86.539144
-88.167464
-91.488906
-84.712160
-87.778626
-87.698587
-87.272428
-80.292423
-88.064114
-87.695712
-88.947751
-88.672861
-86.487659
-87.823527
-89.738606
-83.311711
-87.637920
-88.772332
-86.888161
-86.268656
-87.925279
-106.200906
-87.437351
-85.117905
-87.348049
-88.079926
-93.398119
-86.577621
-82.319227
-84.541577
-85.791867
-86.963755
-92.017024
-86.222227
-87.759190
-89.699639
-90.285026
-74.945077
-87.812725
-87.902446
-85.843355
-95.817399
-87.340837
-69.822816
-87.717178
-91.749178
-87.443319
-88.106958
-89.745295
-89.390682
-137.572175
-86.890779
-80.489312
-86.725872
-89.128758
-94.249514
-88.761008
-95.903950
-86.487375
-80.877262
-86.631142
-87.265626
-87.215582
-88.621304
-88.407603
-87.588768
-84.510237
-79.708683
-82.121527
-87.433961
-76.713406
-84.503444
-87.135429
-92.557184
-84.812008
-86.757549
-86.567155
-75.665350
-90.298284
