-390.435410
-392.973873
-392.374003
-393.355820
-392.762417
-393.208854
-397.236036
-393.278440
-384.702202
-395.044436
-393.358324
-392.938561
-392.580606
-392.068590
-393.348721
-394.529897
-390.185831
-390.635167
-398.441546
-393.180173
-392.628332
-392.927591
-392.250253
-392.484598
-393.575735
-392.498885
-391.904433
662.220611
-391.395346
-392.498114
-390.450691
-392.824180
-393.334985
-393.219200
-380.818230
-393.019882
-392.121159
-397.597237
-381.646804
-390.750148
-408.080901
-393.352418
-393.688699
-392.122403
-392.119169
-392.481444
-394.157924
-393.228022
-415.323414
-390.958087
-393.128695
-394.616800
-393.774703
-393.420294
-392.175780
-398.152091
-391.691305
-393.475250
-392.541199
-392.128022
-393.591842
-394.121116
-376.558450
-392.270443
-395.982843
-394.751780
-394.081542
-391.286463
-396.065163
-390.379295
-392.144609
-392.353556
-394.277806
-397.048910
-449.804069
-391.323613
-395.051906
-389.975203
-394.168294
-404.796922
-393.439875
-393.761675
-392.299632
-342.474004
-392.082785
-389.648945
-393.491671
-393.043478
-392.504183
-392.471567
-390.027926
-392.182866
-391.824946
-391.068229
-392.811725
-392.702820
-391.214452
-398.353472
-392.649733
-393.589746
-391.829120
-391.130277
-389.629732
-392.784134
-395.717995
-393.152881
-438.733439
-392.040683
-393.464360
-391.649006
-392.262571
-393.148251
-392.440286
-392.826957
-390.768519
-393.840697
-393.037686
-392.736382
-393.187456
-527.861067
-393.220937
-397.155869
-392.057613
-392.599784
-393.502843
-394.141165
-390.990897
-392.582447
-388.314746
627.432067
-399.443462
-394.232694
-390.243561
-392.835448
-392.408172
-389.223145
-393.087520
-393.599073
-392.615742
-394.045663
-393.660843
-393.570394
-390.984413
-395.383156
-395.871808
-393.570970
-393.141400
-392.488645
-389.988595
-392.924420
-392.245235
-391.695370
-393.038339
-397.935202
-608.190291
-395.616922
-393.300333
-396.561492
-391.773103
-393.412360
-393.474623
-395.251115
-395.021763
-392.591959
-392.641132
-396.244112
-393.318263
-391.920251
-392.146694
-393.969513
-392.982653
-395.259061
-393.846052
-394.006130
-392.708822
-398.968583
-392.815216
-393.097852
-392.385469
-396.564313
-390.098796
-390.829303
-390.151556
-392.333903
-389.862755
-396.893436
-392.738154
-393.777714
-391.703737
-393.994513
-391.781107
-392.916852
-393.515073
-392.229837
-392.445794
-388.696992
-393.734640
-392.889441
-392.377730
-392.158209
-393.105916
-389.679324
-387.994950
-391.816194
-390.697773
-399.677519
-393.462137
-392.570879
-393.057345
-392.922341
-391.163108
-400.406302
-393.009011
-394.586558
-407.047478
-388.862173
-387.361284
-391.008244
-394.097484
-392.731507
-397.435810
-392.664301
-393.106664
-389.056897
-394.944577
-391.609081
-392.773806
-397.206362
-393.087968
-393.053242
-394.473601
-391.980578
-392.147803
-392.274298
-393.124981
-392.353259
-391.376196
-391.260537
-394.299911
-394.063997
-389.351118
-386.108414
-393.354330
-391.923786
-392.445778
-383.966488
-394.099952
-396.091770
-393.298784
-392.263089
-391.418143
-394.021019
-391.997689
-392.619359
-389.665997
-392.771559
-394.814795
-393.795586
-392.976541
-392.342593
-394.914852
-392.375445
-393.859176
-392.163827
-393.073291
-393.425519
-389.353058
-390.320477
-392.819798
-418.759682
-359.607068
-388.772063
-393.921825
-392.827021
-391.041307
-393.570158
-387.401252
-393.313394
-392.631646
-391.999612
-392.159309
-390.779726
-399.791637
-393.157318
-395.378407
-392.323113
-391.908063
-390.573856
-393.201301
-390.763628
-392.949532
-392.220619
-393.200169
-392.689514
-391.253796
-395.353203
-386.872923
-354.123456
-394.316213
-386.336956
-392.179764
-393.105818
-395.211370
-393.829246
-391.234348
-392.760283
-392.120360
-392.078076
-391.876914
-392.225107
-380.864145
-393.115247
-390.116631
-394.171443
-392.635709
-390.836956
-393.064104
-390.983121
-389.695458
-393.100559
-392.963666
-392.552114
-394.435762
-378.316636
-391.845712
-391.514744
-392.391688
-392.471355
-392.874547
-391.994072
-391.379705
-392.634253
-388.967304
-411.301578
-393.016669
-392.632752
-392.199687
-386.723701
-396.079255
-392.410115
-394.149287
-393.030063
-393.120458
-393.922439
-382.984046
-392.761131
-392.963880
-391.894374
-399.334657
-393.821904
-394.819551
-397.987263
-384.476924
-392.943310
-390.079430
-384.347813
-392.988120
-392.913463
-393.240164
-390.654536
-392.008684
-392.145331
-393.053025
-394.677948
-393.717006
-395.436192
-392.775640
-395.026782
-398.703776
-392.383094
-394.847307
-392.473942
-393.770627
-392.668463
-392.174547
-393.807170
-392.614944
-392.168473
-393.086885
-389.199585
-377.605717
-393.137296
-392.909332
-392.253833
-391.446736
-398.562374
-394.012668
-393.032876
-397.940051
-393.577245
-392.865531
-394.029990
-392.639539
-393.156286
-392.758279
-392.345951
-391.662283
-393.923013
-392.515725
-392.781899
-416.625031
-394.763844
-393.282701
-395.754287
-392.200218
-394.392247
-393.825245
-385.696157
-384.644875
-393.179426
-395.283761
-394.345929
-393.169888
-393.236226
-392.868601
-372.375224
-401.565689
-393.449673
-393.255870
-378.932542
-392.197021
-390.368641
-392.220648
-392.256152
-393.795098
-393.060498
-392.430557
-392.460674
-393.003786
-394.715206
-403.813243
-388.084793
-391.518792
-391.664179
-392.574240
-391.866246
-394.114979
-392.949317
-390.731217
-422.332192
-392.224025
-392.198818
-393.929009
-391.058443
-391.910574
-392.153907
-391.259682
-394.005983
-392.989380
-393.584076
-392.925851
-391.386066
-392.650033
-391.897301
-392.101154
-391.791921
-394.705599
-395.300707
-392.450077
-390.486721
-409.227271
-393.345972
-394.665736
-394.400980
-393.089208
-390.762072
-393.078153
-392.346778
-393.186482
-393.012023
-389.121208
-396.687846
-392.441369
-392.110405
-393.552837
-391.783382
-359.841642
-388.299491
-393.477179
-396.080343
-391.931514
-392.715441
-402.741577
-392.312396
-393.181915
-393.051758
-391.748398
-393.445173
-394.328640
-392.966742
-390.720406
-390.525392
-393.046350
-392.726894
-393.092018
-392.651846
-589.614454
-393.732077
-392.837588
-394.820809
-389.468496
-385.894945
-393.678954
-403.897076
-392.146586
-393.140964
-394.509024
-391.863505
-395.260288
-392.402559
-391.762398
-392.495861
-410.513639
-392.165014
-336.582770
-392.479191
-400.411621
-389.707055
-390.757958
-391.182832
-330.783666
-392.596304
-393.641126
-391.116083
-392.211218
-392.490580
-390.500912
-389.597451
-393.086383
-392.010999
-393.495096
-392.206346
-392.508390
-391.839218
-391.795751
-305.622424
-390.364934
-396.157507
-396.003074
-391.393617
-391.163041
-391.586789
-392.098993
-394.436216
-390.880672
-394.224954
-392.886525
-392.070149
-390.387492
-393.447035
-392.148804
-391.895218
-392.630510
-396.243088
-393.721551
-395.899240
-391.525990
-396.183515
-394.077559
-391.736564
-396.625112
-392.565150
-395.677735
-391.314186
-394.154922
-392.587023
-392.503997
-392.959611
-393.468318
-393.108922
-394.029020
-391.733231
-387.921393
-393.550393
-393.292762
-390.547822
-392.777449
-392.328569
-391.615042
-392.233653
-402.893684
-394.246986
-391.879100
-393.104165
-394.766193
-393.751188
-389.363100
-394.509041
-394.122378
-424.090476
-393.199337
-395.900092
-391.239603
-391.288964
-393.078886
-391.814242
-393.676710
-391.917592
-392.198520
-393.989397
-392.966820
-392.513068
-389.286057
-391.211754
-394.890642
-393.063884
-392.303842
-393.428787
-427.119204
-393.075794
-393.549071
-392.513914
-391.899123
-392.259130
-391.986409
-393.711605
-390.156012
-394.111694
-392.072618
-394.315661
-397.456967
-393.151523
-393.721863
-391.172573
-389.554380
-392.900006
-393.039359
-393.451702
-394.514376
-393.074392
-391.557450
-392.838124
-393.072422
-392.408313
-392.866924
-391.845985
-392.114871
-391.979566
-392.058889
-385.806749
-391.580376
-393.282115
-371.093699
-392.619118
-392.803908
-393.867949
-392.651140
-401.151520
-391.527875
-392.905526
-392.371415
-392.205635
-392.567706
-392.903007
-388.047335
-392.264506
-392.656652
-393.381456
-401.995502
88.848123
-394.795023
-360.945308
-392.693402
-405.854740
-397.060598
-394.016868
-392.069620
-389.590918
-393.842546
-393.525647
-395.026667
-392.729861
-384.537257
-391.784318
-392.706257
-392.056022
-393.719289
-390.947439
-393.031887
-394.108277
-393.019839
-392.886020
-391.020594
-392.098724
-392.662519
-393.107784
-392.499462
-387.275908
-395.570189
-394.859893
-390.667703
-392.702011
-393.125413
-392.720609
-393.306576
-393.185989
-393.819999
-394.557344
-393.204097
-408.041895
-393.609953
-392.234292
-393.399535
-392.192453
-372.152280
-395.813910
-389.937113
-377.636389
-393.515266
-393.582228
-1419.586731
-392.255704
-416.690865
-394.097313
-391.952263
-393.383980
-386.537986
-393.044182
-393.260526
-388.467451
-398.750668
-400.530758
-394.725491
-393.498844
-394.144259
-393.111056
-399.256613
-391.433100
-388.431325
-393.223542
-393.122191
-394.795038
-392.841938
-393.573340
-393.146752
-387.245843
-392.275470
-393.944594
-393.433663
-393.865886
-392.391489
-392.938561
-392.723133
-393.257716
-393.517952
-391.609897
-391.724679
-392.601304
-392.318747
-392.420311
-392.170515
-392.528574
-388.104237
-393.410256
-391.979243
-388.956486
-393.382942
-391.066436
-389.193949
-394.589574
-368.621273
-391.002578
-393.045938
-392.350566
-391.219528
-391.983708
-389.509856
-392.705792
-392.344395
-391.846728
-393.568749
-391.118954
-392.030238
-393.141276
-392.354908
-392.512057
-393.373473
-392.789653
-396.518657
-392.214252
-391.856956
-393.041310
-390.112755
-393.224815
-392.891527
-392.874618
-395.796550
-393.194141
-394.226084
-371.286691
-392.462947
-390.317930
-393.110810
-391.785957
-395.306926
-393.410165
-393.058531
-390.494078
-394.724322
-393.370321
-392.318722
-393.128321
-393.224537
-398.248043
-396.743674
-396.652183
-393.147282
-393.309745
-393.828807
-393.016580
-392.540756
-351.771945
-392.413419
-393.071567
-392.259380
-392.048971
-368.676729
-392.271316
-392.870689
-390.370875
-393.427328
-393.437790
-392.330943
-394.276624
-395.214146
-380.101132
-389.224805
-393.388286
-387.500802
-391.850259
-395.632892
-389.687232
-393.225125
-392.347207
-394.078326
-390.801024
-392.868042
-397.763541
-454.174405
-395.078724
-392.964146
-386.643054
-389.866518
-393.254774
-394.120455
-391.147039
-393.487093
-388.083598
-395.458873
-393.026458
-392.298222
-391.000094
-394.864063
-391.322685
-392.097180
-392.271906
-391.533524
-392.432968
-392.218871
-414.954369
-388.275653
-392.201495
-387.667794
-391.198543
-391.265265
-392.528869
-437.225626
-395.104527
-391.386834
-391.721013
-391.919644
-392.898567
-395.932089
-393.474812
-393.463980
-391.055352
-391.959351
-393.112345
-392.841687
-394.119054
-389.211503
-394.111833
-392.552211
-392.011632
-392.465673
-391.526274
-392.258212
-390.703593
-396.155953
-392.089452
-392.173321
-393.724400
-393.115406
-393.081687
-394.105833
-392.611178
-393.836538
-391.806389
-393.340802
-391.825013
-393.581492
-391.204015
-396.139796
-392.964416
-393.095260
-388.300795
-402.788422
-392.477017
-393.188894
-392.681452
-392.525411
-392.637744
-392.696734
-392.966067
-392.588889
-392.091825
-393.702947
-396.293887
-395.595960
-396.148378
-392.287675
-393.455252
-393.538485
-391.978787
-392.890081
-395.303826
-391.033172
-391.474072
-393.806526
-393.096434
-397.152007
-390.135790
-390.688631
-392.678047
-392.444516
-392.205100
-381.616737
-396.047796
-389.437865
-392.559411
-390.267660
-390.836721
-394.211928
-392.411827
-392.935438
-389.654121
-394.351475
-336.715792
-393.699417
-391.213120
-392.626738
-390.140793
-391.717779
-392.406010
-401.330025
-390.660239
-392.123801
-392.826097
-395.118164
-393.711054
-392.406881
-392.465088
-398.970472
-392.386226
-392.598921
-393.433937
-390.911152
-393.454984
-393.246215
-387.416540
-389.998127
-395.088705
-393.505278
-390.298964
-392.654514
-392.168620
-395.783483
-392.172221
-393.342435
-391.390602
-391.498296
-393.597075
-425.448222
-369.004507
-392.812803
-392.697206
-392.328886
-466.236433
-392.881385
-392.743792
-391.500244
-388.047934
-392.499643
-390.851470
-395.574837
-393.102737
-395.427599
-393.312817
-393.276734
-393.281064
