-116.098539
-117.867544
-117.454897
-108.611636
-117.325351
-117.552961
-114.766154
-142.840389
-120.849571
-116.696787
-119.963270
-117.908195
-119.605509
-117.516862
-117.803763
-119.739177
-115.546463
-118.915271
-116.485887
-117.275443
-117.733803
-115.620089
-116.756258
-122.092730
-111.492188
-114.843349
-115.447470
-123.074898
-117.186619
-117.056337
-117.713460
-116.494435
-117.664434
-115.433434
-119.103099
-116.891352
-115.164419
-120.541770
-117.291138
-126.908207
-118.136763
-117.736850
-115.095119
-116.401141
-117.574299
-124.307531
-116.654590
-117.795468
-116.707748
-114.528547
-116.491794
-114.239631
-117.756509
-116.230666
-81.711616
-118.243301
-118.318545
-116.260602
-117.101000
-118.068899
-116.015000
-116.687710
-117.364679
-115.961451
-117.780867
-117.819452
-115.097450
-110.284798
-111.736365
-117.939090
-113.711129
-128.861802
-117.641382
-117.888988
-116.419845
-116.914748
-114.697825
-118.335282
-122.073726
-118.022200
-116.587764
-119.726854
-117.368923
-117.544966
-117.326022
-116.038529
-115.024336
-117.045004
-114.348963
-104.826509
-112.590149
-123.486286
-115.389912
-114.275008
-118.868145
-116.989710
-108.685261
-199.788987
-116.119098
-116.840507
-113.601815
-121.294151
-117.298370
-117.328399
-117.039077
-117.689430
-117.726085
-118.113182
-116.680808
-114.789800
-113.616293
-117.786724
-117.668141
-117.060340
-117.092026
-113.751400
-120.434062
-117.638609
-119.110118
-116.489454
-118.062019
-116.914752
-127.986900
-127.540759
-114.898474
-117.184007
-117.198850
-118.149143
-116.859789
-116.349128
-112.193543
-117.823847
-116.401301
-118.779326
-117.864596
-255.755851
-132.590336
-116.439753
-117.951121
-115.629831
-119.042890
-116.880959
-116.800135
-98.958654
-116.767731
-117.434577
-115.671001
-121.382450
-116.353981
-121.212673
-115.610089
-118.334473
-112.487033
-113.842799
-117.565076
-116.736712
-115.758989
-113.337369
-116.804670
-117.026372
-117.439422
-117.581435
-117.462984
-117.939694
-117.032553
-118.096521
-115.983084
-117.866706
-117.818210
-117.124562
-116.917201
-117.984524
-115.935393
-117.117937
-131.670902
-116.601855
-118.520392
-119.193289
-117.206568
-115.240242
-117.837752
-114.614961
-116.311117
-116.745880
-116.648087
-118.476985
-119.248218
-115.847767
-121.449252
-112.873501
-117.446352
-113.555981
-116.204907
-116.090123
-118.013977
-116.697546
-66.956178
-116.622264
-123.551385
-116.757249
-116.666908
-114.717675
-105.470516
-115.211006
-128.157452
-118.969358
-335.261345
-117.661391
-114.800154
-117.727061
-116.949112
-114.399883
-118.848595
-119.909334
-116.108082
-114.172245
-117.852316
-116.865573
-118.260348
-114.478985
-117.912223
-117.185891
-117.815500
-111.608774
-117.219376
-112.617522
-119.589483
-116.159027
-116.760319
-116.944618
-116.421970
-118.033657
-109.002608
-117.089833
-119.913060
-131.430979
-115.111667
-109.277695
-117.168917
-116.526349
-107.699515
-110.929005
-117.376329
-118.481753
-117.105696
-117.902378
-124.508652
-116.280233
-118.805255
-117.821057
-115.549906
-116.695228
-115.885350
-114.457201
-117.103032
-117.027628
-119.499188
-119.844764
-95.541049
-114.992127
-115.090430
-115.285097
-116.945859
-116.662804
-116.180116
-117.166902
-117.896734
-116.064470
-236.219332
-113.787926
-118.447594
-117.145583
-115.780647
-116.594016
-113.611182
-117.883872
-123.142261
-115.065254
-117.009768
-115.823929
-131.629237
-119.590004
-118.570236
-117.038878
-115.662115
-117.674530
-115.825245
-117.253436
-117.950166
-123.928589
-116.968770
-117.387436
-117.032910
-116.865172
-121.711566
-116.355486
-117.095786
-118.976074
-117.473104
-117.550546
-118.884428
-124.284691
-117.494124
-114.198292
-116.442682
-117.250072
-114.594808
-116.123359
-118.117189
-115.481293
-123.516756
-115.541045
-116.794401
-116.041173
-114.120509
-102.962482
-114.836361
-116.739020
-116.423158
-116.521763
-117.062477
-113.521810
-114.409033
-116.563012
-117.290524
-118.715177
-462.482132
-113.031740
-116.692793
-116.764055
-116.256979
-154.816800
-115.971452
-116.834252
-118.030519
-116.520860
-116.526285
-116.706627
-116.585911
-113.476830
-117.287106
-116.444028
-117.157581
-122.257719
-117.612375
-118.332129
-117.380140
-116.660194
-117.075859
-120.290045
-110.656777
-116.661446
-117.016327
-117.362591
-124.504183
-115.329732
-117.122914
-116.828949
-122.871649
-116.815322
-113.664385
-116.271403
-116.647321
-111.147685
-109.655576
-118.251345
-114.705154
-116.492167
-113.786122
-117.834977
-116.158849
-117.228170
-117.118106
-116.828246
-116.851234
-122.731160
-118.095966
-116.714774
-91.373158
-116.889113
-117.916912
-117.295723
-117.152239
-116.700221
-117.371002
-117.676352
-114.377322
-116.592204
-121.733317
-116.295661
-114.581702
-117.702409
-59.812146
-115.894208
-115.193463
-116.609405
-115.663998
-117.144058
-117.387793
-117.955795
-117.238209
-116.575295
-121.357483
-117.108743
-117.529355
-118.538303
-116.458598
-119.095903
-123.984995
-117.343472
-116.167725
-116.346293
-108.691748
-116.849791
-119.277500
-116.812826
-116.970805
-62.625827
-117.508092
-118.427179
-116.804311
-116.286620
-114.491462
-114.588393
-117.106369
-115.403095
-117.671810
-116.620933
-113.336296
-117.282919
-113.427655
-118.201697
-119.038441
-113.688435
-120.348410
-116.695070
-118.354465
-118.103930
-117.803660
-115.767027
-123.784979
-117.089422
-117.151891
-112.404612
-120.335178
-116.298000
-119.050316
-119.053113
-116.455071
-119.267895
-118.030290
-116.637922
-115.843197
-118.322267
-108.648012
-115.293830
-116.791964
-104.897538
-116.393014
-115.638024
-117.004598
-115.655920
-117.477923
-119.862408
-120.654203
-119.250493
-119.992156
-119.525087
-116.415716
-118.004308
-118.269307
-116.964656
-117.501790
-119.109310
-116.158848
-117.063750
-117.293225
-119.676227
-116.756037
-118.064367
-117.754178
-117.762434
-115.458586
-118.873638
-116.661184
-118.814239
-115.116469
-115.357053
-115.400898
-117.362574
-117.983143
-117.331320
-116.581991
-76.061062
-114.947305
-118.180010
-117.380465
-114.825673
-117.704555
-120.935330
-118.629990
-116.398434
-117.056916
-117.139144
-118.169461
-117.517785
-117.122928
-118.979986
-110.203093
-119.264054
-116.426646
-115.286450
-115.923951
-115.897623
-108.247885
-118.513003
-114.790549
-116.296492
-73.652831
-118.100790
-114.245637
-118.161951
-115.948218
-116.065358
-116.653805
-116.358796
-114.205564
-119.040945
-117.019056
-123.160377
-121.628153
-116.876963
-117.247386
-123.129276
-118.547592
-116.559923
-116.785440
-117.234637
-119.116283
-117.856283
-118.468681
-120.790294
-119.221735
-116.728359
-116.839100
-117.094681
-154.974661
-117.279870
-116.340857
-118.449657
-112.698713
-117.904404
-113.721089
-117.483933
-115.213172
-119.145172
-114.396167
-118.917260
-114.707399
-117.957599
-117.749636
-117.345754
-117.763050
-117.324342
-114.927818
-117.600606
-119.046233
-119.382983
-116.748427
-117.008251
-119.519465
-115.649061
-118.146073
-118.279150
-124.920698
-116.118668
-118.144351
-117.220273
-116.743687
-117.765953
-118.207100
-122.987762
-116.779952
-114.987492
-102.357834
-124.933362
-120.181047
-115.723845
-107.539043
-117.075527
-115.151491
-118.961716
-116.570999
-118.420572
-116.982323
-116.480660
-114.196853
-105.416943
-117.553390
-116.315675
-119.033627
-116.588548
-118.445221
-106.562797
-116.816177
-115.836210
-116.778245
-116.417404
-115.344731
-123.551488
-122.025489
-114.524780
-93.546300
-117.886667
-116.708699
-115.643045
-116.884492
-117.721497
-115.990809
-117.419457
-108.768987
-106.040824
-115.510466
-114.736420
-116.972399
-117.305543
-125.002020
-117.582594
-115.226359
-113.030840
-117.023810
-111.189841
-116.851367
-116.377075
-117.160251
-118.884787
-116.862431
-117.008697
-116.200224
-116.610111
-117.380110
-133.643342
-116.186422
-117.156046
-116.842761
-117.476496
-113.060582
-123.827579
-119.293612
-116.464781
-113.353450
-116.708642
-116.652873
-116.364415
-117.316636
-117.348608
-115.820721
-116.499647
-118.492689
-117.265891
-116.931002
-117.094388
-119.047006
-119.139279
-117.654100
-117.073883
-118.215239
-115.966205
-116.792079
-116.863320
-118.553191
-115.976059
-117.400509
-112.631983
-154.650023
-117.047309
-116.058670
-117.824902
-117.124920
-109.851936
-116.539431
-118.240668
-118.853999
-116.775497
-123.421786
-117.557074
-109.773004
-116.800468
-117.045141
-111.278259
-118.086372
-117.239807
-114.578957
-120.367164
-117.165030
-116.596025
-117.620881
-116.858865
-117.246563
-117.567388
-105.940590
-114.769799
-117.869602
-117.112286
-115.263896
-116.013500
-113.873787
-116.221183
-117.454983
-115.253586
-115.142034
-114.558496
-117.578127
-118.007457
-115.428527
-119.515574
-118.260388
-116.748449
-114.733716
-115.599111
-116.705857
-118.017203
-117.933596
-116.735098
-113.844233
-118.937076
-117.224682
-117.277497
-119.221984
-115.456135
-119.484723
-117.509797
-117.595402
-118.260684
-118.505573
-116.153205
-114.375349
-117.474843
-123.032025
-117.302323
-116.211972
-116.905854
-116.060450
-115.471235
-117.974788
-117.531640
-114.775972
-117.811490
-117.036221
-117.799675
-116.566791
-117.571443
-119.450317
-116.313393
-117.620670
-116.375457
-104.180944
-117.022692
-116.470902
-118.199447
-114.997529
-117.366917
-100.447218
-117.297875
-123.386067
-116.910983
-116.812276
-117.270716
-117.747387
-116.693961
-116.416563
-117.885447
-119.714378
-115.378762
-117.611810
-121.206520
-119.170086
-119.190321
-116.148909
-118.330625
-117.175475
-117.213911
-116.109151
-114.392726
-120.856489
-117.889946
-117.308361
-118.148808
-121.589091
-117.405164
-117.981898
-117.036267
-118.096903
-295.098608
-117.330846
-117.173736
-116.644749
-118.772860
-116.911701
-113.530909
-116.919315
-118.051939
-115.127984
-116.992046
-109.293667
-162.379647
-109.221693
-112.838218
-116.289370
-121.724487
-116.477357
-119.446528
-113.227482
-118.310370
-117.266785
-115.926526
-119.619358
-118.284584
-116.148847
-116.223995
-117.032669
-116.458612
-104.712548
-8382.110649
-110.684578
-117.651720
-115.522373
-116.376681
-116.952462
-114.958366
-116.859194
-120.510667
-117.468957
-119.161710
-124.562644
-116.474773
-117.013355
-116.687677
-116.975804
-113.932257
-115.487104
-117.771383
-117.319296
-116.916531
-113.832327
-118.739158
-116.995444
-117.734800
-120.125402
-116.873675
-117.886458
-112.598826
-116.190519
-117.698939
-117.182395
-119.453267
-109.963102
-128.463954
-122.748890
-116.894524
-117.095786
-116.763053
-185.429352
-119.516400
-114.973064
-117.399020
-116.873449
-120.288409
-112.272201
-114.121116
-130.307828
-122.076542
-113.709117
-122.063712
-112.560348
-116.966338
-104.514970
-116.337866
-117.324694
-115.654502
-118.137860
-115.720083
-115.036862
28.382553
-117.182408
-106.286471
-114.248284
-115.020151
-117.571355
-116.313071
-116.494552
-92.428624
-117.162248
-115.612218
-111.432840
-110.393921
-119.402775
-116.707984
-115.333157
-116.306314
-116.732963
-117.925535
-116.048471
-117.468439
-118.546696
-119.408402
-117.348039
-117.294742
-118.636044
-116.403054
-119.148550
-111.349300
-116.940626
-117.249632
-111.553574
-120.744954
-121.083485
-118.331688
-115.272950
-107.745522
-118.286355
-143.278882
-105.050784
-117.743547
-116.893467
-117.788786
-118.415377
-117.854927
-119.105644
-116.673928
-114.354533
-117.443960
-113.041289
-117.105678
-116.894700
-116.107517
-117.560190
-116.327751
-116.282157
-116.420655
-115.855464
-117.967948
-119.766046
-117.860722
-116.011115
-116.048132
-115.264658
-118.667770
-117.950979
-116.888166
-115.683637
-119.669848
-88.548950
-113.992630
-116.947180
-115.879553
-120.554032
-116.819933
-118.946438
-117.306471
-116.970940
-117.598787
-118.034964
-115.209582
-116.209081
-116.840604
-116.928837
-115.359762
-189.248299
-116.931470
-117.748725
-128.505965
-116.372502
-116.375583
-127.418922
-118.736405
-119.034072
-118.265221
-114.928771
-115.001248
-121.163365
-117.217282
-118.134379
-91.896990
-113.967540
-116.686794
-115.937083
-122.051910
-116.842396
-116.713323
-114.936978
-119.545259
-97.639161
-95.505130
-116.826364
-142.550658
-116.733822
-119.226583
-115.277624
-118.222809
