169.574056
172.888232
172.527347
168.322010
172.187453
172.384533
184.431152
172.322890
172.931907
178.430702
173.075927
170.737408
169.953321
172.172121
170.638626
175.399999
171.604628
161.211804
182.079153
172.849699
171.627541
168.162747
172.743716
172.386162
171.802608
170.267915
170.645898
171.482534
169.648087
171.179807
172.008717
171.021603
271.345949
171.916731
171.766206
172.910607
168.731134
178.957986
180.140640
167.866464
171.553842
171.023922
171.291004
171.917004
172.103532
172.543046
172.138778
173.025709
171.895647
172.225432
170.817094
168.862409
171.717513
170.752988
172.264347
176.060665
171.918329
172.124616
171.010929
171.595519
170.672406
171.873722
174.352960
173.922776
169.783228
169.261068
171.152869
171.798208
171.467919
170.037986
170.138066
170.624381
170.038933
174.058650
176.051840
166.669192
169.098312
199.005514
175.969555
170.595900
166.013240
173.275780
175.154475
172.127099
173.651744
171.278352
171.817304
173.500438
178.554251
171.442771
171.633949
171.811309
171.305714
171.099098
173.014976
171.964117
164.144497
169.786780
170.696378
171.429784
172.112642
171.258250
172.426371
168.018070
173.427412
169.574025
169.995041
171.320815
169.815706
171.915375
172.817607
172.892001
154.523984
170.171752
170.261372
170.971587
171.395857
174.106924
172.925551
172.525287
171.890109
170.325480
166.820845
172.593950
171.848951
172.829553
171.134762
168.614659
169.911376
186.567387
163.274669
174.199528
170.892275
170.280868
167.862706
171.056419
120.703196
171.925498
171.451338
172.141572
171.394542
169.627578
170.983539
175.008111
172.715487
170.277898
170.806354
171.587206
170.612389
171.154209
169.252390
170.015785
171.184619
171.404810
179.037720
173.685173
220.491133
171.168211
171.112613
171.734065
171.234589
172.605766
171.001368
171.309877
172.236803
172.295446
173.267306
168.214699
171.708749
174.373858
171.678986
171.188906
175.277824
172.205367
172.807016
173.367526
172.178798
185.326518
173.786353
172.223022
171.965479
171.561294
171.827667
177.332900
172.022881
172.071706
170.402520
170.728788
170.414525
170.514200
171.419055
169.768655
169.666463
172.545141
173.435563
170.023428
167.186310
169.989572
171.398542
167.918832
170.328710
171.539855
169.896967
172.385765
175.872418
170.336401
171.897492
171.212638
139.930306
171.366733
170.582522
169.371748
172.634292
172.252333
174.467166
171.387912
172.676412
172.952121
166.985796
174.028033
169.309408
172.401766
168.687720
172.575213
171.548972
171.322049
172.998564
170.113185
171.508269
172.252674
170.858576
173.040464
170.772641
172.385510
170.575011
168.909913
170.639280
171.858109
172.925944
171.101310
171.501088
169.077206
172.796366
172.707103
170.667715
174.964011
171.596472
171.842916
171.194810
171.654553
171.209944
169.927891
172.951193
170.329898
175.824682
171.121380
171.480183
171.547775
170.797327
172.039980
192.134786
171.450179
171.952279
173.413310
174.757158
170.693758
171.695589
157.387867
163.009741
171.795562
171.470279
181.046780
177.134662
171.801427
171.397088
139.535392
230.420161
170.778082
164.006542
182.726741
171.857222
169.021098
171.787803
179.715218
172.213089
171.815264
176.551224
171.768045
173.424898
171.873670
163.266190
172.429919
170.977156
172.594957
173.424358
172.478963
170.924541
170.596194
154.237520
171.998078
171.264843
173.130672
171.080002
171.504112
169.077366
172.015069
171.145033
171.916349
172.793438
174.910716
172.409079
170.716979
172.450224
171.117208
169.286902
172.389525
180.494256
168.403440
172.649127
173.653669
171.170480
174.645174
171.000300
173.886878
172.085156
171.819969
174.064952
174.398446
150.509648
170.412933
168.875669
230.172688
170.872395
172.258160
172.567047
172.325870
169.871537
73.173472
167.075701
170.335400
174.537272
170.909474
172.788753
172.191486
167.416273
208.724201
171.865920
169.971170
171.392716
171.239571
171.647331
-34.202032
173.213491
177.286529
172.963961
170.739386
171.249910
171.674797
169.851245
172.062577
175.013932
171.286865
175.955113
185.389745
161.227937
171.920316
167.317987
171.563684
171.398307
170.959970
169.808683
172.144788
171.933724
174.503814
173.710451
176.469144
174.236332
170.485304
167.986323
137.931564
173.648446
173.352132
171.137663
172.503311
170.833380
171.555954
173.333277
174.003722
170.409201
178.711346
175.203408
170.724716
175.150079
175.740414
171.789509
170.222941
166.938268
170.954694
166.325347
170.113532
168.497637
170.885483
178.429372
171.183507
174.111316
172.515257
175.447370
167.697617
170.948291
169.571903
171.454809
172.434825
171.006955
171.720240
171.712032
170.876180
168.737080
170.378600
173.659939
182.263655
174.428161
172.358441
172.368194
169.526987
172.048593
171.398265
172.402774
169.665255
174.014655
165.019511
171.119416
172.573911
172.129941
173.899949
170.095711
171.322484
170.932206
171.075072
173.011995
172.405445
172.614880
171.939388
187.404163
170.906334
171.014546
175.282909
170.659480
171.680814
171.839179
170.951427
171.564737
168.797376
171.504614
166.349771
164.853606
173.788623
170.977339
171.555145
172.964335
171.567313
173.114729
172.228830
171.487783
169.573437
172.797681
173.506121
171.956011
171.392362
172.505581
171.837128
171.990307
172.041363
174.680401
171.521735
170.664143
146.596533
170.129366
163.225289
173.188932
173.118943
171.811265
170.358848
172.115153
171.359737
171.693989
169.039617
173.222125
174.102392
169.874312
171.420236
168.762394
170.943007
178.297233
172.881621
176.836568
192.003517
171.957981
112.644027
47.250321
173.398058
172.512763
171.536825
171.540724
259.553868
170.898645
152.080736
167.126451
187.297490
166.254419
170.701542
171.275504
170.780777
170.449340
171.205306
173.148165
171.712659
172.890387
170.034911
165.660881
170.870524
174.040370
-312.291848
171.459049
166.197628
171.218471
172.117299
172.106076
171.493138
172.110021
170.911083
171.445780
171.658685
171.575948
171.866276
165.584396
174.235717
171.200454
172.613102
171.382861
171.951580
162.211715
170.043002
171.657333
163.873410
172.811210
170.230004
171.731838
161.561542
169.591339
171.300918
171.965583
173.809789
171.322749
171.000821
171.595222
171.796548
172.614047
168.471610
170.881524
385.133416
175.370034
171.307013
169.695486
171.495380
170.381883
150.669405
172.083678
162.867763
199.384888
175.005457
171.224429
170.217698
168.615375
175.603600
170.794795
169.902404
173.221160
171.715870
171.576624
171.699957
171.734354
170.997728
168.546867
164.899855
172.180329
171.605181
169.217822
171.412133
173.326507
178.180249
170.691430
171.496740
173.141320
172.103358
170.936279
173.665533
171.662745
170.709198
167.528790
203.299121
172.026098
161.132534
168.257025
172.123146
173.402999
171.855017
172.870633
171.116736
165.753451
170.757977
170.392803
196.572431
171.998555
169.284586
170.420543
172.742713
172.091127
170.338851
173.987075
167.477381
170.837838
190.051151
182.463358
170.688378
171.014494
173.935327
171.561468
169.779600
172.079524
173.644584
168.847445
170.408422
171.685714
171.314209
170.504161
172.123883
169.725621
171.994335
171.979256
173.627651
170.161940
170.647881
169.807764
173.038253
173.041690
166.720232
284.636854
175.713854
170.623525
171.342073
177.913984
172.660981
169.969066
172.368084
173.991555
171.869248
172.099917
171.517477
173.012408
172.362311
171.154039
168.285927
171.682061
-2438.938396
170.804361
171.604699
172.106983
172.073423
174.477683
171.932601
172.300208
169.745031
169.832833
172.716463
171.337932
183.985454
173.421818
172.506513
172.645229
170.268215
172.110681
171.682687
168.436166
171.893906
169.619090
172.422775
171.118616
190.050662
172.516153
173.376947
173.010076
170.013547
173.297864
175.276777
171.896042
197.731761
171.068613
172.300139
171.444971
172.698046
173.208020
172.087458
168.845609
169.332306
171.139313
170.859654
178.159971
163.222004
171.711681
171.649038
172.296093
170.122143
166.596820
172.705172
170.518037
172.063065
172.590572
171.843986
172.775398
177.238596
172.208857
173.304405
170.979509
173.157037
171.461141
174.901845
155.173706
171.650824
172.744632
171.830225
169.635310
172.606305
168.261185
171.138781
166.573495
173.462034
173.272033
169.535348
172.046052
170.054824
171.785587
171.503241
172.134519
169.634319
182.610239
172.369206
171.959844
170.883270
168.044858
172.565744
171.649562
174.341431
171.848112
178.042855
171.161593
173.525069
172.615048
170.062614
175.949222
171.314510
168.857110
171.186013
172.315490
171.956862
171.546735
181.105352
172.381191
171.253490
169.648260
170.590995
172.521222
170.525646
171.569649
172.048290
173.726282
170.702454
148.342923
170.365831
171.225713
171.019009
171.375257
171.825721
173.650414
171.186394
174.566034
171.980421
175.057665
173.186770
160.053098
171.720435
172.025967
161.965883
170.747871
170.668152
171.183341
171.884428
160.639330
169.616904
163.660228
172.678442
172.267186
171.456816
170.489067
173.239258
170.888116
172.342192
137.730001
170.931186
170.027572
171.519797
171.635666
172.111399
171.750693
172.769855
170.882936
162.202661
171.646797
158.888313
170.743372
148.522127
171.860782
172.857481
171.691029
170.349973
181.516802
172.081416
175.869169
171.131810
174.297931
174.492850
142.472620
170.641296
170.100070
173.670713
171.183147
174.151342
169.802502
58.005864
170.577502
169.022125
171.165053
171.303165
171.984303
169.525249
171.419118
171.404025
171.693497
170.165287
171.101386
170.201759
170.900351
176.213830
176.542061
170.648289
173.092120
169.630338
172.392076
172.758978
170.141263
169.286160
173.319380
169.218040
171.124985
170.575126
172.687494
170.903782
168.419559
171.918001
170.525482
171.475760
173.042145
169.832591
172.759919
169.704167
169.593404
170.517854
172.184224
171.617171
171.564196
180.433248
173.152666
171.020823
172.261241
172.409367
173.061376
171.575650
171.488564
171.934632
172.130868
173.172125
167.573287
171.183118
172.281024
172.900690
172.314861
173.360070
171.750476
165.543343
171.580749
172.269679
171.291928
170.932683
172.241069
182.072016
171.287469
167.468769
168.638224
172.331163
169.755492
171.198291
171.062612
171.406182
171.793495
171.516305
170.850475
171.623697
169.402142
171.907728
171.817562
139.897211
173.487607
173.352044
170.938138
170.995681
172.173283
170.151004
171.452192
170.989524
171.963519
171.210071
172.173019
168.737158
170.770686
171.390382
171.930795
168.838440
171.680108
171.034035
172.153438
168.745457
172.376978
169.178549
171.953224
169.413844
170.585933
170.537324
172.536158
171.055390
171.772681
172.078913
170.129191
171.596219
171.048127
173.327531
171.776475
172.787842
171.154493
172.133642
172.789439
172.927725
64.688781
174.717472
167.979957
170.763679
171.589472
170.997281
164.164310
172.006954
172.117466
168.308899
173.653330
169.220953
170.442682
173.066886
172.674841
170.707970
170.752410
169.760726
171.268478
174.294050
171.184882
171.631818
171.937584
170.700776
158.189779
169.278055
172.785430
171.808159
171.928336
172.747951
170.741741
172.704437
171.585978
177.230652
172.030449
245.742362
170.729961
172.085993
151.479726
171.169163
