397.143795
396.597343
395.060238
373.592115
395.548879
396.380346
413.883899
388.421434
400.727773
395.842715
390.913464
395.544155
396.125163
395.170095
395.807251
396.239549
392.273406
395.248677
396.080304
387.917390
396.004147
396.133234
389.339067
397.178686
393.926642
392.201190
395.196588
395.915396
395.716335
396.132903
394.190358
391.100945
394.013051
394.933111
403.863829
391.889823
396.615814
393.370943
394.729119
495.882665
396.282796
396.674059
396.330748
395.128774
396.070077
395.943628
394.725157
395.892249
394.877738
395.381967
396.394476
393.715751
398.797409
396.302034
391.807154
395.464820
395.385747
396.927363
397.840513
430.874126
396.163299
396.410957
397.005125
397.334751
396.404835
392.833350
398.955413
394.861084
397.395722
394.662302
394.036275
394.630959
395.897256
395.352464
394.631234
395.874486
395.501371
392.301660
396.471807
398.645584
393.971401
395.561088
369.367933
393.310958
395.916132
395.107724
407.585837
395.265108
395.591623
395.396551
396.074167
394.837154
395.999035
395.423392
396.288239
396.334556
396.354715
395.861699
395.253677
395.263404
398.982486
395.765241
394.612767
393.787538
396.115359
402.911153
393.765309
393.849734
394.974428
394.043153
395.400737
392.208238
393.222070
388.694528
394.857249
398.094547
396.778263
412.302208
394.833537
397.557690
396.491641
395.790478
397.804166
396.685955
396.776642
395.287180
395.570297
393.296428
395.737479
397.264550
395.731062
396.546070
392.492078
331.252082
392.955029
395.983355
393.789998
396.920131
397.094318
395.102914
394.890143
400.659382
399.895568
395.717021
396.609770
395.550766
393.841345
396.972429
395.907594
396.396241
326.065885
396.288303
394.024263
397.908897
396.553985
394.971892
415.179796
395.741603
396.144960
390.128125
394.251706
398.031057
409.602678
398.968775
412.729301
396.742080
394.931030
405.613536
397.368677
396.356281
395.917102
392.897699
395.441764
395.509775
396.371530
396.078937
397.039472
398.496437
395.237113
397.721061
398.062341
395.963099
396.558955
395.266049
393.878233
397.305547
394.858031
392.204239
396.186754
394.922850
393.845238
394.484484
395.827796
393.071468
395.236860
390.828799
395.265081
395.819459
398.516442
395.116220
408.496053
396.307411
395.558930
395.544524
398.543886
393.918378
392.445507
397.966912
395.866403
396.418097
396.614081
395.496706
396.145200
395.777635
396.228457
396.451060
397.065879
-579.590024
396.617754
374.999049
430.937688
395.695373
396.890310
396.980835
396.717913
396.381604
396.141728
409.059099
395.121610
396.491201
394.682485
396.636694
395.684430
391.426697
395.335239
395.140110
394.943001
399.600279
397.364437
394.082283
395.552833
394.656495
395.591016
394.249319
396.119658
397.240497
396.822489
396.389351
395.808086
364.794332
401.986912
397.139087
399.643033
395.418243
403.330919
390.665110
397.056767
393.282029
447.314313
395.320152
396.880024
396.265209
396.291317
392.736988
395.415237
396.980084
399.917703
397.178277
395.293146
398.344407
396.277400
395.062061
395.838165
395.982481
398.168098
396.706633
401.208325
397.781702
396.829678
396.718548
395.984202
394.112561
397.280675
294.926766
395.232883
396.775718
393.375078
413.164586
397.523823
397.315331
395.934012
395.611225
396.322842
419.124669
397.662513
443.346029
382.194791
397.042404
397.529186
396.419702
389.246592
398.008889
399.847158
397.098676
395.852220
395.971560
395.948869
398.156381
395.216911
395.341388
396.576569
395.350702
393.281424
396.311207
396.243433
390.204321
396.311202
395.404965
398.343265
402.997926
395.491425
396.668042
395.256649
395.837968
395.419181
396.118649
397.160257
398.218218
395.883780
397.653153
396.718923
394.885984
397.195324
398.561181
395.664663
390.200329
380.796166
396.242947
394.125165
396.570273
396.353843
394.184495
396.611542
395.562512
396.313929
396.180481
397.393158
396.800398
395.988135
396.883817
396.678438
396.452044
397.785512
377.625968
398.006265
397.271304
383.394075
398.603271
394.981936
397.885964
396.500273
397.419104
395.468371
394.996511
397.025483
398.008761
395.115658
395.385916
398.830199
396.800188
396.015849
398.083893
456.286037
397.591491
398.732940
395.935453
393.708217
387.078190
393.329213
396.408086
409.022195
395.643806
396.022426
396.157769
399.774570
393.497722
398.310915
396.119511
396.153345
394.216021
396.240138
395.783022
394.960120
395.018254
395.376208
396.352218
396.358445
386.843097
395.727832
395.064544
396.990254
396.083204
394.611313
395.303614
395.733850
396.197473
395.909084
394.481662
394.007828
385.029902
397.096557
396.821462
398.306033
396.317494
395.109729
395.022921
395.920379
396.797600
396.599306
396.260090
395.872132
394.306505
397.238654
405.542241
396.557482
395.836461
396.714679
396.573204
402.462281
388.294828
396.697992
394.713995
394.559166
395.691039
396.390904
395.662770
396.994225
395.698825
395.290297
395.384866
398.234391
395.052411
396.898764
393.827749
397.432813
316.600640
396.044401
379.774047
395.294363
394.436778
395.296052
395.051025
396.784458
395.162031
402.529534
396.029749
395.530259
395.914456
396.475646
399.783415
396.203288
395.858315
395.676533
396.116923
396.592678
395.618642
400.278077
400.063448
395.592191
397.707809
396.320571
395.196765
396.091450
400.228008
402.608172
397.918202
395.312239
393.433627
394.902015
394.825512
376.886193
395.446709
396.419669
395.798077
398.031331
395.774703
395.892470
407.590104
396.477741
398.673165
395.395646
394.932771
395.077170
235.949318
398.037552
394.336863
384.420637
395.723834
394.223236
389.924469
396.150779
398.134769
395.592284
398.959131
396.088942
397.170190
394.129158
395.682197
397.263655
395.566143
398.097913
396.383998
396.345670
401.276650
396.063145
394.576457
392.706778
395.061462
397.538460
394.470239
399.546021
395.554190
396.485487
396.349045
396.683765
395.907258
396.652455
393.143068
396.498837
397.565267
395.465557
396.058603
394.618339
392.959342
385.471176
400.235802
395.389889
394.775326
394.814038
397.630256
395.141731
411.907146
391.943306
396.144218
399.750973
394.129025
396.663336
396.156810
395.796613
396.039437
399.859189
395.761651
396.213311
398.108787
397.646208
391.068776
404.729957
396.544480
396.358085
395.535910
396.817156
396.782160
395.633550
395.896999
395.774832
396.354304
395.604226
396.218759
395.269398
395.799515
398.029631
396.082648
395.038041
396.596677
393.639280
393.262441
393.833291
397.724965
395.998688
396.281160
392.239336
394.779550
396.223377
395.919842
396.854269
391.200642
406.468720
396.405715
269.131368
397.432742
396.669544
406.713039
395.691412
397.305556
399.469419
396.677884
396.234714
395.850636
397.376415
396.117523
394.309375
397.699018
388.777367
390.177104
394.883505
395.584935
397.282711
397.312853
396.291880
396.356944
397.561876
394.920102
395.589097
396.410111
394.787442
391.484350
397.513161
396.584045
397.961888
396.265178
395.191257
395.419850
397.935925
403.879114
403.406334
395.039941
395.928827
395.229932
395.029713
395.386486
395.990294
394.780486
396.641913
395.092971
396.069345
395.792303
397.528713
396.629756
396.634978
392.995627
393.065479
394.419941
391.758769
394.077161
399.469029
391.978716
395.775575
398.434738
392.999182
402.249723
401.807629
402.984240
405.402386
395.074381
396.825761
395.723712
387.268838
394.892902
395.880330
398.174157
395.640602
395.851593
395.946313
396.858257
394.826323
394.109324
395.687078
395.371921
394.603381
397.531079
396.805341
395.628911
395.927247
442.049605
394.673240
397.068577
397.162393
397.017396
395.149878
396.652415
394.431008
392.478382
397.354635
395.537194
394.091767
395.932631
363.498776
395.580568
395.624650
395.179062
395.094735
397.585252
395.149428
399.543848
395.206904
395.822784
397.696337
394.452290
409.401948
397.007505
395.869344
392.434930
394.859209
395.101333
394.789536
396.919662
396.627423
396.296222
398.032339
395.496326
395.796345
397.859395
396.034394
391.918087
397.056938
387.158442
390.071401
394.756567
395.292899
395.439982
398.905191
395.177447
398.584036
396.022253
395.938276
394.472772
395.643165
395.225829
396.874424
395.715444
395.927462
395.313494
395.881704
395.039760
395.025408
394.622415
396.111491
395.404922
396.039915
395.257967
395.987642
396.293087
394.307624
393.956172
395.332819
394.465686
393.255514
407.478007
391.477731
395.802987
396.389787
395.533750
397.752065
396.196406
396.749960
394.725493
396.144864
396.141355
391.306032
396.608200
396.642975
389.839949
394.661267
396.858064
394.818830
398.063398
396.269170
397.387683
396.264536
395.968024
393.825058
395.152459
393.210018
396.328435
395.383677
396.061351
394.464916
392.847917
396.235700
396.162195
397.458337
400.782208
397.908837
395.397264
397.112321
395.869792
396.745275
395.655224
396.128566
396.223782
393.951124
398.922321
395.760684
395.851726
400.505554
394.055114
397.851115
397.091586
395.058880
395.426877
394.533983
397.022048
394.730709
394.666204
241.513894
395.483594
394.892200
394.545177
396.516343
408.216423
396.263769
394.803809
396.083965
392.013652
395.184127
395.831973
393.990893
395.274243
395.448975
399.831935
384.623871
396.924265
395.790512
395.225091
397.455566
395.947514
394.698745
395.717039
395.365150
384.969078
396.257739
396.564379
392.897986
393.252117
396.683948
397.466435
393.998353
393.659116
395.848351
396.693919
389.730953
394.986456
395.701890
396.389738
382.942333
394.227831
397.300495
397.510915
395.979708
395.474379
396.261480
394.355470
393.221057
395.638911
397.400135
395.046587
396.496509
395.276218
395.715721
395.561070
395.231761
398.891595
397.308894
395.320135
395.316462
396.575833
394.514152
404.006258
394.200033
397.990580
395.140934
397.795722
394.222159
399.011487
398.224000
396.440270
405.065889
395.057002
395.796858
397.902676
397.682290
395.933747
397.257744
396.204888
441.256148
391.911673
396.369743
396.118485
397.707713
395.153143
392.207545
395.067046
394.288841
395.854026
399.974876
378.081459
396.243900
394.066647
391.725354
395.863942
396.629017
395.996629
394.277967
397.131334
394.100543
398.549236
403.933737
396.411019
396.777382
395.531871
394.848601
396.419103
395.219353
395.396784
399.372215
397.734697
397.208244
395.410519
396.558862
395.298739
397.182942
395.334022
396.440263
399.396198
395.090949
399.870302
396.419477
394.576650
396.381865
389.426466
398.267553
397.161795
522.396899
399.183576
417.583027
417.675443
398.535387
397.978214
393.986327
394.835562
396.109398
397.143244
400.943708
395.526562
396.312185
395.215945
398.060290
397.603660
393.709405
395.633326
404.336549
407.047201
395.883342
395.772241
398.497692
393.264256
396.307090
394.356550
397.628171
394.315627
396.105575
396.669898
403.854425
398.768118
396.271386
396.691747
395.647593
396.807758
395.840374
398.066269
392.976243
399.026125
389.783171
395.588094
394.550059
395.893142
396.987784
395.009950
394.762838
395.904034
394.871011
400.323601
398.038357
394.030427
201.509409
392.144211
395.527355
395.460660
394.856132
398.776703
394.913478
394.608260
396.272817
395.749958
393.479077
395.493149
393.190417
395.984108
394.694980
395.632753
