357.945104
358.562327
358.292237
359.019834
358.063635
381.422346
353.218034
361.253049
359.128636
357.901384
359.358655
359.151432
357.909825
358.968889
344.767128
359.684412
358.324675
359.350479
360.060945
357.181692
358.263653
359.392524
360.348598
358.920201
359.022826
359.542205
358.508840
359.263385
412.682704
357.845529
360.149922
359.994480
359.319315
358.715896
359.191745
357.571160
360.780893
358.201524
357.655068
366.725509
359.030921
354.224937
355.396061
359.957468
306.131125
363.451303
362.896150
354.818909
360.070294
361.142274
359.632678
361.516433
359.632044
358.660427
361.603745
355.277686
359.321378
393.763195
364.126330
366.117200
359.051960
358.430289
359.955177
359.999341
363.289699
355.759854
359.236252
358.068465
358.754684
358.910587
361.426978
359.495957
358.992376
360.694058
359.343546
359.487437
357.788041
362.037282
349.359418
359.650927
358.481447
358.913992
358.739503
358.526613
359.002100
358.719357
335.446993
359.109976
359.297829
359.432112
360.862205
359.814685
358.396664
356.211807
359.516570
359.968377
358.728211
359.678058
363.933580
370.971278
358.485197
356.233707
340.052194
359.092351
359.604038
359.724842
361.384697
360.068023
359.953838
359.729319
359.979006
359.587639
360.742298
359.882944
359.713759
348.330799
359.321707
358.883141
360.815388
361.162800
358.175160
358.407005
353.884727
359.055976
357.274930
359.317544
356.434011
358.125010
357.983112
358.606835
358.824070
361.322222
359.492616
358.175709
356.706256
360.186830
361.747725
360.563117
358.778811
358.211227
358.051644
360.099022
358.932755
359.195573
360.435799
361.132690
359.832575
360.209062
360.675568
360.101742
359.295906
358.958632
357.581083
360.412326
358.423146
362.471391
358.767733
360.342199
359.062061
358.601700
358.227560
360.074475
361.891147
358.242332
364.913052
359.814325
358.867385
359.984698
360.059344
355.907938
361.096994
359.696180
360.808215
361.300905
358.637692
359.462033
357.094563
356.460037
358.616482
358.651214
360.403838
359.551158
358.537716
360.593101
342.930325
358.991102
359.572732
370.644440
359.993045
359.420205
356.292764
361.098520
358.529213
359.114151
356.772929
358.488991
357.753579
331.948876
358.926581
356.693365
360.260713
360.924589
348.734738
341.180197
361.402211
358.940093
359.181941
358.911968
362.363343
359.303526
362.821378
371.997520
358.929263
357.982343
354.101082
359.795711
359.649174
361.225467
358.834303
362.476813
357.065509
358.432105
359.755750
359.008240
358.308747
359.210652
359.499294
358.776932
359.644642
360.935591
357.362646
358.469079
359.330331
359.231952
359.266792
365.265743
358.874967
356.302489
327.763808
362.126949
361.748592
359.551196
358.580947
358.604447
477.409117
359.226398
359.687336
360.080320
360.198983
359.785968
360.769640
358.184160
362.143030
353.369054
361.046391
357.003778
345.625465
360.611902
359.276142
359.129244
361.314521
359.510379
357.754899
358.354275
359.960076
359.095928
360.693749
357.104422
358.711633
359.979076
348.285126
359.362111
355.370733
363.399230
357.297864
360.165041
359.023041
355.930557
360.409684
359.098055
360.415033
360.247188
187.255739
360.145250
358.885012
359.013748
359.083954
360.003735
343.556035
361.035489
359.743521
337.792610
359.624732
380.809829
358.103238
358.929473
360.203901
358.243381
359.456837
357.336721
358.921992
358.247482
358.523314
358.985825
360.433293
360.172891
358.861084
359.935370
358.931920
359.371660
358.656746
359.779805
358.283556
359.971234
354.974667
356.061312
347.985717
359.984795
359.658513
360.777266
360.485377
357.406329
362.822280
367.499447
358.462658
360.858132
358.672160
330.381721
359.712153
359.426832
362.068988
360.932490
358.536677
358.463579
357.382063
358.537700
360.290947
359.262842
359.823284
361.638224
361.201316
355.713421
346.180812
355.050744
360.202874
362.542964
359.628235
361.136735
359.365186
360.874000
356.970130
374.008326
351.976550
359.714467
358.556057
359.558358
354.709428
358.484327
356.162172
356.830499
358.282384
354.800645
358.220588
359.034666
356.833899
358.363478
359.132053
387.486350
358.316577
364.497437
356.165991
360.125249
357.181864
356.678282
364.440509
368.468184
360.174058
358.448514
352.311635
360.206182
359.975923
361.537448
358.928635
359.168393
362.681776
352.249033
351.683920
359.508553
365.243231
360.821214
357.895020
359.842255
391.218127
354.178771
360.205613
352.256433
359.320724
358.216583
337.123593
345.723771
358.537297
360.274892
359.239497
359.700447
359.038845
356.930703
355.772774
354.066947
359.547960
360.170265
360.055363
358.441878
359.586685
248.600284
359.619242
362.926297
358.234138
358.703223
359.426613
360.216219
351.513318
360.324465
356.792872
354.365916
360.495060
359.037510
357.950025
359.486371
358.005839
357.748280
362.236962
359.241308
357.636613
358.787309
332.951883
358.016686
361.020903
358.613667
354.881053
350.818661
359.214996
361.462925
356.471229
360.914359
359.195102
359.351138
359.562315
359.879794
359.201554
360.361201
360.138952
359.142509
370.319847
360.286246
360.136704
368.904612
359.178430
360.548664
351.413910
358.797793
358.583760
357.525899
358.090001
357.681712
358.593915
360.148062
358.230316
356.943604
-520.515764
337.965042
359.478749
357.635707
360.966655
360.976060
357.803321
363.877289
358.289193
359.056436
357.971228
366.163259
358.655494
359.862097
358.497585
365.994263
363.519770
358.817397
371.069291
359.442984
358.285194
356.425060
358.442736
359.503471
359.095228
362.823276
358.895725
359.247950
359.053991
357.073280
359.850926
359.998075
356.028340
359.068891
359.005127
359.509912
356.367212
361.613735
429.890633
357.434206
359.515169
360.287470
359.272644
353.002772
359.178043
349.342202
358.855464
358.596815
361.688327
359.700211
361.114742
358.751729
339.105428
350.339763
359.781416
359.500356
360.057861
359.895581
361.277054
359.270804
356.233832
364.227062
358.811804
359.529852
357.856977
361.482499
359.635131
357.586784
359.032318
354.637715
358.594354
358.963806
357.257254
360.410577
359.133688
353.430569
380.922349
361.467387
360.864703
359.396803
358.574541
360.244120
360.160986
356.426715
350.448369
357.858050
358.784183
358.691759
357.654168
358.398645
357.513352
355.348329
358.614060
360.762014
355.627769
361.874986
360.189855
359.519589
358.727316
365.340750
359.160809
366.804740
358.490047
360.100121
358.307369
357.585613
359.845188
360.262066
354.485741
358.683218
357.778030
363.855063
358.484206
362.235393
358.747642
359.620350
359.823919
358.859629
359.864485
361.010238
359.386670
359.556913
358.909401
362.168610
361.095480
360.342032
401.794243
359.116370
356.900521
361.442647
359.338215
344.034031
358.712020
354.243159
351.860918
358.446303
359.696582
359.836013
365.230674
360.043492
357.887140
355.551366
360.377775
359.704620
361.272829
358.600812
358.486655
359.715889
361.056614
358.880894
359.102165
362.392167
361.532354
361.729791
360.511502
359.292223
360.451808
359.263450
359.036834
355.615889
358.837204
352.686687
359.160040
357.729064
359.009767
358.696485
357.460905
359.628868
365.970308
359.909150
360.641958
362.441277
359.709365
359.253082
359.778402
356.693646
359.941874
359.843909
362.994597
360.805494
360.064721
359.758518
358.479691
358.722878
357.562757
356.033093
366.399043
358.741389
358.212922
359.154771
354.592935
358.509125
361.208912
361.581607
359.489945
361.109526
360.869741
359.548564
357.650001
358.735361
362.210379
365.364248
359.705870
359.503255
358.100546
359.307125
354.688549
347.288748
360.440512
359.849193
359.204882
359.053530
357.132927
400.931440
357.420548
359.754973
359.290214
358.439517
359.302311
359.104836
362.707601
358.324585
355.932922
359.443361
359.850952
352.441773
366.246279
362.088681
358.498283
359.723215
360.006235
360.490552
360.429785
355.388530
359.474358
359.672195
363.683770
361.852687
361.156073
358.962779
355.081550
356.855054
359.253812
361.814926
358.610959
358.738534
365.879320
357.883915
362.914648
356.363245
361.426375
358.590327
359.433516
359.919552
358.897796
358.203492
359.599479
355.034164
359.185672
359.436651
351.059318
360.077012
360.208581
358.255454
359.173044
360.696567
361.211040
359.013750
357.735084
356.035639
359.800477
355.807237
360.930783
358.415047
361.278051
357.392758
371.748163
358.237620
360.757752
358.905194
359.427427
358.961945
359.180137
338.157741
358.662552
360.265418
359.423692
360.495003
356.965750
360.008431
366.384782
357.967228
356.963860
354.630685
360.927535
359.140454
355.507264
356.848950
358.743817
360.215579
370.567138
359.775914
360.701501
363.581474
360.178944
357.600309
359.831605
360.596890
360.155771
359.246309
359.218885
359.043665
358.634850
359.236482
357.284665
365.641658
357.451939
360.251800
353.866620
359.745788
358.979958
359.362169
359.097496
359.663308
366.702928
359.467756
359.189945
360.025438
297.164776
355.912740
361.433411
362.694587
364.126969
359.977661
355.697518
358.987176
359.665315
358.315140
362.806601
360.135089
330.767970
364.107176
358.609162
357.267718
359.840493
357.101759
360.516350
361.438118
360.445574
359.712428
359.270484
359.590629
360.887854
360.681281
365.334034
357.632764
359.454652
359.515381
359.688780
359.551758
356.983392
356.162658
359.601369
356.200356
359.902347
361.130699
174.438689
359.652742
359.280780
359.756425
359.581868
359.305324
359.859254
358.812445
355.245627
358.613042
360.075083
360.727448
357.741865
358.809020
359.979782
360.459246
359.552641
359.863279
355.476906
359.629767
358.701124
368.384615
358.860602
361.446666
363.449150
358.603585
356.516168
358.008996
359.797973
360.005512
360.116951
359.012147
360.523995
359.051480
357.959630
358.888767
359.380308
359.884990
359.727415
346.214973
361.941071
359.892436
359.239867
359.799092
362.214968
362.368068
359.065901
360.082462
364.995695
358.831995
370.790676
366.494674
358.939769
357.822349
353.550554
362.189145
358.853700
359.616712
359.919996
361.905716
357.800512
358.883815
374.474425
361.764026
359.784686
359.004750
357.927038
359.268084
361.871717
359.466069
362.590451
359.037971
358.948070
362.505596
358.702500
359.856379
359.636485
357.496997
359.625142
359.268638
360.569091
359.867267
358.532363
361.888999
319.615987
358.680970
363.951384
356.595532
363.517784
359.803920
359.556574
358.512841
359.021029
360.300499
358.600805
359.154691
358.310869
362.698288
356.477941
359.254968
358.097731
357.805542
367.908272
362.072270
362.706080
358.903677
359.074733
358.005479
393.158925
359.344497
359.387821
355.711852
357.978087
353.681690
360.706035
357.996404
360.388543
359.218485
362.941382
355.728739
358.772928
362.090264
363.035741
359.535649
359.178259
359.430818
360.677031
359.542332
363.301382
358.347823
360.531400
359.809787
359.197390
358.241867
367.129894
360.366429
359.346930
359.960023
358.845107
365.571865
362.519036
359.752695
353.852161
364.475769
358.773562
363.820123
365.798743
360.838719
348.791652
358.522819
353.949425
358.053955
359.651045
358.661143
360.184074
359.672830
288.812641
367.366538
353.533443
358.813566
360.581017
361.346942
359.679073
365.049284
359.322113
359.747247
