-454.178726
-450.903450
-453.337972
-450.655748
-453.143929
-448.668501
-454.908152
-482.546722
-455.008281
-453.409614
-453.293232
-453.783744
-453.804298
-453.314775
-453.112814
-454.507301
-453.241330
-451.641325
-451.693906
-452.867120
-453.331273
-453.618194
-453.099771
-451.989759
-454.458199
-453.394425
-455.998389
-454.790526
-454.428108
-446.557180
-453.079936
-453.854951
-456.692999
-455.175684
-453.246837
-456.533464
-451.919526
-450.871422
-454.254840
-451.745477
-453.697827
-453.185438
-452.596437
-453.270211
-451.814403
-455.239492
-451.696217
-453.381878
-450.705394
-453.567433
-452.700587
-451.815852
-454.058191
-452.179692
-454.245081
-454.406002
-451.609864
-436.173351
-449.584623
-455.264721
-451.212890
-455.375012
-480.007316
-453.894617
-443.721972
-454.346159
-452.971131
-451.988678
-457.095080
-452.956798
-453.779052
-463.769617
-451.789760
-453.916698
-453.933273
-459.071853
-454.385154
-453.207143
-454.531184
-453.198239
-453.437003
-457.105735
-453.411595
-454.653840
-453.508391
-454.522964
-451.254865
-454.875762
-454.276968
-454.939603
-461.677246
-453.689656
-451.624689
-453.620367
-453.706483
-453.640119
-454.311744
-454.234196
-453.155094
-452.053792
-454.113995
-452.572996
-454.363785
-449.163503
-455.163768
-451.572051
-452.306443
-453.272721
-453.430177
-452.790572
-455.400977
-453.923662
-454.954499
-453.142216
-461.773559
-456.064451
-453.416904
-442.413349
-453.049283
-453.740595
-454.861573
-452.780586
-455.129742
-452.710369
-453.539167
-454.433455
-458.305702
-444.575553
-446.745622
-452.384667
-440.679316
-475.510495
-431.890580
-456.178182
-452.680116
-451.229948
-451.848972
-454.195444
-448.618698
-454.998244
-453.001173
-454.007348
-454.369175
-454.025846
-453.157220
-452.509937
-415.293537
-451.661983
-452.759255
-458.919531
-462.422559
-452.213659
-454.871136
-453.170388
-454.486742
-454.331190
-453.704178
-466.891409
-453.246349
-458.923613
-455.257722
-458.523259
-458.327948
148.449064
-454.333288
-451.638589
-463.928387
-455.648147
-455.536488
-453.838091
-453.026689
-451.943457
-452.123944
-460.755404
-447.009884
-456.362765
-460.587675
-452.907903
-443.250184
-454.479747
-452.689024
-452.849668
-459.052828
-442.888401
-448.785658
-454.414640
-452.272261
-455.641601
-452.035142
-457.977609
-448.198609
-451.087799
-454.851119
-456.120718
-453.350686
-452.777420
-453.626167
-449.652118
-459.754103
-453.692297
-455.385680
-449.904735
-455.157427
-456.299823
-454.371793
-454.245514
-452.432595
-455.046368
-454.242997
-454.521324
-452.952782
-454.938175
-460.250012
-453.080326
-452.900524
-454.002175
-454.918603
-444.912403
-453.676056
-462.476703
-454.399339
-496.502362
-473.565566
-454.935127
-457.913349
-455.985838
-454.478038
-452.420130
-454.351316
-454.112924
-454.614953
-453.737261
-453.779083
-455.876411
-450.829869
-453.610738
-450.286138
-450.102662
-455.304312
-448.413922
-453.542334
-455.927949
-455.314573
-460.596868
-454.111491
-469.455252
-453.045535
-454.186866
-454.149823
-448.897571
-459.878827
-457.181141
-451.216028
-454.672602
-454.869787
-450.502428
-453.748370
-453.212074
-453.381014
-456.639078
-454.780307
-457.762369
-454.553883
-455.131895
-448.954448
-452.394249
-455.741423
-453.218658
-454.733639
-448.354465
-437.750952
-453.681686
-456.984574
-454.180227
-448.487611
-456.457002
-457.862111
-451.113436
-455.857192
-449.302765
-453.724426
-454.304602
-460.222631
-452.235118
-460.574002
-454.144317
-453.492763
-454.756946
-452.910402
-455.048515
-451.685079
-453.759616
-452.135172
-424.275268
-450.670698
-450.560671
-454.275326
-450.720663
-453.773444
-446.639705
-449.967996
-455.766270
-450.081426
-454.180164
-453.671708
-455.177180
-443.652008
-451.638851
-453.189577
-451.182930
-450.414298
-453.745427
-453.857469
-453.488937
-454.604088
-448.005183
-453.495139
-452.543010
-454.559903
-454.156274
-453.886837
-453.524009
-450.564696
-449.453588
-454.028926
-456.852705
-459.238384
-457.605702
-452.153744
-453.394374
-454.812099
-458.900473
-454.609393
-454.030773
-448.024821
-453.233945
-452.952868
-453.197015
-452.835539
-455.270560
-453.268158
-451.887556
-455.140357
-453.546328
-455.480914
-451.433427
-454.512269
-454.314845
-455.884898
-453.361994
-447.261472
-458.048302
-454.593916
-453.099445
-452.719629
-458.644407
-453.892514
-453.466937
-453.733416
-453.220833
-453.961583
-454.199680
-453.392802
-455.341779
-451.166591
-453.754986
-456.640338
-451.975609
-452.857039
-447.943504
-454.289524
-456.406336
-455.134080
-455.175089
-462.732522
-453.797792
-453.627440
-453.954115
-453.491435
-456.862921
-457.891121
-453.808343
-451.141696
-479.367376
-453.429409
-414.530196
-454.019346
-453.523444
-453.410618
-452.723241
-454.342353
-454.691414
-453.912059
-454.576112
-451.603148
-458.680403
-456.460515
-453.321829
-453.668263
-452.974727
-452.909992
-453.815264
-453.185419
-453.828831
-454.362079
-452.251748
-457.909098
-455.889548
-455.095382
-455.043613
-454.199963
-452.381505
-452.767067
-454.551062
-453.388847
-448.502930
-450.162290
-453.107497
-453.296859
-16871.778066
-454.377662
-455.862698
-454.470666
-458.302168
-452.703882
-450.502207
-454.533933
-457.155392
-453.636248
-452.618666
-450.284894
-438.512999
-453.693216
-453.352462
-453.647666
-452.957147
-455.626488
-454.037104
-453.024137
-457.986292
-447.565950
-455.157505
-454.254694
-455.101813
-453.569783
-454.104041
-452.593578
-453.331576
-458.367748
-454.624587
-454.668881
-452.568404
-394.093152
-454.925040
-453.584645
-465.338662
-453.261619
-452.733838
-454.442270
-454.790040
-453.253754
-452.104200
-453.157261
-440.075776
-454.046959
-451.791147
-452.930109
-452.467770
-451.728557
-452.613704
-457.204522
-454.985946
-413.813397
-450.484577
-453.337041
-454.331541
-470.711010
-457.451699
-453.296590
-454.643201
-455.996530
-452.422550
-454.191939
-460.515843
-459.901839
-451.667560
-456.328647
-453.942393
-453.749448
-455.891612
-454.109074
-451.146658
-454.044780
-455.107768
-452.393831
-453.818911
-452.631653
-453.425338
-453.200996
-458.077322
-449.707343
-455.268796
-453.274289
-452.580463
-453.947457
-454.080298
-452.288130
-453.872228
-453.727263
-453.209646
-456.371632
-453.382715
-452.434028
-452.064366
-455.593050
-453.654339
-452.822547
-453.581622
-452.362347
-453.326704
-454.683232
-453.657037
-454.655634
-483.526876
-453.257750
-454.509416
-453.547008
-443.013726
-454.535031
-455.335413
-453.610301
-449.959517
-454.289536
-454.350833
-454.222648
-452.257735
-452.799798
-452.847059
-463.954418
-452.332134
-453.994317
-453.210475
-454.201738
-453.229223
-454.591507
-454.554909
-455.210432
-452.771838
-463.404309
-453.156842
-454.742383
-459.547486
-454.742426
-453.466376
-453.182131
-453.708750
-440.046767
-453.981040
-460.427242
-452.384686
-454.170575
-460.156963
-453.977493
-452.448462
-453.869353
-448.889055
-454.629346
-454.528728
-446.639639
-451.012333
-454.032327
-453.160409
-448.105206
-455.106612
-455.527990
-453.675595
-453.244325
-453.252679
-452.821020
-452.640481
-454.250530
-452.895900
-454.308005
-459.375201
-452.205791
-457.797511
-423.753881
-453.708293
-454.209567
-453.512031
-452.940137
-454.199532
-455.021298
-452.250902
-452.722652
-455.067289
-454.522050
-462.288273
-454.158691
-454.209361
-455.405840
-454.360390
-454.049740
-454.306755
-456.386888
-453.434264
-453.821309
-454.493079
-455.104002
-455.044233
-454.914311
-481.974119
-453.050262
-456.559018
-453.133298
-452.568883
-452.722123
-457.914803
-454.313336
-455.166709
-456.418713
-454.739639
-454.119820
-455.345537
-470.131204
-460.005986
-454.529425
-451.560668
-450.958759
-454.402094
-453.607958
-453.309757
-460.007439
-448.269596
-446.477681
-461.801554
-453.901523
-448.692896
-450.753686
-453.559392
-438.972764
-458.300062
-468.519059
-451.687566
-454.232619
-450.399746
-458.860118
-458.030720
-434.698887
-454.219996
-452.583475
-443.867161
-453.610040
-452.786549
-453.135991
-453.289468
-454.388883
-451.624206
-454.026702
-453.664499
-452.298951
-454.043152
-460.515704
-454.683373
-452.532766
-453.488784
-452.674760
-453.942153
-451.738922
-461.769909
-453.833622
-445.089673
-453.344202
-443.136313
-451.612115
-453.652315
-453.907562
-452.568412
-455.935334
-455.630186
-444.295191
-453.150304
-453.364900
-460.739070
-453.966117
-453.410371
-453.156858
-453.144035
-453.270321
-453.631795
-454.287802
-454.966865
-450.922069
-452.488407
-447.358590
-456.141176
-458.094147
-450.097724
-451.149716
-452.292420
-455.814439
-454.237268
-452.554917
-454.367208
-451.394628
-443.113552
-452.389331
-457.430733
-455.887550
-452.169777
-454.083764
-454.304137
-444.245165
-452.482101
-455.019242
-454.076269
-460.089069
-450.686679
-458.064487
-454.053781
-451.601075
-453.683893
-453.732645
-454.507391
-452.478571
-455.583433
-457.301786
-453.015830
-453.395667
-454.326516
-449.882637
-453.822731
-460.979546
-454.696137
-455.152714
-453.916494
-452.675550
-454.159114
-451.838142
-454.857199
-448.362847
-436.704884
-449.814619
-454.061311
-454.783925
-447.054967
-473.474685
-452.625762
-455.452089
-446.913989
-453.759406
-453.521889
-454.605680
-459.516557
-453.477398
-431.660879
-454.579705
-452.795263
-455.071155
-454.142620
-452.302022
-454.122867
-456.521844
-453.838055
-453.139649
-453.885387
-454.402124
-453.236373
-453.612205
-455.038557
-452.004474
-454.616011
-453.564640
-457.880100
-454.089939
-453.879939
-453.277839
-448.761355
-453.899428
-452.015282
-453.958454
-451.751495
-454.399702
-455.256580
-455.410772
-454.117831
-453.349420
-453.025855
-454.348941
-454.150481
-479.570871
-453.982498
-453.606389
-453.564247
-453.320337
-486.592674
-454.491903
-454.498503
-456.365807
-451.209943
-453.094132
-452.359669
-452.107912
-454.879844
-455.670427
-452.895362
-453.652465
-453.248753
-451.456062
-453.470323
-466.395729
-454.126120
-454.935472
-459.236840
-452.974786
-453.597011
-455.078008
-452.589351
-455.250705
-441.658669
-453.277393
-452.213439
-453.748630
-448.104897
-453.724217
-425.933059
-456.309925
-453.652792
-454.372388
-454.541355
-387.393757
-453.532792
-453.282456
-453.131669
-453.442434
-454.123028
-439.005991
-454.283495
-453.690698
-454.071702
-454.209934
-455.633288
-453.880832
-453.280180
-455.108787
-453.602076
-453.460060
-453.252364
-456.233903
-454.391149
-451.984886
-453.692557
-452.803543
-453.825853
-453.508573
-443.309783
-446.242367
-455.647558
-458.832439
-455.397558
-448.326370
-452.773935
-452.088353
-452.241631
-453.100568
-454.009580
-453.368303
-454.843920
-453.111904
-453.856864
-453.317812
-452.100596
-453.507223
-454.073201
-444.114595
-450.655769
-454.554200
-454.249291
-454.228887
-454.460795
-454.160215
-454.607005
-453.706219
-460.532809
-459.767437
-449.234089
-454.518041
-454.636931
-474.654874
-453.336603
-454.674790
-445.993561
-454.009174
-453.147193
-454.455224
-454.511417
-450.023426
-453.441169
-453.086654
-455.447808
-449.681495
-451.531106
-458.001550
-453.292740
-455.614337
-450.466609
-453.259539
-455.099315
-453.116449
-455.937669
-454.523387
-454.021056
-453.788175
-455.429456
-456.289033
-452.615878
-452.339851
-455.713456
-453.798098
-453.786621
-455.563232
-444.566511
-453.055983
-453.371196
-453.186661
-454.389631
-454.101747
-456.273744
-453.538316
-454.146932
-451.079878
-454.934910
-452.198243
-457.740984
-453.394956
-456.601252
-453.449468
-453.139620
-453.654880
-451.568080
-452.275841
-454.132167
-442.236508
-453.100504
-454.406376
-452.381633
-454.525134
-448.707690
-454.787189
-450.898369
-454.298564
-444.372407
-453.412192
-454.353431
-452.517225
-453.763866
-453.727604
-442.451019
-453.358390
-439.375041
-454.335494
-473.734074
-453.938752
-453.481020
-454.168862
-451.858870
-454.037157
-453.882436
-453.223579
-454.816881
-453.423799
-452.326390
-453.957296
-454.443611
-453.201768
-446.298959
-463.746398
-455.147231
-454.213236
-454.112417
-452.220901
-444.317214
-454.372658
-454.606290
-455.029965
-453.690240
-454.150328
-453.716415
-453.883550
-454.027711
-458.520154
-453.486390
-452.104145
-448.730698
-454.765633
-453.371978
-455.746809
-591.027993
-454.102176
-456.019921
