87.877994
87.275419
89.033411
90.356879
89.302221
89.165164
91.597994
90.888213
82.430191
88.775133
81.924385
90.384689
89.561291
89.188503
88.590872
90.530722
80.538941
88.620156
90.655329
87.052018
89.466395
89.045863
88.889288
89.974241
100.989780
89.010448
90.881054
89.611971
89.302977
95.536763
89.783749
90.086101
87.277206
92.803629
99.493534
90.381146
88.007757
88.289295
90.381481
89.593099
89.402307
89.392375
89.173202
89.167934
90.709668
109.328408
86.764026
89.763324
90.724906
90.309887
88.984016
89.123963
91.140710
91.907824
88.873569
97.547798
91.700355
88.647640
82.631746
86.790119
90.581144
87.310338
89.007112
88.698468
88.380969
89.201530
89.824127
90.636510
88.873825
88.878805
90.965870
90.422955
87.351554
90.201790
88.683580
76.065318
94.313662
92.395058
90.201142
91.536434
87.782604
88.993895
89.092062
91.502209
91.944280
88.927953
89.920021
93.749710
89.233794
89.064646
89.554402
87.491157
89.169842
89.054575
88.681200
91.823977
79.632678
88.320403
89.304981
88.857833
-33.082514
89.166586
89.624105
95.305845
89.451970
91.284687
90.876620
87.784852
293.755789
93.530765
90.460296
89.228921
89.895230
89.387845
97.008135
89.812785
89.662985
89.783212
89.160371
88.144884
90.304110
87.743785
88.411101
89.413122
90.008203
87.863797
88.548053
90.080306
89.341155
98.828123
86.457885
91.543056
89.061986
90.315907
91.923539
88.267386
87.340103
89.948355
92.388440
89.007686
89.172319
89.887791
87.055374
105.005656
88.869908
89.350963
93.592808
89.396456
90.861540
92.588491
89.726826
89.802301
87.590945
93.199859
88.869253
90.020094
88.687958
88.998332
89.581605
88.624912
89.886668
90.615622
104.374376
87.563933
86.109829
89.932238
91.700665
89.482042
89.760351
95.417089
90.270404
91.285765
95.698183
92.976563
91.079216
89.542222
89.388940
87.649284
86.998305
91.203882
89.820675
89.347153
88.972909
90.575316
90.661742
88.482626
88.170440
88.557698
88.749126
88.537409
88.609043
93.007549
96.593575
88.480009
87.966045
88.022300
89.935265
89.849552
91.473993
89.208385
91.188765
87.303434
88.196448
89.333884
90.880471
88.515333
90.178286
88.587962
92.713353
89.375852
225.267341
95.231177
90.026523
91.687014
85.670978
89.544227
85.711772
89.331962
88.360884
89.578968
94.541868
86.970766
90.054957
76.930789
94.306793
89.396053
91.277675
89.057210
87.362658
87.952470
89.537081
89.507476
89.977952
96.924952
90.504687
88.067721
89.790872
89.228712
90.631117
89.375143
86.241214
88.850574
96.205075
84.756029
89.865729
92.687046
87.413329
80.057758
91.850697
89.370297
72.357955
90.023069
64.076797
90.327143
88.621384
86.936006
88.755379
92.828633
90.715835
90.814394
87.034820
90.463215
89.483304
88.937385
106.062616
91.220742
90.078065
90.228602
89.053307
89.185340
88.099527
89.657850
90.332950
81.633518
91.032458
89.290461
88.632173
90.418844
93.343005
89.949416
89.185367
90.767290
89.772792
91.675752
87.694814
89.399314
89.220043
89.111840
85.173999
90.174623
90.151643
91.422783
90.417614
88.450389
88.465324
89.115104
88.099886
83.692738
91.137713
91.186715
89.379915
90.257029
82.582292
88.578142
88.057378
-68.507725
90.782908
90.729945
89.056187
86.889241
89.666906
91.481334
86.758095
90.792525
88.735639
89.403655
89.961107
91.000928
88.802901
89.847374
90.525479
88.956306
87.810816
89.364114
89.968099
88.684223
88.408919
91.239741
23.103211
85.026956
89.841901
91.393665
89.116220
89.981948
88.797199
88.281661
88.523232
88.985487
90.221771
89.817362
-49.276116
88.442613
86.593057
89.194535
90.890763
90.556164
86.669857
88.884036
86.635382
87.048604
86.301631
88.495363
90.164075
89.421130
72.631989
98.164563
89.171252
90.781506
104.286612
86.741831
88.937281
89.504865
98.675456
89.961898
80.763458
88.636719
87.766827
89.390876
89.092723
89.725680
86.217240
87.710425
88.695584
88.575941
88.938088
86.886805
89.206025
90.971634
90.477590
91.601120
88.113213
89.483563
87.784434
89.520924
90.945336
89.443728
88.638419
91.854488
89.388922
98.059386
86.344708
88.164081
88.827551
89.095050
88.704073
89.570342
92.008245
83.206631
85.250441
92.768973
87.551246
89.972976
89.483763
89.013282
87.151961
88.447321
80.113866
89.193758
89.674131
88.885027
82.034932
90.311599
89.248705
87.876396
88.337911
90.459670
88.191201
88.867647
89.552540
93.849794
88.814371
89.747148
93.219512
90.487459
89.950460
86.548216
89.893480
82.770682
89.291093
97.829477
89.528574
87.932247
91.559296
89.421120
90.117438
89.649394
89.177855
89.594960
90.284257
89.387473
89.525270
88.786288
88.774229
85.608422
90.591734
79.595399
90.353308
86.768924
89.316857
82.009571
89.873888
89.214799
88.199864
88.676655
88.587545
102.669870
87.023769
91.915359
93.902931
89.981287
89.583123
90.320702
91.064244
89.417666
91.097800
90.088981
88.965666
88.925701
90.145844
93.704175
90.200694
85.504202
86.678969
88.549357
88.393629
80.980956
89.300716
91.291611
87.286220
90.934460
88.041772
89.575526
89.711203
89.268787
89.346072
90.834843
89.430722
88.346982
96.834710
89.162324
89.333098
89.182459
89.540292
86.302393
89.805747
90.050536
89.782114
79.094844
86.510953
88.691068
88.676896
90.271778
90.085916
88.587691
87.600344
135.953519
88.470055
90.522065
90.967025
90.390797
86.964910
87.451110
89.523032
86.862089
37.604188
90.176713
88.760451
88.815103
90.424959
94.642266
85.630025
89.233583
91.115205
88.536629
89.739454
89.724076
88.981555
87.728053
85.305687
89.075579
91.717237
87.331608
88.165366
89.145008
91.469258
90.473947
86.569808
91.992008
89.810132
89.250966
88.430435
89.355355
87.910024
89.961360
89.920714
89.708721
90.011027
63.471411
85.517645
89.611166
89.203041
93.821985
89.501845
89.003684
85.799330
89.195917
88.683351
89.203269
89.064469
92.052884
95.357399
88.666807
90.414814
89.230368
89.016216
92.925530
90.838648
88.969120
90.805312
86.780227
87.431663
83.228448
89.649535
89.650690
94.223576
111.790833
97.008814
89.819295
93.252041
89.634030
92.358602
89.554477
89.314305
88.709373
90.539649
89.293861
88.809453
88.754474
89.551563
89.187808
89.407201
89.060835
87.588060
92.440438
90.032109
89.395978
89.661534
90.852584
88.318205
92.274534
91.855157
92.301874
91.101488
84.657876
89.422189
92.518292
93.172607
86.110303
89.429466
91.609758
88.261047
88.675583
88.124871
84.058463
89.890386
90.582060
88.911281
87.217491
90.843813
90.707173
92.963321
133.308127
88.822031
84.671650
90.251693
90.932125
87.752636
89.246374
95.531522
90.843253
89.490681
86.013555
89.015883
88.393314
88.205171
-118.120416
90.265191
410.260975
88.939223
81.863821
80.298312
87.250974
88.629551
88.428433
91.163766
88.966221
90.386554
68.229446
89.155810
90.594088
89.653756
93.446692
87.590657
88.856673
88.744959
90.321789
79.370152
88.327850
91.111603
89.957482
87.465308
89.167325
91.419874
89.301787
88.789448
88.986489
87.809659
88.892395
89.142962
88.300030
88.881574
89.281636
88.366143
90.487403
89.984814
87.857732
89.034402
90.574501
88.259059
89.035565
90.599260
87.951363
92.494226
90.130455
88.697561
99.078171
89.495214
91.388247
90.349317
90.299573
90.874144
85.757379
90.348368
89.825666
104.464558
89.692515
90.141533
90.606040
87.838941
89.817111
86.374003
89.976141
86.864044
90.239327
87.253842
95.759598
89.021040
88.260529
93.378856
94.840027
89.882536
82.026700
89.196962
91.824119
88.963764
88.439734
90.471697
89.488488
87.578768
89.854806
89.105978
89.782565
87.222281
83.476934
91.960900
89.786451
88.828956
88.483736
88.374322
88.974420
88.602614
90.351447
89.323079
89.673333
90.170847
93.515919
89.891757
85.582812
92.258970
88.960271
89.434147
89.003288
84.766862
90.423660
90.267593
89.473818
89.266442
91.284650
90.724310
89.593027
85.512241
89.693211
88.620673
89.706631
86.929231
88.907624
89.330540
83.236093
89.347110
89.986937
90.641819
90.470083
88.594405
87.107724
89.857474
88.988995
88.913470
97.869897
106.271688
200.341048
92.267801
89.397029
87.870238
88.022715
91.375986
93.368981
88.336675
89.616949
72.628499
92.198909
89.102994
81.944620
89.319811
80.724514
89.657466
89.521334
91.377427
89.397542
87.897085
89.552735
89.976109
89.025581
86.206191
89.238520
91.603961
89.574808
87.165577
102.487176
73.865312
94.278162
88.267744
112.608010
91.589909
88.271006
88.661363
88.247997
88.327913
87.262185
89.298689
103.065809
89.939588
87.599327
89.876587
89.167644
90.700681
90.834674
86.698553
87.315764
89.674020
86.782028
90.084787
88.817984
88.945497
89.529329
87.873071
95.551031
139.844715
90.031955
91.218708
92.100872
88.612506
89.667724
88.596797
89.699468
89.828419
89.820669
91.534250
90.588487
91.503354
89.529893
91.470221
86.661180
89.197249
89.325985
91.373647
86.936244
88.256882
89.118932
88.736391
89.495373
87.826616
89.693412
89.502831
85.741457
90.639641
92.884455
91.408220
89.385757
81.573097
88.383109
90.991599
89.278720
89.968834
88.995807
90.430559
88.668385
89.369760
86.872991
87.538470
90.132377
89.009919
90.499573
89.799609
86.832626
90.271847
99.016948
90.276614
89.079310
91.671305
88.509453
90.478635
87.757573
89.977655
89.213274
88.993020
90.094483
53.388167
88.998508
105.620983
90.933482
88.413440
91.239259
87.985802
89.614889
89.375944
87.679999
87.745300
98.831279
89.137897
88.754254
92.040026
88.604504
88.000960
89.938972
88.714509
89.211262
88.560618
86.983567
98.498725
89.504564
91.172692
88.461138
88.852249
89.457578
90.354294
88.733769
85.871534
88.804581
91.499435
88.234821
89.268415
90.345144
88.912423
88.436087
90.288935
90.391157
137.312112
88.085824
75.078573
89.711298
88.894909
83.512416
91.990584
89.342597
53.737197
90.618840
90.810914
91.049362
88.514340
89.220727
89.127716
90.053207
86.681718
89.855304
86.526946
89.480586
89.929287
88.720999
89.548483
91.546304
90.761979
89.104345
89.574316
91.514962
86.911855
90.177073
89.902537
90.586260
88.912406
89.749529
92.057388
88.473718
97.219538
86.970548
88.470416
89.007209
90.258984
90.857723
90.125896
89.109906
90.120614
88.431104
91.716469
87.108294
87.272003
87.024230
65.125488
88.342107
85.517510
88.887422
90.103240
84.483596
90.020806
89.151454
87.824760
96.973057
87.629139
89.627831
93.635706
88.851594
89.302134
76.796444
90.601367
79.980604
88.231959
70.652042
89.962052
92.769518
91.264681
89.225927
