-241.474214
-243.187075
-243.847164
-242.498217
-230.879676
-240.591376
-243.009135
-242.714873
-243.021970
-241.979500
-246.424622
-242.313836
-241.301497
-242.695670
-242.979518
-243.112490
-240.965077
-273.588396
-241.716433
-237.690831
-243.095645
-243.852570
-237.904609
-243.762792
-245.017384
-242.414634
-241.451930
-274.932848
-243.547506
-241.861419
-243.418328
-242.140871
-239.510910
-242.335873
-242.431467
-242.351262
-243.007501
-122.052789
-243.031241
-248.704624
-242.368546
-242.087060
-241.332804
-244.208961
-242.145383
-242.360569
-242.442347
-237.990810
-374.700461
-242.238642
-243.340568
-237.935316
-241.998469
-242.503530
-243.388506
-244.256568
-233.989225
-244.897750
-240.019814
-247.150373
-242.863447
-243.763427
-242.604847
-242.279020
-241.472820
-243.408240
-242.517407
-241.847811
-240.920745
-242.490013
-244.189058
-243.288172
-242.797446
-242.877187
-243.477797
-245.112223
-240.995054
-234.507136
-238.936766
-242.305268
-240.921354
-240.852313
-240.460346
-243.700521
-259.472668
-243.480640
-241.775759
-238.552898
-241.583301
-244.201892
-242.627515
-244.245003
-244.404831
-243.536323
-242.556587
-245.589367
-241.975750
-243.105090
-239.740087
-243.504700
-252.959056
-239.788407
-240.913000
-243.132669
-242.070697
-249.729260
-254.878197
-242.593277
-242.020469
-243.618949
-245.554460
-243.467808
-244.877400
-243.887676
-239.151152
-92.582773
-244.031670
-244.925718
-244.051429
-242.826718
-246.293168
-241.212525
-243.180876
-242.232753
-240.745581
-242.776592
-243.092890
-243.717270
-265.680323
-243.006515
-241.528368
-244.652640
-241.877044
-242.086734
-241.736306
-240.898776
-243.908119
-242.787052
-240.655833
-244.381225
-235.163646
-241.090800
-241.170675
-241.669572
-242.671168
-241.657581
-247.662088
-242.620763
-243.164510
-245.033304
-242.643812
-242.815926
-240.970797
-241.770098
-217.045560
-240.566068
-245.242882
-241.772119
-258.354644
-242.830870
-243.379734
-241.619464
-244.180545
-241.823477
-241.741307
-242.781183
-243.316443
-241.996147
-246.379259
-242.541729
-241.633394
-241.446509
-241.888166
-241.247069
-242.599726
-244.240864
-238.352121
-246.798907
-243.090601
-244.223335
-243.724585
-244.083903
-242.446859
-246.405794
-235.836821
-242.094329
-246.235598
-242.256497
-242.971935
-241.773839
-242.901427
-244.229026
-243.592575
-246.921494
-248.778064
-243.977028
-241.758711
-241.818981
-244.971147
-243.083577
-241.576850
-248.571082
-241.150431
-243.961852
-245.434003
-245.514493
-241.793998
-242.243015
-243.807004
-243.300740
-242.718206
-244.000201
-242.561108
-243.510137
-242.342022
-241.957626
-243.046804
-242.616682
-243.727752
-241.667985
-242.768898
-241.884887
-244.149092
-243.014609
-242.000053
-243.363042
-241.382116
-242.307429
-241.654924
-242.650615
-244.099533
-243.154492
-242.208219
-242.625672
-239.948681
-244.581698
-241.608024
-242.631895
-243.971824
-243.083503
-243.587808
-240.842093
-242.624205
-244.489044
-243.437304
-242.843891
-243.062943
-242.082732
-242.738449
-238.964654
-242.556303
-235.001731
-242.409738
-239.048591
-242.408140
-371.221669
-242.915150
-242.167210
-242.014483
-243.625770
-242.305542
-244.687147
-241.408376
-242.122500
-244.664525
-243.535404
-243.848170
-242.915628
-241.716358
-242.079275
-244.678196
-232.165775
-234.407085
-235.854318
-243.251299
-245.617606
-245.344284
-242.062553
-242.493111
-223.101662
-245.429355
-244.351989
-241.870105
-245.576674
-242.015181
-242.698146
-243.089037
-283.721040
-243.494256
-243.265644
-241.962222
-241.476407
-242.227659
-275.450125
-241.520418
-243.418140
-246.079845
-240.889319
-242.765467
-235.497452
-239.182075
-240.438764
-243.748461
-243.454689
-240.476933
-241.365625
-243.186334
-244.379462
-243.774896
-240.733309
-243.204120
-242.947990
-242.241400
-243.113205
-242.956753
-242.638954
-243.742905
-236.888853
-243.593673
-240.388588
-239.720847
-243.083047
-243.166881
-243.452884
-243.535375
-241.355235
-243.628627
-241.323089
-241.476032
-241.407342
-241.096005
-219.335751
-244.443886
-243.095876
-241.888344
-243.213164
-246.276598
-244.373911
-241.939977
-243.082744
-242.644977
-242.921351
-245.414549
-244.325101
-239.547219
-242.700985
-241.721393
-242.940444
-242.060127
-243.325095
-242.515678
-242.545677
-241.457309
-245.380998
-242.176741
-262.947471
-375.380128
-243.081821
-242.682609
-242.462348
-245.622779
-243.733546
-242.962555
-236.255638
-242.702105
-244.240907
-242.690656
-243.851243
-239.472119
-242.638163
-243.473191
-240.979495
-241.025406
-242.014172
-249.393281
-241.282017
-243.575909
-240.720803
-245.328514
-245.001445
-243.683845
-255.602704
-243.295103
-241.631319
-235.656074
-242.614059
-241.956841
-241.029765
-244.470946
-251.951518
-258.179397
-242.226019
-223.765298
-239.186165
-232.568347
-241.568131
-242.711707
-245.282812
-241.560858
-242.811508
-242.760094
-244.028261
-242.433523
-243.510679
-242.599843
-245.271561
-243.833729
-231.846719
-241.838609
-243.767478
-243.194541
-243.130067
-242.076006
-242.026670
-241.962659
-237.397527
-242.690930
-241.360502
-241.680383
-242.765834
-243.267765
-225.591529
-242.732748
-242.668119
-240.216514
-241.753727
-236.745951
-248.822430
-243.357716
-242.345840
-244.962503
-242.927041
-242.691341
-240.530692
-241.956882
-243.188649
-241.992504
-242.842330
-193.039702
-243.005253
-243.820717
-243.832122
-242.539096
-242.891269
-243.142385
-241.867343
-242.032212
-241.875405
-244.464069
-240.296568
-230.520130
-243.064952
-243.903045
-243.715624
-242.874646
-241.540994
-242.808701
-239.878544
-245.231511
-244.121723
-241.094737
-242.267652
-243.970999
-262.617837
-265.193660
-242.841835
-243.761924
-243.620299
-243.566119
-243.468476
-245.430084
-243.055774
-243.331077
-243.120097
-245.493425
-243.967945
-235.202080
-243.723979
-243.327778
-243.221634
-241.689472
-249.230100
-242.988837
-242.170616
-240.483693
-244.031803
-242.791371
-248.940483
-242.963920
-243.492666
-238.307269
-243.054049
-243.973895
-243.174774
-245.907434
-245.281034
-218.297694
-241.794664
-242.348203
-242.721647
-242.357047
-242.024397
-240.405082
-242.576263
-264.742882
-238.613813
-243.130003
-244.190363
-242.468407
-242.583099
-242.573402
-243.590910
-241.582982
-242.420171
-243.080776
-242.418741
-243.523723
-240.972186
-242.179020
-242.852182
-245.353804
-243.554652
-243.549938
-243.006177
-240.709315
-258.866579
-242.176877
-243.810720
-243.184274
-242.825551
-244.133188
-239.758991
-241.547948
-245.568924
-250.650675
-242.216300
-242.915325
-243.491034
-249.697370
-250.614546
-243.627370
-242.301849
-242.528345
-241.819371
-242.320921
-244.859002
-243.022002
-243.816660
-242.623109
-231.299446
-241.468929
-239.128963
-239.576530
-242.431797
-242.105887
-242.706322
-244.756429
-242.727826
-235.334396
-246.947930
-241.564117
-242.954593
-240.498099
-243.516621
-246.387511
-241.988833
-245.901144
-243.826112
-243.124935
-242.013971
-245.957404
-243.323520
-242.532484
-244.137046
-243.467964
-243.450171
-256.822386
-241.777855
-242.431007
-245.479784
-239.766038
-236.756968
-243.454167
-242.655202
-243.676802
-242.734154
-241.691138
-240.419432
-242.767803
-243.292731
-242.283699
-255.974406
-241.548348
-245.004871
-243.102552
-242.708901
-244.695651
-242.397830
-244.074606
-247.101367
-236.800097
-242.088076
-241.841400
-242.971150
-245.786068
-239.629214
-243.856838
-242.401180
-243.146661
-245.440451
-243.439975
-242.177086
-249.334277
-243.736788
-244.978655
-243.073135
-242.599283
-241.002820
-244.350476
-238.369986
-242.343849
-239.392277
-243.880637
-239.381251
-240.888869
-246.948634
-241.613955
-242.562670
-242.588925
-240.007021
-242.058957
-223.492192
-242.722499
-244.798129
-245.628440
-242.786953
-243.172246
-242.527488
-240.450659
-243.331098
-241.410740
-243.260013
-243.000520
-242.555794
-243.725741
-242.760316
-242.661187
-242.972241
-247.137148
-246.333907
-242.301610
-243.350211
-243.319694
-215.984652
-241.873752
-236.095862
-243.339835
-242.954546
-242.457608
-246.450981
-242.438250
-240.784787
-242.445031
-244.265743
-242.545035
-243.783079
-242.433583
-241.635186
-242.500084
-242.402374
-239.901773
-241.816049
-243.224023
-254.879943
-242.347202
-243.280635
-240.520252
-243.108595
-242.887045
-242.505077
-235.086082
-244.691688
-240.341031
-244.186364
-244.639646
-267.928742
-244.190416
-240.694814
-242.262642
-242.521018
-242.355665
-242.199513
-244.582031
-242.706959
-242.087229
-242.377306
-241.609146
-242.634130
-242.408549
-240.427749
-243.207621
-244.466892
-243.029982
-245.773223
-241.640023
-242.641226
-242.150502
-237.512780
-242.336273
-240.838790
-292.782942
-239.851399
-242.725291
-249.103334
-248.739684
-242.964795
-250.048864
-240.146184
-242.308486
-241.571780
-243.105310
-241.509641
-245.818204
-242.236266
-242.416225
-239.235517
-244.513342
-241.308880
-242.317788
-239.105912
-242.286874
-244.727144
-241.638420
-246.823489
-236.210137
-240.694531
-20.511012
-243.587941
-249.935248
-243.057929
-243.504775
-241.786211
-229.982184
-241.206442
-242.572572
-241.867643
-243.759645
-243.661232
-242.449556
-242.828204
-243.492352
-234.954205
-250.912849
-230.849495
-244.159171
-242.311806
-242.722123
-242.612612
-244.138166
-241.696704
-243.995644
-237.907326
-244.513340
-244.598374
-245.870695
-245.090876
-241.724284
-243.445098
-243.007170
-247.810979
-306.031871
-243.454027
-245.690022
-242.605941
-245.157374
-242.276323
-241.099905
-242.461490
-245.392519
-242.124429
-242.673858
-242.451117
-243.542949
-243.037270
-240.745180
-236.283412
-242.690539
-243.842243
-240.632106
-246.056340
-244.756888
-241.707198
-242.291596
-238.337682
-242.284611
-237.712288
-242.220814
-241.337847
-243.931939
-244.440952
-245.983924
-242.429917
-244.298230
-242.450271
-244.703272
-243.468606
-243.251017
-242.151867
-252.026240
-252.334818
-242.630272
-240.175625
-248.516946
-243.762687
-242.897966
-242.633606
-242.833653
-242.542580
-243.202724
-243.246750
-242.245352
-243.083985
-242.198916
-242.955032
-242.739842
-243.603311
-242.680163
-241.801531
-243.704808
-249.199922
-242.563835
-275.411041
-242.693215
-196.574314
-246.261066
-248.144377
-244.953913
-242.965372
-246.003997
-237.207640
-242.487647
-243.583956
-250.814541
-242.672349
-241.924740
-242.835136
-242.187268
-242.592757
-243.145728
-239.653010
-241.175352
-240.720913
-246.311784
-244.920124
-243.499409
-243.384222
-240.899153
-245.982392
-243.400798
-244.494277
-241.947607
-242.160402
-242.253304
-242.985227
-243.471478
-246.171258
-242.850771
-242.012398
-241.769229
-243.214401
-244.295400
-242.968087
-241.492471
-237.788364
-243.087112
-241.428011
-242.395740
-241.640740
-240.973101
-243.333409
-242.995314
-245.131691
-243.320739
-240.014347
-241.266854
-242.102309
-241.179743
-238.247640
-147.112497
-241.594852
-242.789536
-242.536013
-246.820756
-242.747841
-243.276390
-243.971854
-242.649836
-242.223311
-243.646884
-241.936684
-254.458840
-245.331702
-242.589654
-228.055454
-242.447338
-244.436455
-242.959736
-240.791922
-240.923295
-243.444707
-242.468257
-252.305240
-242.888959
-243.067279
-241.875783
-243.974867
-242.498168
-214.498912
-231.606563
-239.195157
-241.626563
-243.023060
-243.243259
-249.775221
-246.449779
-242.390689
-241.945895
-216.117109
-242.214929
-242.538074
-240.573111
-243.571163
-247.274518
-243.133932
-242.768572
-242.821294
-242.723770
-241.909420
-243.057052
-242.617264
-250.912902
-242.453394
-243.706010
-241.915447
-247.384373
-243.377070
-242.678225
-240.288849
-242.902503
-243.369891
-242.677303
-240.553056
-453.811409
-242.268860
-241.764275
-242.008621
-242.720914
-241.952577
-244.927322
-242.299628
-241.158112
-242.072817
-243.032655
-244.837033
-242.833159
-243.248655
-241.550786
-242.901624
-241.928463
-244.253037
-250.077531
-243.123036
-244.860093
-337.456124
-241.804698
-241.799982
-244.144342
-241.090873
-252.915138
-244.851742
-242.144593
-244.661167
-242.634745
-242.969562
-241.884822
-242.719808
-241.465344
-242.102836
-238.841439
-248.489736
-242.339718
-243.330698
-241.119925
-239.321130
-238.971105
-206.423310
-1542.804490
-220.625445
-242.777315
-248.346209
