163.560617
163.807135
163.053793
163.745371
164.475884
161.826217
163.891311
165.152564
168.444694
159.744393
157.705154
161.988132
163.810075
164.981376
164.022831
161.367345
162.667289
161.865110
234.423035
166.918615
162.929738
164.930343
167.130051
143.906347
163.075719
163.478755
164.107677
177.022723
166.380829
163.707564
163.354743
163.721596
163.996546
162.231541
163.732583
162.393580
163.539254
169.234197
165.208033
163.120461
163.601530
162.844467
158.025550
162.866290
161.982959
162.590034
168.075706
164.404580
164.736530
163.889451
158.438828
161.572835
162.464120
163.662518
162.002443
165.930638
161.512270
163.877114
165.892518
160.279851
162.892416
161.396907
166.023006
163.647256
163.827597
164.205764
163.858996
163.713428
159.409716
163.647975
162.698878
164.507326
163.650392
140.254469
162.789934
162.945871
163.304324
163.649499
164.138040
163.304932
165.377959
175.202740
162.371538
163.957511
162.779074
164.387189
162.500720
161.790995
163.688233
163.985280
162.691515
165.540285
171.032796
145.842262
163.657163
139.650406
162.133594
163.617903
163.646886
163.856455
166.824704
163.141454
163.479329
163.157483
163.923550
183.352743
165.721081
162.649530
163.211251
163.987974
186.745010
162.833407
163.225606
160.181700
163.859080
163.269579
122.437644
161.450262
163.820234
164.080746
164.437045
164.121396
171.966082
160.065074
164.831625
169.788685
165.254895
166.309142
163.975930
174.031193
162.388588
163.992001
165.421073
163.732489
162.648911
166.498968
161.312275
165.304135
161.183907
163.624413
162.818321
165.082948
164.224161
164.289056
163.246607
163.156575
166.039704
162.721188
162.288940
159.956882
164.067198
164.219311
163.222955
163.615413
163.394529
164.577782
159.564942
163.505612
164.901808
165.713125
164.231146
170.180915
164.167469
161.779897
164.163398
161.077626
163.026608
164.221667
163.824291
163.634177
163.784523
161.730845
162.259477
163.539846
163.418798
164.496880
164.051084
164.042775
164.543921
163.129816
160.598031
163.227814
162.474935
79.098328
164.692794
163.064212
158.682788
160.935376
166.705952
163.243768
163.626831
161.213851
166.325649
164.712805
159.950060
163.237874
165.314988
231.910060
176.758492
163.645439
164.964990
164.706235
162.276050
161.688368
162.834975
59.796056
162.392287
166.033484
163.921507
163.324504
164.678861
162.985547
161.554566
163.705825
163.219403
163.884799
164.482925
165.429325
163.141729
162.619063
162.664967
158.000316
174.208963
170.165192
163.141066
163.692483
161.998251
163.551689
156.443941
163.537430
162.554053
162.428060
162.102813
165.689718
162.612756
163.382831
161.399482
164.423097
164.464206
166.799152
160.462297
163.481226
163.661394
162.367907
164.785500
162.671406
161.478645
163.370147
163.716657
162.040485
165.860182
163.985108
166.643658
163.771423
163.746646
163.386800
165.777243
164.819970
169.471688
184.652203
163.848164
165.384255
160.247835
450.942088
163.615807
164.319117
159.638377
163.175235
162.155581
160.155994
164.858417
164.882666
160.670174
163.349879
163.012482
163.501646
163.921321
258.345030
165.468874
163.948455
160.834067
163.204963
163.814498
162.603669
160.904441
164.639619
164.629556
164.915057
165.377169
170.404358
164.583732
163.830395
163.999177
165.791836
161.919736
163.734379
163.194225
163.914944
163.602245
164.010368
161.425495
164.596186
158.425518
193.796329
161.882193
160.834860
162.737326
164.238375
163.884888
159.470935
160.530313
163.011227
164.322167
163.430422
161.599020
161.742778
163.651282
166.142595
163.227872
164.029975
166.040921
162.576690
162.967045
176.896212
163.307517
161.615116
162.151349
158.606701
163.378274
258.320706
153.523992
165.061304
164.238406
164.348352
155.639882
163.703819
162.993363
157.562042
156.055769
164.135707
161.019088
156.958926
164.732762
166.035570
161.725575
165.531994
162.852269
169.620562
164.109807
162.975971
163.758747
163.191412
163.547418
163.369024
160.570904
162.529669
163.733572
162.965272
163.544260
163.635823
166.382023
163.224029
164.949842
163.962040
162.248083
163.420162
163.503543
164.951756
163.690467
163.108101
164.082250
165.682476
163.222708
166.412303
166.018330
164.186165
163.551044
145.187874
161.986002
163.915511
164.149993
164.129896
162.327569
163.392533
192.046179
164.709080
167.183290
163.369411
160.766426
166.527789
163.431760
175.120106
166.362708
162.886472
163.693693
162.343241
160.934185
162.278308
168.387645
161.711904
159.788340
163.822610
164.949746
165.297645
163.411574
163.307134
162.688267
163.452285
165.991526
163.508201
162.987119
162.713900
161.983236
160.020193
163.493550
156.894176
163.898623
163.525115
163.326581
162.920940
163.693908
154.809285
162.614078
161.523210
163.250609
163.954294
166.556373
165.372316
163.990731
164.308076
161.256674
162.512287
164.495886
127.660693
164.082927
166.053921
162.717776
162.464977
163.877789
169.221000
164.476641
160.145955
163.391157
173.692092
164.049699
163.842708
170.520135
165.638361
163.500710
162.830526
166.741137
162.532238
160.879489
163.489983
161.557160
161.232920
165.514316
159.371830
166.427602
165.115017
163.666395
163.556809
164.218039
141.875537
166.021765
164.888226
163.925051
161.812865
170.254821
162.966514
163.107684
167.698534
150.124954
163.512323
164.315203
164.564506
160.587167
162.936605
166.236702
180.029592
164.025963
162.348582
164.367865
164.735418
159.489573
163.454950
163.790517
166.670636
161.957843
161.578948
162.387421
162.993891
161.728618
164.056550
162.785944
165.340845
163.822120
163.370240
163.717021
164.278744
164.438453
162.882852
158.721415
165.208064
164.794498
163.836853
163.355819
161.114049
163.330111
161.922185
161.673283
163.646481
161.939040
162.058162
163.997200
164.343086
163.419730
159.639932
163.511766
164.223221
163.287101
164.058947
162.021198
163.934949
162.653919
163.823377
164.301179
168.468720
-1541.941569
160.012312
128.490237
164.988290
163.404880
174.515061
162.888222
163.993323
163.985746
163.811787
163.688444
162.688291
163.683826
165.480475
162.490129
163.618109
163.075504
162.361625
163.041898
163.420848
159.301872
163.511692
163.766670
138.083925
163.993289
163.055261
163.105973
162.763865
165.308348
102.111661
164.354383
163.733883
164.340505
165.030678
162.679385
164.227809
164.701963
163.641558
164.211108
163.738964
157.806444
162.232466
163.984069
160.247351
163.444753
159.093286
166.172229
165.122347
159.882971
163.353335
162.766336
162.724142
163.590102
163.445063
162.466876
162.311789
162.891963
166.452693
163.246757
157.169852
162.991744
164.778113
163.426155
170.605466
163.749646
163.194302
163.049809
159.520150
163.669887
170.361144
163.900863
163.373189
162.108113
164.136219
163.090691
158.036462
164.425549
164.835080
162.940622
162.781048
163.327875
161.527958
162.119340
162.322251
163.426899
162.938940
163.379098
163.058216
163.877457
162.143032
163.923448
162.932484
163.656270
165.443752
154.786544
165.348173
164.143996
159.127457
163.351513
164.777863
163.535918
164.574006
166.347580
161.695729
162.571329
163.356193
163.723730
166.811933
163.599910
163.596493
163.011266
72.353401
164.936811
165.044805
160.822675
161.118790
164.054958
161.908194
162.869438
164.059429
162.864310
163.614513
163.156859
161.929025
129.153117
164.726034
164.399536
180.534397
161.787954
165.852489
161.981270
160.721366
163.167748
164.505219
169.023759
164.284667
164.631279
151.926652
163.158940
163.778198
163.865620
164.195512
164.259639
161.799558
162.428373
165.211496
164.928726
162.622861
163.434523
165.929014
164.422925
159.360511
164.650039
163.334736
164.205183
163.877703
165.105266
167.518261
136.482575
164.900636
163.959454
163.520628
162.063415
163.641381
137.870001
165.197129
167.329768
163.071660
169.227406
162.679243
164.116896
160.246907
163.674258
164.016366
163.717158
165.721959
149.212172
163.860138
163.059306
163.932836
163.014414
163.157851
165.228648
163.258226
165.431864
167.894220
166.052649
163.752213
163.415709
163.649378
163.265793
163.840842
161.510620
163.295810
164.002031
167.949884
161.871407
163.561659
183.859496
166.578063
156.126139
160.605226
164.065880
164.695703
165.039065
165.018157
166.617582
165.612899
165.886559
163.493719
162.793048
160.911384
167.581800
155.413343
162.698766
164.452232
164.702092
161.137550
163.474836
162.570241
162.116359
163.723431
164.045172
165.732213
162.297672
164.428375
165.403588
166.059913
163.892231
163.302342
157.236756
163.113335
164.448353
163.452416
163.857185
155.958607
165.445739
164.573693
162.345245
161.613809
162.817755
162.604024
162.250769
165.103973
165.041625
163.921257
161.436462
161.637105
171.972696
164.367184
162.121274
161.295234
163.610337
165.116674
164.494136
164.095839
164.166026
163.876022
163.424697
164.277369
162.079833
162.318936
162.975955
165.710727
163.111748
163.460446
164.231602
163.212962
159.166151
164.271433
163.579191
162.690703
163.626511
167.205192
162.951637
162.596515
164.787803
163.292658
164.253552
166.683461
165.546254
163.484629
162.861845
160.143977
164.700890
165.536776
169.003780
163.929977
161.660384
162.909840
163.946842
164.143960
176.948629
162.221227
189.745787
163.511993
161.593415
162.676588
84.474160
163.767593
145.917408
163.583385
163.277941
169.197160
163.110983
161.006612
163.154006
163.038200
163.910781
166.570709
163.311552
152.647034
175.451093
164.394973
161.196070
162.130204
164.641617
164.895281
188.513714
166.096613
159.993896
162.930456
162.977471
163.543706
164.359120
162.974399
164.879849
164.010254
163.692576
217.105689
166.176519
173.542898
162.560094
164.221601
163.085650
164.494138
163.483845
163.580528
164.570103
166.240423
168.391033
162.095163
164.337133
166.594802
164.146093
161.335203
168.028764
164.149189
164.076813
163.695943
163.293286
163.015870
161.863670
163.218815
164.616825
163.051732
164.586883
163.304385
163.627215
163.283010
179.059664
164.260359
175.855653
163.655519
166.511859
163.981175
165.468516
162.591019
168.383480
162.895331
163.503194
165.083407
156.973808
186.065156
164.577639
167.117637
157.637777
162.660179
168.496257
164.134416
163.986210
163.139956
163.605121
169.569055
162.815762
161.416649
162.944008
164.760126
164.124261
164.069414
163.753974
160.179520
162.588753
164.166098
162.411876
163.484143
164.594107
163.909126
165.698631
161.476201
145.493119
163.351104
184.288449
163.838049
165.031776
164.234574
166.983261
163.752584
163.537041
141.825860
162.874710
165.034002
166.101199
163.839694
167.659165
161.284693
166.873819
164.020640
154.672066
164.479590
164.063213
164.966969
161.322790
161.630698
165.284745
167.124123
164.740621
163.655345
162.895332
164.298585
157.178722
183.214596
162.881390
163.349217
162.313506
164.313981
162.942319
151.240028
130.875605
160.840356
164.917753
164.262696
164.439386
165.222831
165.684463
166.325209
161.521887
163.277070
162.943858
163.752326
163.735463
158.496695
164.116098
163.881776
165.373388
163.842393
163.841575
164.002053
164.552325
163.226077
161.565660
164.559526
163.626518
163.743111
164.735021
164.863450
165.342903
164.752239
176.683616
162.055482
164.844356
165.412934
