278.466850
281.575533
276.821985
280.324785
273.163942
272.024882
277.345911
276.912924
277.040173
278.257837
277.219963
273.189763
274.468747
276.275491
276.564393
277.881775
277.762084
276.834442
275.522733
278.202702
279.172807
275.821499
287.740818
277.265766
277.073339
277.583745
285.125727
261.650381
277.401803
274.709968
277.457957
277.592429
275.703482
280.115926
283.714476
274.083790
274.966719
272.178001
276.823647
279.686598
277.129932
275.873870
278.052265
278.986548
277.373222
278.289395
277.899871
315.253345
275.840123
278.407609
277.378349
276.550569
274.909454
276.833857
277.616635
276.879325
278.060538
274.792684
279.313103
271.970988
273.873417
277.707855
277.017384
277.138933
276.217572
276.585956
279.638484
275.627348
277.118539
282.519016
276.357156
281.953035
277.948358
278.894530
276.824271
276.478910
274.043681
276.634293
277.363775
276.360710
276.912320
277.489738
276.171195
276.556328
278.388197
237.931798
279.169453
277.374991
294.961005
277.277607
279.404705
276.802906
277.193519
275.551582
285.575270
277.114874
275.923611
277.420596
248.372711
276.831119
276.620415
277.997854
278.925612
272.867327
271.343263
276.157261
273.847891
275.136492
277.669318
277.156341
277.149460
279.225406
276.725301
276.955071
277.405042
280.053743
276.700614
276.600949
279.037654
275.039248
279.538986
276.963998
277.047299
268.759468
273.745266
277.512612
276.217045
278.141270
277.442848
274.268542
276.778957
276.476941
274.594590
277.291372
153.820343
279.212597
277.015276
276.359991
276.995239
274.807191
276.975703
276.904807
275.630769
277.222404
256.937812
276.580872
281.669194
276.844089
263.051953
277.857486
274.250636
277.058476
281.841191
275.321500
277.904168
280.014023
276.918385
276.241812
276.437708
274.689949
279.822192
278.326227
277.479620
275.724626
292.141050
277.762429
277.246394
277.949350
278.118179
275.744429
276.261111
277.762752
275.885015
521.639982
277.510403
276.590707
276.151909
278.757754
271.714961
280.508229
276.838114
277.808222
276.733136
277.171638
278.062397
280.182137
276.499644
275.875475
278.595912
272.909794
277.041684
276.601508
279.129395
276.603929
321.560993
276.094522
283.017941
276.492510
275.868873
285.274663
276.984709
272.576445
277.455815
279.396862
278.712607
276.310404
280.284567
276.590796
275.521384
280.271278
277.779901
279.263230
278.922865
277.521095
285.275971
279.501333
277.030403
277.042359
291.567196
278.010904
278.412104
276.916363
275.940745
279.607987
275.826747
237.626554
273.293953
276.286139
288.903782
275.724686
276.965265
273.065447
276.437339
277.376080
276.475293
277.421326
277.580205
278.375980
274.637930
278.680465
277.729978
277.786927
258.514844
256.936707
278.607041
275.193306
279.273677
276.897683
278.504746
345.879283
275.048248
276.695183
272.082836
277.026950
268.001996
274.316112
276.641958
276.362804
278.143791
276.391671
283.114410
400.932843
277.221710
276.736332
276.000514
278.432124
277.399563
277.686982
277.691845
276.446039
276.522274
258.448412
278.990762
253.435910
274.427080
275.957587
287.899290
277.297804
278.730633
277.746322
277.097077
276.809746
279.633523
277.041039
278.236535
278.350217
270.712533
278.649929
277.877188
278.427380
269.009955
276.739256
279.618263
275.979396
274.907680
278.508906
277.051065
277.796480
289.782515
277.269492
280.082720
277.896804
277.311904
275.875739
283.699747
276.271789
298.185821
277.566363
261.113004
274.396618
277.883884
276.814099
281.091088
276.667006
276.465999
276.874466
277.970095
276.447506
279.355066
276.994776
268.627457
278.057415
277.611623
268.911215
276.313367
274.291177
278.013418
274.556494
286.235646
276.548569
276.126684
277.513391
275.609411
277.730790
275.581761
277.443720
277.548988
278.882070
270.016482
276.621410
276.435499
276.908217
275.981483
268.899751
281.199587
277.090947
280.439030
277.251799
274.781748
275.830800
276.153654
276.736810
273.814122
277.170418
276.775541
277.049712
278.054838
278.682772
276.417492
276.707361
278.143391
275.618300
277.632207
269.713724
276.432672
274.792745
275.587819
276.171355
278.159111
278.430056
281.472745
275.029059
277.651162
276.060738
275.871329
277.594947
275.659659
273.646959
202.020853
276.659966
275.899793
276.304082
265.289112
277.303499
274.732937
276.641229
260.193571
277.655789
281.897272
274.486942
276.416059
277.891673
275.876247
276.977803
273.549404
276.898372
279.287460
277.499619
276.892605
277.062774
277.778438
281.269979
276.215849
281.549111
276.602307
275.733791
278.633818
279.298843
274.896142
276.978862
276.938995
276.659052
275.236098
274.711245
276.576279
276.900710
283.692174
274.495244
278.488359
275.173230
279.134122
277.737986
277.398995
277.431778
278.750895
272.606886
276.591916
275.180413
298.528362
276.203027
277.691575
275.637064
278.219772
278.015871
277.149926
276.710226
278.018099
274.510187
276.844057
277.270085
278.494935
281.699869
272.623285
278.848289
263.721408
277.389725
276.657448
268.362626
276.770431
295.922051
273.186874
275.743340
273.186465
276.803204
277.136872
272.620780
275.841976
275.909545
277.283825
277.404973
277.178220
268.870433
276.968690
279.128589
274.819261
277.268394
277.794824
277.683335
278.981117
299.265315
276.685886
277.187388
277.793734
279.116213
281.157973
278.038319
277.354522
276.596149
276.873861
276.094234
276.754943
277.673792
276.990574
277.504476
274.817528
278.657001
276.621283
277.978447
277.494055
278.569262
276.865568
276.355207
268.098479
276.818855
277.504554
275.525166
274.792739
276.575532
276.573872
276.937484
277.927061
276.457271
278.733168
278.618886
272.787397
277.341292
276.672769
277.228197
277.434307
273.679075
273.783172
278.647494
282.492619
277.928416
276.830811
279.054857
276.157393
275.562750
292.228688
276.596912
277.445062
277.698062
274.044380
276.088740
276.948469
276.847310
277.400060
262.984868
278.351126
273.568015
277.217718
281.869967
279.145493
276.852124
276.854227
277.039422
277.336920
276.063425
279.990262
277.400902
277.972468
279.435022
276.974512
276.848341
276.771808
276.795346
275.223896
276.825168
277.921475
270.295071
275.487661
276.513578
264.513194
280.265985
276.649937
269.755250
274.464980
278.498816
276.747598
274.999455
278.151967
263.803126
277.194575
279.533013
275.882936
277.915885
275.969329
276.921273
277.392424
275.387892
276.409843
279.226767
275.748476
306.266108
276.952555
277.207090
279.250339
276.470287
276.689751
275.170840
277.796486
275.265770
276.205751
276.155097
278.333419
277.994222
276.929423
273.631017
276.348731
273.317786
267.986099
281.729231
277.821074
279.625854
277.537693
277.026667
276.788320
276.857757
274.715560
277.853513
273.437802
277.757187
286.685027
278.910907
277.633335
276.911460
276.958931
277.063087
275.935888
278.174420
277.867205
276.413009
276.356637
4130.848027
280.937821
278.085137
276.213896
276.803925
276.215780
272.361740
277.577019
264.255401
275.668668
276.240154
276.681088
276.304676
277.489966
276.168036
278.446323
277.229241
278.234831
276.415106
276.092017
296.173305
279.245037
276.354786
277.239130
275.783634
276.899573
274.561779
277.340055
279.081741
277.616623
273.127428
276.882394
276.185164
277.324014
277.001516
279.071951
276.844661
315.836729
277.424553
276.602706
277.057121
277.826572
276.492165
277.581169
270.126523
276.901839
277.173383
276.900233
221.699567
277.457434
277.030510
273.903633
278.344573
277.526849
277.067029
277.307465
277.285865
277.390965
276.774854
281.637911
277.923411
276.358188
277.065016
274.898985
278.946063
277.355084
277.205345
275.753941
278.897284
275.969749
276.944934
269.080627
282.553553
275.823363
277.388503
272.263579
276.196105
276.591453
280.566447
-1474.460952
279.156767
278.122183
276.110260
276.985920
276.009300
293.927904
278.982602
273.016594
258.668349
274.373032
278.880911
276.791174
277.284629
277.097407
277.200866
276.803850
276.997222
277.998849
276.421253
277.773641
279.503982
275.226232
276.479309
281.070706
267.033616
278.280770
277.053809
278.237864
316.010705
269.005553
279.589947
276.549849
277.392439
276.874640
278.820332
275.035699
274.994131
287.855775
277.449072
276.447187
277.933813
279.360971
278.480665
277.366271
277.086653
276.724782
272.187892
276.971879
282.521980
276.797329
278.697127
276.713132
276.942001
276.635344
280.260859
275.691798
269.504616
274.854923
270.319524
276.744363
276.465340
278.436021
254.745430
277.057911
278.409843
273.590228
278.320387
282.520978
277.319673
277.076035
276.631323
276.228974
278.456039
278.563572
277.294790
264.133412
277.140556
277.957073
276.873358
277.407359
246.282322
266.027002
277.177273
279.714379
253.433464
277.939644
274.782843
274.597899
303.810241
-532.633972
270.301027
276.809924
282.309680
280.499143
278.248899
278.251385
278.430669
277.632823
283.204410
276.788074
276.736690
281.889707
278.101714
279.773208
276.430302
276.426353
275.789071
275.301375
275.766003
277.024559
266.595462
276.142023
281.994358
276.876995
277.984197
277.528001
270.669321
279.145197
275.453038
277.445456
279.803406
276.693415
275.886062
276.745183
277.165240
276.875357
239.070853
253.210468
277.488637
280.779565
278.146669
277.751751
276.943229
278.802228
277.258723
276.680041
274.839869
277.554955
275.319486
271.437815
305.556787
276.617583
277.195628
276.620842
276.829794
277.889233
276.408406
277.727859
275.913408
278.071426
201.689543
277.130707
277.430826
277.983170
275.691457
278.013321
276.378275
276.047833
277.670702
324.434851
276.356742
276.749317
272.427306
276.950844
277.186059
280.713428
277.534132
277.546163
276.715986
272.899107
279.833086
275.997520
279.836787
277.357505
277.510115
276.383144
269.620318
276.014138
272.739201
276.935159
275.453925
273.975484
276.460292
275.831591
277.026585
277.146644
260.525790
277.042730
276.933478
277.175025
277.327811
286.372509
271.826748
277.050843
277.281940
277.131866
271.685523
252.867879
280.598344
278.440386
277.121371
277.473413
270.296052
277.801862
274.487535
274.788081
278.673036
276.910273
270.758687
272.505489
276.761624
283.710947
275.623676
272.871001
277.015804
277.240830
260.905314
269.659153
277.088285
276.261460
275.101491
277.688850
276.482861
313.539907
280.250937
277.935417
277.311636
275.762819
276.904408
277.579804
276.504855
277.157076
275.800870
277.237034
276.470701
277.088020
275.691634
278.200003
275.352015
280.797688
274.530759
277.291590
276.274957
276.985439
282.613194
278.268561
274.829722
279.716986
277.805130
276.853876
278.102225
276.960181
279.512755
275.326515
276.472956
313.500756
277.123423
274.670464
277.570240
280.379289
276.691967
277.000058
278.079054
279.992214
274.202712
277.882699
276.466321
273.201630
277.531837
276.760435
277.652680
275.170380
277.855498
278.054750
277.048084
278.217878
277.936585
276.924415
269.270891
278.139363
279.995489
277.239239
277.855918
278.360913
287.724441
278.470562
276.856291
277.761975
278.181612
281.790384
278.550986
277.967959
282.092758
270.159060
276.010043
281.214801
273.527738
277.535547
279.381164
278.516478
276.454101
277.543469
276.979070
277.590007
275.062255
278.787678
277.488282
