-218.898575
-217.156927
-218.812775
-221.120654
-218.164000
-213.319005
-219.869557
-191.112622
-220.319063
-218.737969
-157.159320
-1587.700342
-221.674268
-218.160612
-218.119777
-218.144947
-215.067016
-219.201404
-217.233182
-220.293155
-218.913332
-217.506331
-219.454152
-215.712275
-218.202422
-221.252965
-218.309583
-218.768841
-225.145244
-223.328856
-218.338110
-217.647736
-216.557819
-224.124397
-218.574481
-215.620981
-213.483732
-218.828104
-210.987935
-221.229011
-222.864063
-218.275045
-217.339600
-219.528389
-214.918439
-219.990758
-219.045384
-217.931311
-221.457338
-220.194298
-197.517855
-217.694176
-218.073122
-217.168960
-213.097380
-219.925297
-219.396401
-217.547522
-219.104958
-218.406738
-219.395281
-218.944973
-224.754731
-217.746605
-218.466937
-221.048238
-217.598683
-217.502124
-218.239946
-225.810320
-220.232766
-216.113893
-219.491020
-219.626326
-217.795220
-175.622339
-217.914639
-218.865834
-218.097283
-221.646665
-217.048497
-217.861966
-219.025964
-222.055775
-209.178584
-217.839436
-218.792155
-219.214149
-216.923061
-219.386404
-217.056826
-217.605107
-219.358265
-221.040486
-218.606488
-220.183149
-218.578380
-217.932781
-220.058465
-218.934210
-225.929726
-217.138358
-219.754273
-215.216702
-218.400426
-218.239441
-227.404298
-217.898489
-217.507585
-217.743283
-225.244456
-219.423138
-218.725821
-175.106648
-218.760841
-219.987943
-220.960065
-219.259568
-222.521832
-218.500645
-250.570887
-219.156993
-202.807803
-215.269231
-216.165630
-215.654581
-218.128049
-221.272799
-218.987898
-212.758335
-226.689492
-218.931644
-218.580104
-215.498135
-212.603818
-218.770121
-224.441741
-218.416581
-218.597221
-216.296298
-218.528409
-216.939517
-219.889822
-220.199339
-217.416741
-217.712338
-219.083831
-215.092932
-213.051760
-219.136817
-218.777027
-218.935524
-219.244185
-218.002241
-211.114044
-218.359366
-218.718168
-218.893115
-219.103823
-219.171137
-217.963141
-202.604704
-201.057354
-212.742922
-219.804949
-212.998472
-215.326439
-221.715217
-217.524906
-218.797549
-217.589784
-217.771256
-207.696729
-218.454800
-219.155371
-218.083000
-227.201144
-215.633459
-220.886653
-215.541109
-218.741424
-219.086451
-202.643389
-217.957435
-219.073007
-218.910414
-214.165370
-219.669881
-205.191009
-217.739663
-218.866602
-223.759863
-219.768030
-218.655686
-219.589141
-216.436533
-219.120070
-214.420256
-226.823854
-220.245087
-217.968802
-215.001647
-224.590695
-212.828703
-215.478021
-218.741120
-217.377517
-219.319450
-216.155774
-218.854979
-224.154583
-218.682337
-216.932170
-221.047525
-218.268825
-218.538194
-217.584494
-220.289414
-220.890868
-216.341500
-218.331141
-218.966787
-214.098699
-218.716836
-218.598652
-241.417270
-216.959452
-215.782499
-216.561400
-217.888268
-208.782969
-218.104700
-216.556443
-214.075523
-225.508410
-221.363417
-222.887914
-215.574887
-217.285910
-221.047992
-218.505221
-219.507226
-217.466875
-227.669057
-216.457999
-217.826221
-215.091032
-218.824441
-206.565479
-219.735390
-217.841580
-215.721467
-220.116419
-218.499129
-218.502482
-217.467433
-217.758048
-217.690372
-216.918780
-218.591845
-218.945272
-219.570107
-214.345977
-213.611134
-196.110060
-220.268443
-217.548534
-218.702573
-219.511650
-218.649765
-216.447116
-217.755855
-217.543849
-218.816169
-218.321201
-218.042048
-218.969470
-219.087132
-217.685019
-218.690405
-218.038860
-215.843374
-216.543890
-217.202755
-220.606269
-217.639063
-218.071256
-217.926706
-218.366791
-217.830897
-218.484459
-219.651508
-216.551368
-210.810636
-217.681233
-250.822266
-217.009341
-219.129402
-218.751307
-216.684088
-216.144643
-218.732304
-217.007546
-219.328044
-218.723053
-216.762969
-216.643028
-219.641971
-219.609960
-212.376814
-218.599314
-213.292003
-217.926031
-226.517157
-221.897945
-220.411393
-217.751627
-219.405269
-218.816219
-218.756313
-219.849070
-215.646665
-217.362543
-213.657987
-217.187902
-219.661767
-212.929825
-218.956012
-219.178199
-218.739192
-217.893870
-217.417002
-219.148402
-217.938024
-218.213750
-220.751551
-221.947485
-220.226543
-218.200354
-213.848640
-218.863073
-218.422426
-221.971573
-218.421449
-219.109764
-216.632778
-221.742330
-205.029443
-216.545345
-214.483757
-218.673454
-218.357820
-218.489582
-214.387731
-218.480153
-218.627037
-216.672807
-219.362706
-217.439064
-217.912866
-218.670802
-215.688627
-218.159975
-213.089923
-218.034275
-218.434858
-219.658936
-203.523539
-222.749945
-216.614662
-216.305186
-219.090147
-214.075681
-218.364348
-219.594923
-224.872651
-217.404835
-222.631110
-229.473263
-218.663984
-218.425805
-220.260502
-220.141553
-220.379162
-218.516297
-217.635210
-218.318723
-217.411313
-217.907216
-215.724206
-181.598840
-221.617031
-215.909540
-218.707475
-219.036545
-217.900692
-218.482139
-213.832908
-225.246097
-226.669088
-218.964262
-215.436285
-218.718926
-221.050439
-225.740367
-219.136433
-219.132101
-217.787148
-217.741085
-219.239445
-216.289250
-222.834866
-217.998648
-216.871428
-258.101661
-218.605158
-218.441846
-218.676816
-217.970496
-218.516081
-219.310129
-217.895586
-218.959377
-218.513421
-217.530707
-219.409353
-221.098689
-219.282547
-218.245396
-221.627487
-218.579603
-217.301172
-469.676939
-217.614971
-217.944303
-213.876068
-217.397573
-218.487845
-218.504253
-217.395246
-218.499675
-221.307484
-218.144411
-218.709449
-219.512086
-216.815712
-217.215894
-192.371996
-218.159754
-219.227558
-218.344828
-218.708988
-215.621586
-206.138277
-217.047954
-219.307309
-218.690626
-218.192030
-224.606055
-209.047837
-223.647290
-219.650261
-219.320291
-217.546535
-226.175077
-218.697069
-217.526420
-218.135766
-208.266071
-217.368780
-217.286238
-219.214877
-218.289268
-218.802513
-218.583150
-219.076342
-218.492630
-213.502938
-218.130965
-217.434934
-215.032940
-217.803840
-222.146293
-217.653605
-217.901120
-218.545672
-230.071294
-217.962694
-218.648504
-166.929891
-219.166627
-217.045698
-217.518072
-213.393794
-216.043186
-206.958286
-218.321382
-218.166381
-217.376502
-217.594717
-233.342611
-217.208408
-218.106863
-218.996143
-212.613936
-214.361562
-253.126874
-217.442537
-217.991257
-217.265578
-214.867999
-218.027487
-219.024297
-221.479145
-223.336218
-219.735559
-217.887916
-214.516861
-219.693719
-217.458253
-218.548373
-218.634349
-198.550791
-219.532219
-220.531736
-219.050226
-145.444182
-218.611544
-216.009842
-218.744421
-218.628704
-216.732549
-218.547180
-217.745734
-219.182192
-218.662833
-217.987448
-218.372825
-217.004763
-218.631941
-218.759161
-218.230694
-218.259721
-218.326282
-217.902943
-218.043413
-217.273412
-218.425182
-218.450825
-219.919644
-218.623039
-219.044588
-217.396057
-216.110135
-217.590154
-218.594593
-219.192699
-220.656477
-218.604469
-228.565808
-214.743152
-218.959684
-218.423871
-216.301464
-219.571501
-221.354485
-219.665825
-218.946450
-246.232908
-218.185950
-231.050578
-217.956368
-216.090365
-218.068561
-218.440090
-218.115791
-223.210151
-218.728666
-216.195376
-218.582017
-221.267258
-218.024016
-218.123060
-218.266074
-219.729503
-220.107777
-216.628897
-219.124370
-217.711868
-218.590308
-214.918934
-221.074432
-223.382027
-217.944305
-218.467730
-210.606240
-218.298792
-213.747122
-231.174287
-219.691644
-217.957260
-219.000355
-181.211812
-216.345566
-217.729497
-219.316945
-217.797977
-209.009686
-219.131122
-217.831200
-214.883390
-218.920050
-214.410970
-223.980732
-218.619654
-219.601315
-221.297788
-217.294712
-218.520587
-226.528219
-218.804465
-219.364262
-218.414540
-218.757366
-211.941391
-217.199231
-214.797506
-218.155133
-216.641638
-218.733985
-218.707179
-236.775488
-220.216549
-219.591374
-217.578275
-219.662444
-217.971604
-218.966223
-217.186476
-220.069951
-219.362058
-220.355900
-218.961543
-217.084502
-218.913153
-221.538863
-222.048612
-218.401610
-226.206385
-217.177066
-218.402207
-220.126725
-218.692084
-215.422170
-213.444406
-217.425177
-225.767667
-219.101794
-215.606238
-216.659092
-213.239752
-210.529201
-196.198256
-220.822624
-215.965695
-219.347369
-217.383076
-218.210412
-219.600405
-217.801423
-217.325583
-217.354733
-214.045518
-218.545749
-218.143610
-217.420409
-218.928982
-218.979825
-240.664572
-218.188967
-243.774254
-218.023285
-214.312143
-216.978117
-218.548371
-218.962620
-216.084376
-219.012505
-218.032672
-220.011918
-219.224098
-220.280330
-220.579775
-218.424234
-218.448858
-233.474843
-218.609850
-219.178119
-219.331131
-219.339964
-217.828610
-217.206362
-208.609300
-436.940366
-215.744414
-217.322815
-218.743178
-220.035786
-218.064020
-217.080936
-218.656115
-218.385459
-217.761629
-218.583791
-218.559907
-218.314381
-219.246517
-219.614407
-218.000233
-219.088676
-219.147901
-216.981544
-213.292789
-218.528991
-219.113058
-66.619290
-218.684845
-231.882512
-233.361649
-219.731566
-234.218979
-219.290000
-218.492471
-218.432990
-215.260565
-219.073047
-211.510518
-219.253774
-220.324295
-217.688857
-223.282629
-219.255491
-218.812734
-219.822787
-215.238289
-221.651703
-218.811748
-217.048774
-218.351595
-217.942039
-218.444474
-216.231327
-221.846232
-221.593287
-220.622073
-219.707539
-220.766667
-226.208098
-218.458730
-217.500393
-218.891214
-218.556332
-219.123757
-220.659546
-218.803058
-218.521308
-218.861040
-217.468424
-218.859237
-218.634644
-219.802378
-220.241224
-218.807620
-222.841648
-216.641646
-218.588750
-217.701191
-219.945771
-214.708932
-219.551101
-214.669686
-222.516341
-219.050391
-218.000601
-218.158517
-220.145998
-219.457089
-219.300219
-218.260675
-223.768478
-221.514873
-220.008679
-218.194533
-218.300388
-219.196814
-219.096818
-218.986965
-217.189871
-223.089751
-218.723320
-217.242719
-216.947155
-218.065789
-219.291803
-218.207852
-221.862337
-229.025741
-219.235374
-215.011241
-218.864111
-217.557080
-218.610184
-220.944802
-217.241596
-186.157575
-220.546144
-228.235212
-219.634219
-217.691400
-257.197577
-226.074119
-220.318333
-219.374449
-219.875392
-219.067425
-218.750310
-217.007362
-217.967123
-218.059146
-223.392706
-220.073963
-192.089969
-219.010187
-217.998749
-217.672160
-218.138189
-219.073081
-218.306275
-217.580355
-216.571345
-218.256330
-217.603968
-216.983553
-217.384419
-223.900088
-227.954521
-217.291646
-217.392734
-220.015762
-216.767040
-203.677591
-220.397282
-218.187609
-217.159922
-217.619088
-218.554643
-218.822055
-222.820058
-216.899454
-218.666712
-220.126127
-214.710644
-219.136079
-220.787360
-218.705698
-209.865222
-218.209326
-217.544585
-212.367301
-217.727402
-228.100406
-218.115774
-218.349233
-227.129680
-217.060731
-218.736702
-218.702769
-218.400023
-217.880329
-216.134058
-216.364790
-218.847265
-218.799611
-218.143052
-218.134734
-220.571340
-218.145237
-218.656991
-217.054612
-202.877664
-219.115833
-219.314574
-217.163119
-221.541551
-221.937085
-218.854375
-213.889262
-2246.586202
-218.848367
-218.040151
-219.848439
-218.082696
-213.685148
-218.285518
-217.985740
-220.645501
-217.726926
-217.899143
-219.138079
-219.238078
-219.892047
-218.693196
-219.124196
-216.252449
-218.669067
-216.469717
-218.533083
-217.158214
-219.267581
-219.272773
-219.033859
-218.311572
-219.897512
-219.143791
-217.613155
-218.775442
-216.152759
-218.341377
-217.917364
-218.494175
-217.761278
-217.754730
-218.596624
-219.605869
-217.548944
-217.359940
-217.302394
-218.782457
-217.572919
-217.813351
-218.048385
-216.570804
-219.179533
-224.680392
-218.757436
-217.879429
-218.675503
-218.931712
-216.845380
-219.096178
-211.703635
-217.844502
-216.500328
-222.069022
-217.797882
-216.540952
-218.405148
-217.104221
-217.025098
-218.613148
-219.597404
-217.762184
-217.220129
-214.999928
-219.249792
-219.765746
-214.310412
-219.200400
106.635285
-218.300425
-215.995153
-218.470473
-218.393782
-218.827252
-217.158290
-219.573112
-215.553540
-212.431790
-217.724349
-220.054239
-215.458127
-217.750621
-218.163272
-214.489493
-213.248475
-218.828245
-218.641206
-213.468023
-218.695353
-218.161307
-218.316348
-219.331615
-218.127635
-219.932830
-219.931351
-219.153632
-216.834949
-218.915874
-219.201058
-219.037699
