-160.439178
-162.045223
-159.388970
-161.834058
-159.105839
-161.571298
-162.102650
-161.533427
-156.209284
-161.513035
-151.963845
-162.225076
-162.012697
-162.411851
-159.712895
-162.267755
-161.402144
-162.551759
-161.073064
-158.860982
-160.564216
-162.480964
-161.841236
-158.935360
-161.146205
-143.219263
-162.407248
-167.127960
-160.832811
-160.674918
-160.201308
-164.236849
-161.087212
-159.488156
-161.809958
-161.314324
-161.425870
-161.839599
-161.738800
-165.757673
-163.221018
-161.194024
-162.100197
-161.470765
-161.397475
-162.823817
-163.492967
-161.405957
-161.522577
-161.572621
-157.786543
-170.412976
-163.786864
-162.556598
-161.221491
-166.450855
-161.940595
-160.508398
-161.431713
-160.771694
-168.805509
-161.524534
-163.623948
-162.278920
-159.101293
-160.894539
-159.905619
-162.182514
-157.746083
-163.061061
-189.323645
-162.736859
-159.311812
-161.017327
-154.990478
-140.134048
-161.162698
-162.629229
-161.247520
-161.959313
-158.047920
-163.095198
-161.194714
-160.033846
-160.976003
-161.095617
-161.522281
-160.420013
-156.238379
-163.625142
-161.345787
-187.508027
-162.054329
-160.146813
-163.757375
-162.180991
-162.782795
-154.633682
-163.375881
-159.435785
-161.857108
-162.290133
-161.509396
-172.335585
-162.271887
-160.428566
-156.271698
-164.346974
-162.230737
-161.794301
-160.627153
-161.880190
-163.914963
-161.166781
-148.948325
-164.490396
-160.366750
-162.530674
-160.083102
-391.140218
-154.875209
-151.965938
-161.742375
-162.578199
-159.162293
-162.224468
-157.196311
-162.746227
-162.539040
-160.565114
-164.837085
-162.662947
-162.011437
-162.846333
-162.059740
-160.872518
-164.569272
-159.184602
-158.719605
-169.463514
-162.658222
-166.663923
-162.394705
-160.298576
-162.900419
-160.824802
-160.285919
-161.258280
-159.934758
-160.823960
-159.994209
-163.660583
-161.673815
-161.529416
-162.126773
-160.349550
-161.726018
-162.281950
-159.866470
-157.804054
-161.793353
-162.200293
-192.554672
-152.685013
-167.866439
-167.267371
-161.669085
-163.497774
-162.550504
-159.147440
-163.325169
-160.289672
-160.138159
-160.772693
-163.560135
-158.902797
-163.164638
-145.200070
-160.967901
-161.429018
-156.846704
-162.489402
-161.501917
-161.546763
-282.479325
-162.164617
-161.347152
-161.202316
-157.385342
-162.343490
-162.435928
-161.370682
-159.733148
-160.966770
-157.783849
-160.249836
-162.315381
-148.669431
-164.891691
-161.875507
-160.657851
-161.430287
-160.061669
-161.536228
-161.837539
-154.411145
-161.609967
-161.732079
-164.421997
-122.300812
-161.541762
-161.925201
-163.526370
-161.115609
-161.073528
-167.251762
-161.949676
-163.920202
-166.147907
-167.007621
-161.151614
-161.500372
-161.194779
-164.369340
-162.664066
-157.315577
-163.692402
-162.820296
-162.413815
-161.768496
-165.441856
-163.279540
-162.109915
-161.020992
-161.355679
-161.605605
-161.201666
-162.449382
-161.727963
-161.681705
-161.557947
-164.819549
-157.716925
-177.768627
-158.534036
-161.516964
-168.622496
-162.401441
-157.422789
-161.227483
-163.891231
-161.635448
-159.220213
-161.039630
-161.463610
-162.342296
-159.773476
-161.926134
-160.218563
-160.585202
-159.887603
-169.168404
-157.047232
-161.399143
-163.015709
-158.056661
-155.107773
-160.931543
-162.080972
-161.367492
-160.677504
-157.866176
-109.085672
-161.807241
-161.345558
-161.251680
-164.008260
-175.531489
-161.968926
-162.691700
-162.971716
-161.587021
-163.068213
-159.571194
-160.061806
-160.465417
-161.651894
-159.561563
-159.666567
-162.135823
-164.763798
-155.693473
-161.595398
-155.150006
-160.499616
-162.245624
-163.264957
-158.892545
-161.670640
-161.972512
-157.701552
-160.541906
-157.156430
-160.943743
-161.833970
-161.372555
-160.838856
-161.638427
-161.471028
-151.168212
-161.733157
-163.076410
-162.373874
-169.599549
-162.926077
-163.047947
-156.369575
-168.863802
-162.296227
-164.385844
-161.231374
-162.654697
-160.224844
-182.880114
-162.889930
-160.685896
-161.846578
-161.652580
-163.247531
-161.530861
-161.257522
-162.091425
-362.923203
-152.695307
-162.016445
-165.420599
-161.462403
-160.325815
-161.188843
-160.219599
-157.372258
-159.439632
-162.228095
-160.761415
-162.605184
-158.824024
-161.943811
-161.269898
-167.273990
-161.093704
-161.119471
-162.760368
-162.335013
-164.121733
-156.856709
-164.098665
-171.385932
-162.176241
-160.434352
-161.435335
-169.131976
-160.518858
-162.498621
-161.184960
-160.944076
-181.722690
-161.737056
-163.351117
-162.153650
-158.639171
-161.996780
-168.937692
-162.141615
-152.860349
-161.610613
-162.179420
-162.198114
-157.294410
-162.885392
-162.326741
-162.578730
-160.423161
-162.999675
-170.368618
-158.584123
-167.725234
-164.068750
-161.592768
-161.895817
-151.714260
-161.868135
-160.840109
-165.805497
-163.430026
-162.703548
-161.183880
-162.597830
-162.214840
-160.700840
-161.444961
-165.032942
-159.675635
-161.160897
-160.807513
-154.636059
-162.140779
-164.173323
-163.888013
-161.347562
-161.900089
-158.895785
-162.738242
-165.649005
-160.375733
-160.634313
-158.392401
-165.987872
-163.121876
-166.467698
-163.288168
-161.663136
-161.373918
-110.653620
-161.293150
-157.859884
-165.147357
-160.075588
-166.120763
-163.114991
-162.779555
-161.372406
-161.150751
-163.549101
-161.156162
-166.235395
-162.260406
-157.086525
-161.413755
-160.975058
-161.461849
-162.180162
-161.576282
-161.935497
-121.490016
-169.338630
-158.524503
-161.060222
-161.344147
-161.280075
-162.053426
-167.638891
-162.200177
-162.097655
-162.588414
-161.465526
-160.524635
-162.497184
-157.105232
-162.741756
-161.434091
-160.503176
-161.823646
-169.718645
-163.466087
-159.359870
174.612970
-162.393587
-243.600331
-169.135563
-162.453010
-161.837150
-160.839924
-159.758038
-162.694372
-164.356899
-160.916388
-163.473234
-38.176333
-162.887324
-157.408886
-162.210634
-165.241813
-159.204385
-161.092217
-164.180738
-161.286101
-161.582263
-162.195803
-160.851012
-160.899980
-161.662505
-160.797655
-162.307519
-168.085117
-170.734826
-160.610546
-156.894658
-159.116372
-162.352938
-160.521168
-160.014398
-163.143569
-161.481808
-162.510671
-161.754562
-160.735431
-157.770922
-162.461745
-162.653356
-160.568552
-132.594207
-162.710446
-161.593300
-161.691599
-162.182476
-164.730016
-190.447266
-156.345349
-160.024865
-161.967120
-160.400652
-159.599530
-161.286201
-167.468654
-160.164790
-162.166537
-161.973811
-167.724948
-159.982369
-165.948149
-161.247231
-162.128453
-160.094174
-162.815192
-160.378417
-161.886645
-157.984189
-160.974203
-163.574460
-162.197090
-162.615472
-162.224465
-157.077816
-159.225487
-161.704151
-161.991834
-160.840087
-161.513440
-161.469818
-110.340575
-163.302593
-164.997810
-152.608128
-162.037756
-162.523395
-158.896890
-161.913550
-163.620095
-163.062281
-162.018680
-167.991064
-162.605612
-161.578053
-162.702935
-162.160947
-161.632998
-160.349764
-167.780019
-160.088291
-165.434561
-191.057815
-163.301079
-162.075775
-162.683640
-162.802714
-161.588235
-157.900951
-160.598584
-156.893945
-163.897017
-163.072919
-167.339401
-161.641901
-162.222108
-161.904231
-161.264479
-161.375072
-164.243409
-168.347882
-160.774020
-159.166229
-162.882148
-159.917371
-157.590097
-160.693570
-158.789504
-160.775554
-161.750967
-161.411431
-162.948681
-162.450140
-277.280876
-161.175950
-162.207067
-160.899531
-160.952011
-245.643435
-161.870947
-159.700368
-168.631859
-171.198076
-162.692087
-124.630173
-161.713079
-162.054617
-213.855403
-162.462485
-161.759804
-162.695380
-161.716282
-162.364504
-160.944580
-161.820573
-161.945642
-158.552922
-166.978232
-161.954381
-162.492651
-162.203779
-161.253535
-161.322665
-161.511499
-163.837724
-161.724518
-166.486509
-159.835078
-161.819464
-162.357872
-162.654901
-161.992084
-161.952115
-159.379349
-163.574962
-153.322578
-160.572109
-161.170742
-162.188305
-161.246661
-162.081280
-160.777013
-161.356617
-154.996113
-168.351690
-160.477311
-161.028968
-171.452013
-161.916494
-161.447889
-163.177041
-161.416226
-161.787503
-161.757126
-162.076002
-161.904354
-161.177594
-163.600335
-160.027470
-162.112998
-164.680960
-161.271181
-160.728332
-158.400580
-161.764942
-160.672475
-161.278170
-161.908112
-159.311037
-158.290042
-160.762389
-165.622303
-123.657100
-158.047849
-132.407700
-160.977913
-160.620682
-161.435133
-164.891030
-162.557090
-161.516611
-161.134611
-162.142816
-162.933746
-161.436394
-158.229284
-162.177781
-158.844061
-160.367743
-160.873518
-161.452275
-161.657264
-167.363478
-177.679814
-161.743881
-162.392377
-161.864218
-160.752124
-161.934699
-162.397217
-161.401681
-174.073606
-170.608142
-162.538597
-161.119220
-160.569253
-162.577048
-160.691453
-161.627946
-161.513396
-149.217178
-159.799584
-163.096733
-162.626782
-161.671298
-161.801913
-153.558133
-162.180309
-159.877177
-173.134036
-154.269385
-153.886601
-161.613931
-161.932643
-162.209487
-161.538722
-161.999725
-161.879484
-162.026917
-160.880318
-160.960750
-178.135541
-158.854039
-162.530198
-163.260577
-160.397098
-160.808490
-161.819828
-161.091274
-161.138419
-161.109983
-159.661316
-161.395960
-161.180872
-162.512243
-158.804785
-162.027481
-163.044744
-164.858105
-157.978185
-161.443006
-163.160703
-158.382667
-160.641664
-165.349432
-164.533578
-159.794779
-162.186434
-163.139083
-160.238564
-164.600884
-163.907683
-162.745463
-161.109020
-161.529401
-162.051701
-148.338123
-161.666982
-165.192355
-160.705931
-161.892745
-162.948192
-160.361278
-160.165451
-159.835519
-162.399053
-161.518844
-161.550194
-160.787356
-160.522773
-160.812415
-163.526693
-162.394645
-162.235278
-163.802741
-161.695640
-162.138027
-162.360463
-157.554505
-163.241964
-158.427239
-165.222617
-160.477805
-163.309131
-162.206068
-161.726319
-160.854382
-160.464053
-160.992467
-161.131133
-159.972027
-161.448078
-159.410272
-161.690619
-161.450648
-170.619917
-162.720021
-162.494925
-162.453670
-161.732412
-160.162434
-160.192466
-161.738928
-160.805950
-163.850197
-160.707907
-161.614994
-162.545118
-162.838165
-160.673318
-161.431227
-162.146590
-162.633924
-159.183386
-161.374014
-116.786044
-156.272052
-164.345120
-157.891703
-160.634531
-161.860117
-166.142505
-161.025693
-161.921222
-162.807872
-180.084607
-160.043232
-160.382422
-160.594224
-162.029351
-159.786241
-161.298079
-160.461761
-160.618705
-156.830930
-156.273105
-164.547072
-161.690973
-162.721509
-161.592451
-161.286761
-163.660609
-161.173275
-159.347014
-163.508960
-162.396626
-162.348440
-160.949270
-163.997565
-161.784995
-161.281395
-162.460598
-161.451657
-161.823992
-164.365474
-162.028427
-160.540854
-158.358000
-162.534343
-160.999300
-160.769837
-164.004512
-163.230820
-160.359910
-162.036323
-175.376007
-160.514705
-161.355405
-162.530524
-162.211724
-161.587823
-172.545671
-162.221745
-162.476209
-135.043262
-160.273854
-161.422493
-161.545290
-160.477301
-162.905172
-133.379341
-161.496242
-162.613047
-161.448731
-164.568171
-165.029669
-160.789975
-163.203964
-161.589970
-162.938304
-161.613101
-163.094847
-161.118139
-167.881226
-162.285212
-170.954692
-161.758602
-163.054050
-161.410275
-162.931196
-168.305827
-160.795006
-160.074624
-170.588931
-167.900400
-160.564910
-162.038071
-161.382404
-161.770194
-158.834642
-177.677895
-160.009108
-159.831731
-161.497927
-163.136055
-161.752439
-162.484847
-162.331136
-161.749205
-161.904169
-164.295620
105.634992
-161.245731
-162.143365
-160.202035
-163.998341
-165.437481
-161.360329
-158.162444
-162.884990
-154.803243
-163.671747
-162.854682
-159.968976
-160.532719
-161.982402
-160.362832
-34.659559
-161.365817
-161.547612
-161.323055
-162.775520
-160.657753
-161.873504
-161.506818
-135.726404
-165.215169
-159.710502
-161.908747
-163.111721
-162.213995
-160.869832
-157.190482
-160.796129
-169.508334
-157.185362
-162.006929
-152.038939
-157.798923
-162.858613
-161.587215
-162.936607
-161.945541
-159.882523
-161.624284
-160.214016
-161.389834
-161.262498
-161.154159
-145.261510
-161.704252
-162.057102
-159.742619
-161.336923
-161.183252
-160.924227
-162.058877
-161.001994
-159.670285
-160.908168
-142.011151
-161.558982
