-158.420163
-156.892540
-154.694154
-161.012556
-159.495266
-154.033971
-169.738788
-158.211412
-159.118821
-158.650606
-158.052634
-157.094056
-154.870226
-168.515129
-158.182864
-156.479035
-157.675497
-157.406006
-160.520134
-157.702565
-162.700577
-166.253509
-162.568062
-159.221847
-159.851950
-159.251737
-154.054004
-158.893367
-158.430647
-161.162731
-163.394907
-124.373712
-161.169296
-162.600905
-160.588347
-157.708126
-158.509567
-157.790075
-157.062890
-158.218741
-158.997135
-157.054073
-161.872714
-145.563118
-155.406021
-158.645925
-160.874900
-156.516953
-155.984189
-158.959715
-159.160769
-154.880782
-158.312768
-167.867728
-159.045392
-149.494084
-159.222028
-153.382427
-162.400155
-156.910558
-160.231072
-159.546910
-159.265685
-158.920073
-158.801232
-157.985547
-153.931748
-159.037411
-157.974993
-157.982767
-159.827572
-157.734948
-158.551603
-154.390093
-156.841985
-157.909139
-151.818558
-158.647091
-159.484773
-157.871785
-158.036735
-157.591723
-158.379482
-157.747331
-158.547863
-157.979861
-159.062650
-157.180828
-160.613095
-160.389216
-159.407484
-158.221033
-163.410628
-159.990341
-157.915921
-159.480184
-155.396135
-160.123818
-157.609239
-160.244606
-156.036386
-160.119105
-158.166052
-165.687478
-154.726512
-153.462712
-189.852161
-158.128099
-157.816765
-158.960106
-158.610278
-158.175124
-157.262634
-158.364978
-156.318521
-160.066358
-159.024632
-157.160496
-157.673016
-157.097943
-157.362885
-159.329457
-158.281802
-157.404603
-166.830182
-154.570947
-158.166471
-161.065389
-156.865638
-158.414011
-158.409378
-161.800818
-171.170298
-159.126296
-159.518894
-157.622376
-159.524366
-158.471689
-157.992869
-158.081079
-147.660768
-158.674003
-161.148818
-156.570432
-159.979390
-158.552509
-154.572659
-128.432432
-158.820263
-157.994184
-158.491943
-159.332144
-157.221092
-158.980391
-159.259789
-159.333452
-156.830201
-157.899426
-159.538066
-144.689328
-219.996435
-158.172029
-159.504290
-159.012366
-158.019841
-153.071766
-159.846546
-159.542226
-156.748913
-157.118042
-158.416408
-156.916938
-157.161120
-161.956793
-153.440929
-299.535427
-157.783435
-157.211885
-158.545261
-168.338392
-158.827649
-168.218188
-157.935803
-160.165373
-160.305060
-164.047094
-158.656741
-159.764551
-158.404637
-159.145451
-159.032982
-162.365612
-158.209781
-154.670539
-158.355278
-155.366294
-158.508348
-152.778926
-164.590914
-158.131420
-158.536589
-157.070998
-158.204590
-165.645914
-160.746989
-158.468348
-158.417316
-150.796442
-159.819420
-158.057777
-158.441538
-157.597100
-159.163508
-158.448617
-164.328312
-157.847962
-158.552624
-157.672933
-158.158950
-158.614858
-163.411661
-158.898863
-156.726889
-154.641280
-158.702572
-162.874209
-156.108854
-160.986902
-142.387417
-156.104017
-159.500712
-156.255014
-158.129398
-159.544842
-159.118694
-159.149291
-160.016764
-158.362506
-158.065604
-167.045666
-158.509560
-145.997417
-159.669324
-175.475719
-160.961913
-158.724528
-185.222594
-160.847355
-157.431810
-158.836036
-158.852223
-158.797650
-158.735123
-153.178411
-159.689406
-158.654026
-158.944292
-158.472754
-161.148000
-157.388431
-159.647949
-157.322607
-157.348662
-158.634982
-156.529244
-179.140659
-157.427866
-122.929931
-164.058026
-156.155963
-157.428428
-157.924333
-158.558820
-163.785033
-158.642541
-156.094114
-157.314297
-155.390448
-158.434935
-159.509758
-149.543162
-158.928034
-155.869690
-157.338162
-161.251730
-158.469553
-158.068966
-159.716389
-159.239950
-159.901089
-158.090334
-160.924908
-159.144834
-158.311484
-162.093801
-151.532484
-159.079861
-156.530743
-157.948963
-161.763950
-159.765431
-159.082865
-158.794300
-159.161199
-161.875673
-157.344861
-157.744376
-157.121639
-160.549627
-165.356563
-155.888257
-157.320831
-149.473322
-156.736283
-157.255490
-196.186386
-159.064751
-159.225531
-166.979514
-159.679090
-160.484486
-158.486679
-162.393465
-158.940420
-158.449777
-137.464320
-158.844645
-159.360811
-158.948291
-157.535713
-161.851748
-158.914939
-159.395559
-160.835782
-160.305076
-159.096360
-158.809275
-62.055041
-164.262588
-158.271713
-160.090125
-159.221435
-158.937795
-156.827630
-158.940992
-159.256374
-157.993150
-159.708996
-158.306162
-159.866668
-159.255866
-155.945076
-149.397231
-158.451539
-158.621772
-158.893770
-162.585281
-159.286265
-158.976631
-159.270583
-156.279505
-159.407552
-156.572148
-160.141368
-156.548144
-164.716023
-157.800158
-156.273324
-159.282856
-187.647638
-157.235139
-158.196732
-158.253444
-159.445594
-121.776965
-158.824333
-157.358670
-156.113441
-158.885402
-158.642403
-160.523693
-158.661953
-157.960461
-158.096495
-157.648943
-159.660939
-153.249801
-154.569403
-159.156396
-158.657887
-158.398140
-158.649557
-161.163556
-155.284222
-152.673181
-159.767501
-159.314788
-161.515536
-155.835433
-158.673557
-158.642941
-157.959072
-159.548777
-162.484824
-159.757470
-155.449593
-158.637276
-158.616945
-159.188867
-156.107878
-157.295838
-158.281887
-157.837444
-159.153239
-159.676477
-160.291536
-159.466939
-158.608981
-157.153923
-172.500992
-157.110538
-165.288427
-158.016099
-161.520792
-159.024983
-159.008469
-149.804226
-158.798995
-159.322797
-158.007739
-160.964260
-159.251122
-160.405661
-159.463091
-154.188422
-179.635739
-28.146953
-158.147085
-158.512825
-157.923209
-161.068853
-158.588951
-158.102028
-147.362019
-157.722483
-158.296680
-158.456008
-152.942453
-160.009468
-157.506747
-159.100243
-160.995032
-158.762207
-159.141747
-158.838836
-158.767957
-135.746783
-158.925257
-158.322111
-159.039667
-156.312222
-158.960146
-159.080600
-159.788926
-157.688255
-158.999898
-156.996239
-158.125310
-159.709228
-153.860569
-158.432963
-159.378539
-223.935494
-158.389647
-154.663472
-160.030160
-158.688159
-154.765570
-156.736479
-158.319797
-158.310688
-160.373051
-158.788493
-160.259261
-160.057992
-158.827449
-157.878876
-154.771865
-159.625800
-158.933014
-162.165871
-153.643122
-159.936485
-158.645280
-161.137560
-149.544749
-158.543849
-159.834567
-157.383728
-162.101574
-157.140745
-158.867645
-159.114548
-157.815139
-167.200525
-164.585790
-159.124079
-163.256130
-157.992655
-135.929594
-158.427403
-158.704505
-157.645370
-157.703561
-157.255422
-161.509225
-161.153930
-155.497757
-161.826152
-161.728470
-157.991855
-176.314179
-158.394483
-164.029261
-157.345940
-158.529501
-159.177812
-158.134708
-156.993834
-156.735596
-158.296375
-162.820302
-159.461004
-158.682725
-158.986273
-158.948923
-158.815844
-158.517313
-159.475798
-158.741777
-150.917183
-159.553639
-160.432399
-158.935492
-158.529519
-159.323878
-157.835089
-149.143483
-159.024247
-159.342996
-157.534367
-151.662398
-157.868990
-159.985404
-158.566330
-160.522458
-116.061951
-164.237399
-158.940822
-160.323286
-158.539444
-159.104438
-158.889207
-157.828528
-174.366728
-153.185133
-157.914890
-158.174497
-152.599386
-156.861785
-159.313368
-144.547731
-158.691074
-158.177016
-160.352004
-158.380390
-160.813043
-158.156280
-161.149791
-158.019899
-157.965904
-157.904241
-159.348370
-158.283980
-157.837713
-158.481783
-157.405681
-158.538808
-157.131788
-158.670145
-158.890785
-157.511273
-157.056100
-158.315924
-158.924154
-151.896980
-159.402572
-159.836929
-160.954388
-159.336216
-158.396167
-158.413060
-159.643963
-126.579263
-159.097002
-158.754095
-152.219601
-158.529141
-158.970074
-160.012028
-159.094660
-156.643748
-158.594030
-157.113044
-382.659200
-155.523416
-158.514145
-162.290959
-159.536565
-162.347891
-150.768592
-159.519538
-159.109404
-156.543060
-158.460212
-158.900623
-158.026204
-158.689202
-160.729152
-155.422390
-160.091393
-161.286812
-152.844816
-158.429333
-158.139182
-167.562848
-159.504249
-156.159995
-144.276150
-157.755753
-159.661837
-162.337800
-158.850303
-161.824147
-160.615144
-153.118233
-157.872527
-156.618668
-159.417652
-158.121850
-158.723649
-154.534733
-158.452943
-158.222526
-161.844158
-159.333241
-158.405790
-158.409999
-155.710930
-158.389717
-159.108180
-157.889306
-157.792777
-154.876872
-157.759416
-159.313979
-158.275026
-159.306612
-157.533438
-158.850180
-159.471225
-157.619133
-156.705552
-177.557886
-159.290039
-158.452083
-158.178326
-156.323988
-159.099173
-163.203104
-159.325756
-154.553922
-158.723694
-158.853719
-158.901051
-155.370292
-163.425898
-159.280343
-157.463805
-158.839548
-161.239687
-147.367674
-160.757716
-159.644432
-158.196124
-159.122083
-158.823843
-159.413316
-154.349929
-158.564397
-157.788470
-158.393066
-158.077372
-159.039403
-158.746466
-160.244256
-156.327914
-166.103770
-159.917168
-156.990947
-158.639312
-165.453562
-161.835143
-158.029238
-159.105201
-158.421543
-159.982161
-153.224200
-126.930119
-159.539427
-163.291374
-156.076419
-154.839601
-160.168457
-149.776414
-156.792107
-161.400375
-159.792757
-159.840278
-158.359440
-144.278294
-159.534592
-156.484379
-158.335306
-159.115661
-161.462831
-149.816202
-160.267582
-160.686994
-159.446035
-159.742872
-158.856033
-154.076800
-158.303774
-157.952701
-168.963836
-158.852602
-159.411948
-156.017691
-156.013326
-156.951713
-158.046994
-158.491281
-157.744398
-160.681402
-150.974981
-157.455162
-156.496077
-157.925254
-158.048969
-158.411800
-163.551636
-159.054540
-157.649776
-163.295735
-157.988571
-154.091765
-160.624550
-152.769911
-155.716686
-204.415128
-160.807142
-158.014368
-159.522321
-158.789987
-157.672597
-156.986933
-159.179576
-159.632167
-158.335136
-159.141126
-160.664528
-164.097458
-158.139241
-158.780366
-159.839419
-165.091268
-159.496706
-158.373343
-160.695523
-151.324602
-159.626436
-156.967524
-158.617852
-162.921242
-159.409304
-157.852610
-160.686203
-159.020214
-158.418036
-170.619994
-159.137005
-159.047505
-157.276456
-158.982652
-158.103967
-159.174829
-158.599904
-159.129440
-157.567520
-159.253518
-168.249335
-155.221978
-158.782258
-159.585193
-159.622073
-158.844217
-159.447395
-154.545420
-161.045950
-158.424386
-158.924407
-158.520187
-121.356926
-159.226124
-156.867078
-154.238267
-160.151368
-159.360201
-158.735997
-159.559026
-158.282642
-158.339748
-158.804780
-124.247829
-158.478912
-159.398270
-159.182493
-160.307277
-159.000947
-157.431947
-158.760888
-159.354011
-158.956158
-155.317501
-159.002988
-158.605840
-37.765282
-157.860838
-158.035094
-160.040274
-174.732242
-163.951037
-158.819898
-155.225822
-158.306509
-152.083601
-158.303242
-159.111350
-156.954995
-156.006900
-158.711459
-158.895571
-156.274531
-158.385477
-158.660786
-158.199582
-158.024336
-159.199603
-158.857533
-158.870014
-154.221586
-157.538904
-157.939098
-156.908660
-155.694599
-156.456989
-159.725164
-158.989195
-151.603660
-159.129878
-158.228136
-158.563675
-158.335416
-158.923370
-158.654702
-152.397118
-156.506979
-159.854545
-150.704623
-158.971451
-158.369742
-159.426958
-158.082659
-154.957717
-158.417361
-158.912320
-158.287271
-159.478085
-158.985281
-158.557936
-159.031560
-159.810990
-158.461272
-153.996479
-156.194418
-157.885243
-154.262234
-162.151712
-159.140455
-158.116654
-149.556273
-156.458248
-158.244181
-160.646180
-158.450037
-159.914377
-159.434104
-158.712244
-157.900746
-159.122287
-159.622241
-158.805445
-158.166699
-155.861304
-159.082270
-158.922529
-159.403540
-158.171536
-157.235691
-158.493217
-162.819098
-159.636944
-158.693792
-164.845072
-157.228685
-159.186794
-158.801358
-156.907569
-157.731039
-158.652016
-159.561439
-158.734655
-163.425798
-157.681647
-158.266850
-158.229324
-160.198300
-158.806528
-158.651880
-158.025585
-199.772418
-157.794073
-159.212353
-158.217992
-157.895839
-158.843076
-158.061337
-158.426684
-158.175234
-158.369225
-158.877227
-159.632492
-158.685288
-158.525859
-158.050698
-159.510199
-158.044379
-160.115582
-157.025750
-163.171956
-155.155754
-148.401912
-161.126439
-158.396562
-159.847701
-157.657791
-156.769405
-160.364180
-158.089513
-163.783915
-158.544643
-157.438337
-158.159605
-156.728111
-158.951690
-158.930893
-156.627933
-158.102875
-161.506133
-159.150726
-158.628959
-156.847452
-158.964432
-159.130480
-155.425954
-158.072048
-158.505730
-158.533835
-158.770070
