487.734627
485.043589
482.205675
479.924858
486.519068
486.347638
486.946255
485.740891
486.486485
486.838933
488.181698
486.652336
549.927176
480.817863
486.155943
485.845283
487.333229
482.420477
486.359230
487.053393
486.276811
485.136821
486.419680
485.485961
486.235936
486.331830
488.276501
475.691365
487.582406
484.925756
485.148258
485.546479
485.857474
490.103429
486.529144
487.136256
499.823926
486.615670
511.784781
484.873789
484.439381
486.369058
487.085837
490.160724
486.208639
486.349812
485.847382
486.468782
481.874011
486.213380
488.561357
490.045915
485.484223
492.306384
495.013194
486.689013
486.133234
485.862270
489.627136
486.627534
484.154640
487.853814
486.183942
488.632496
486.541396
492.773168
487.344383
486.529693
486.178695
486.760712
710.278262
487.286900
485.771004
486.387690
485.299309
480.372860
487.282501
486.155769
486.469837
487.966292
490.493034
486.226053
488.417262
486.054000
485.318756
482.695211
486.304655
486.677564
488.823793
486.375771
485.888071
486.928193
486.082710
485.519298
480.068743
478.907294
486.325067
487.539586
486.157322
485.474935
485.837060
485.885782
487.297934
490.969165
482.048334
485.509401
484.613344
515.489417
485.758682
486.264896
485.144681
483.948473
485.518633
485.971399
484.185992
485.435843
488.192501
486.746929
484.493338
485.803031
489.256473
486.769262
485.264378
485.017416
485.235520
481.002772
508.730419
486.628409
490.888058
470.243317
486.153706
479.107093
486.174313
486.077796
486.364552
487.917424
487.642915
484.624165
478.369540
482.944972
489.293533
486.867731
485.861457
486.272588
487.997958
485.260247
483.877233
485.423818
487.998570
485.958002
485.832054
485.923432
484.701203
488.489534
487.153563
496.826716
486.282365
484.597440
486.364533
486.693182
489.245009
484.137874
486.956844
480.320132
487.733969
485.863262
488.722178
493.154813
482.943526
483.029912
501.145532
486.094339
484.860517
503.106359
485.894182
486.808955
477.726878
486.832535
490.814623
487.312183
488.627711
487.489158
486.257688
485.269364
486.819121
485.832204
485.669735
484.173753
482.204194
486.138793
477.992859
485.638243
485.066570
484.721952
487.697294
486.182328
481.222573
459.065093
472.951837
487.011163
485.013094
488.663632
485.198021
484.546705
473.210552
486.653308
482.452688
493.363225
482.821225
503.873809
880.883594
487.469787
470.201582
486.466417
486.729326
487.506224
485.014806
488.125529
474.409508
486.940980
487.841294
486.744041
487.325807
484.415972
485.015727
481.195663
484.812403
485.399363
496.029980
485.317515
483.580917
486.341418
486.113735
489.118509
485.535442
487.656383
487.319571
488.625150
482.224460
485.844426
490.184341
487.260306
482.432183
485.220775
487.826994
488.228762
484.724191
446.238625
484.228360
484.327637
487.045977
486.821261
484.734761
487.058140
515.030115
487.879312
510.857373
485.988514
487.072129
483.467955
470.625273
490.734393
485.232519
486.303853
486.679245
484.420686
486.317137
485.201055
487.840325
487.109248
486.311557
489.420880
518.467936
484.671378
485.851353
484.509667
486.769153
490.123550
485.986416
486.812425
484.841041
488.176071
481.667973
484.288478
487.103549
487.054172
485.773388
485.799950
486.523255
486.451030
487.146506
483.391911
487.041130
486.004758
491.206996
488.827680
485.852021
485.086316
487.105865
483.756327
483.470657
488.075881
486.776307
501.625537
486.439476
484.919117
483.525045
488.867264
488.114306
487.999215
485.588716
487.217799
488.903655
485.655113
470.825926
485.844947
485.621369
487.020376
485.959543
487.134389
488.104738
490.145901
478.550351
494.557638
487.109461
486.900610
486.253504
487.036252
485.903347
486.466766
487.705207
485.534753
484.462658
486.003393
486.165989
483.419928
485.504237
480.986683
527.757109
486.695555
495.689290
486.919652
484.151053
485.255927
486.453317
487.263137
487.337272
490.097553
486.963338
487.065555
486.272263
486.748363
487.459532
485.276651
479.126998
485.908149
496.434018
804.887053
486.051156
487.491956
483.334994
486.611834
486.657117
484.001768
484.137377
490.934207
486.445118
491.946779
494.042658
485.845039
488.038250
497.140063
486.543432
492.602469
487.095624
486.667403
485.607990
486.723126
488.423966
486.371992
484.886839
486.166888
482.714721
489.994401
436.686123
485.959149
487.516188
486.967122
485.314876
485.452732
483.201495
487.215334
488.382934
486.426580
486.109550
486.484767
486.581340
487.644718
483.839333
493.026983
486.145833
486.596433
486.428723
486.727846
482.529659
483.503503
486.269254
486.118811
485.298287
485.177999
485.859975
484.738876
491.851723
486.066089
487.040868
484.777288
485.403564
487.504574
491.060765
486.824937
487.456803
486.236624
466.863069
493.538515
486.661771
483.322258
488.178267
484.349076
486.039898
485.301346
479.607365
487.171476
485.498208
487.833695
486.969379
486.316241
487.865176
485.198766
487.636925
487.500996
491.288739
492.659978
480.794080
486.260408
487.807823
483.851025
485.595290
485.104402
484.669449
510.279549
485.887875
471.252093
484.776996
488.588763
486.450161
487.198396
486.669241
488.290122
486.754514
486.585976
457.926665
487.230653
486.650256
485.705444
485.147539
487.656200
486.891461
486.191770
486.337799
486.762048
488.085985
486.073515
487.221957
486.220370
484.999120
477.915605
486.161429
491.329123
484.622537
485.803691
485.419655
446.013378
486.725545
499.935415
487.239442
486.912863
487.224773
486.528491
487.049210
485.134127
508.894278
506.890033
488.927470
492.010070
488.109416
489.408885
484.913330
493.009376
486.634368
485.087064
485.129304
488.430552
482.863855
487.402696
486.207587
484.573216
486.252390
487.596141
485.906890
485.877877
487.477760
484.431159
485.515113
485.867218
486.800134
487.161336
486.301554
486.106591
485.769306
486.016565
478.039209
487.460328
481.398913
485.994525
484.774417
486.985224
486.248559
486.516538
486.196359
484.756118
486.802305
495.692238
485.018304
486.103534
486.379749
486.538321
487.453443
487.182518
486.438893
486.244531
492.137578
484.822002
486.105666
488.085830
484.657083
486.735414
489.219616
463.451318
486.213285
486.924838
487.215857
485.326639
486.373688
485.031097
485.480785
479.886947
485.659396
486.363637
485.933008
532.597265
485.907845
502.944639
487.109894
486.493572
481.262643
486.908311
486.329573
486.087846
486.283279
486.805468
485.785314
484.421512
487.182609
486.227216
484.061540
485.157580
485.670496
483.327033
485.937109
486.471765
486.987627
484.801000
487.453821
490.250215
486.069160
484.199182
484.288917
486.643437
492.054748
486.280068
487.257797
484.052826
488.496853
403.206686
485.511523
479.878484
486.276508
487.229593
485.124979
485.829326
484.500456
486.929781
484.472619
496.677235
486.225103
467.521243
484.277852
486.536895
485.222717
485.808211
487.523022
486.151645
488.169180
480.332049
486.407661
489.187157
485.863908
486.519027
487.286291
489.150501
484.908070
485.350007
486.104927
484.512981
484.934592
485.700520
485.349604
485.388958
486.929167
486.921510
487.156295
486.936243
485.186080
485.342942
490.858080
488.212227
478.130175
486.610366
485.388951
487.118215
486.257103
485.867305
487.262490
486.714029
485.193978
486.148415
484.229010
486.427270
500.996203
486.829389
485.808084
483.441843
486.415556
487.135444
486.509401
550.785106
476.811482
494.555079
491.230041
483.683023
486.035388
486.059011
486.743420
485.729452
487.330804
484.082535
486.648100
486.735267
488.787623
487.395928
485.930412
487.454986
1385.954588
484.857660
486.760702
487.311068
501.802500
486.680635
486.368331
486.156919
485.944655
485.392258
486.777085
489.783466
485.134037
486.256745
490.303380
485.942545
485.217447
485.950947
487.264678
489.213149
486.793327
486.747250
482.557544
485.052991
486.827336
485.562837
486.618505
489.061504
485.984355
490.606080
488.786250
485.811909
488.309121
487.391187
472.525016
452.364640
485.743739
487.395644
485.467899
486.171985
484.882287
487.005955
487.379105
492.552950
488.069990
489.876003
484.848924
484.358188
487.016253
486.542218
487.145327
487.416321
496.734892
492.206971
490.526072
487.228942
484.814788
485.967388
486.321974
486.810345
473.932602
486.299514
485.525522
487.405105
487.059140
486.726406
485.533846
485.853973
486.238314
487.829167
487.906173
485.340281
478.694867
485.624292
489.517009
485.455551
485.037627
486.785107
486.207998
490.405619
487.719348
482.120874
480.747052
688.058552
486.606995
489.416750
485.459722
486.442380
488.422739
489.128373
486.733987
486.274747
486.462184
385.649854
485.170992
494.548360
480.320089
488.471851
487.171858
484.088057
486.646899
485.769665
486.839345
486.268932
487.751446
461.540991
486.575823
367.200082
486.789902
482.555576
485.694581
492.125287
485.841450
485.489350
476.449804
486.950232
489.281608
486.112862
485.989220
486.337451
484.928440
486.084305
486.333158
486.894980
486.409377
484.675642
486.438138
486.910098
486.394524
486.555670
486.466924
486.533070
512.040501
467.930492
490.493385
489.628875
486.308168
486.669838
486.960417
485.404784
485.953597
488.487597
488.448635
486.836701
486.734496
487.194309
488.357093
479.958032
484.642230
487.031995
485.198278
486.832213
485.597524
485.175839
484.332298
486.222381
486.850554
482.967627
487.371685
487.414104
487.573230
487.226046
486.096630
482.790799
484.437115
486.440943
485.499523
485.339388
486.165445
487.194897
488.561314
487.591696
484.692247
487.055128
485.768664
485.096405
484.658420
486.397643
489.364119
578.023867
485.662433
486.079664
485.746850
482.550479
488.731634
486.631812
498.741853
486.791531
485.635881
491.788749
485.019684
486.794790
484.018148
487.839688
486.042961
488.871504
520.862665
482.902521
487.497269
485.596693
486.398635
486.873038
486.997812
487.745484
540.040824
483.768817
487.137452
485.949006
486.401866
480.886545
488.726529
487.658783
481.529687
486.651714
486.265638
483.435091
488.018288
486.019470
486.310421
477.919674
485.149319
486.803772
484.094249
485.907706
485.938025
484.681349
500.966958
486.818650
487.345126
487.606649
486.013777
485.064877
468.867175
487.862801
480.650180
487.017425
487.701222
483.543095
488.209977
486.857119
486.792957
488.189548
486.738178
499.441584
484.988005
487.899309
487.763519
486.117731
485.259487
488.240482
488.688242
486.977647
488.118018
485.901967
485.599064
486.965807
501.764947
489.726771
486.136357
429.711008
485.679192
448.944558
486.241957
486.825240
484.965375
488.404924
485.328870
486.088026
486.057714
486.361843
486.133449
486.365385
455.424755
501.983711
486.650293
486.924995
490.013954
485.689049
484.377946
491.884456
485.570265
486.893501
481.396367
487.237235
488.543890
483.694945
486.898284
498.353183
480.343337
479.628187
491.277808
484.112645
492.088316
485.299194
484.568799
485.662202
486.375057
486.728505
486.863819
485.223413
486.560271
487.931879
485.110716
486.423005
486.622191
477.897601
485.400222
415.619162
487.630262
479.804618
483.626250
484.715813
485.904051
392.382425
485.875217
486.311279
484.477455
487.352318
486.442004
487.843903
486.189385
486.870289
487.417031
485.823045
486.177460
483.430716
486.663367
486.444338
