78.858707
68.793305
73.705064
65.897648
66.781220
67.688603
68.581966
90.275173
68.664264
69.930790
70.137464
65.130023
69.159996
66.972218
69.345880
73.414718
68.584820
68.440153
72.259386
68.585810
66.945973
71.532365
68.287738
69.463900
72.360263
68.509442
74.088772
69.611806
68.243152
70.044087
69.297388
54.075761
67.441697
66.428337
70.082642
69.456826
68.443725
78.538982
75.057617
74.449565
69.555632
66.460580
66.855188
69.379827
69.306889
68.610045
69.242856
72.762125
69.652340
65.976763
70.035728
59.339942
69.224284
68.074035
69.615328
69.175362
77.213361
84.742169
67.603969
69.430826
68.680849
68.842999
65.038372
68.559131
68.666154
66.969123
69.925350
68.270654
69.615498
68.129787
67.763187
68.988859
65.568944
83.373620
63.481422
70.471617
71.206840
68.465768
73.291250
68.151386
101.942926
68.703392
68.190009
54.466880
67.608655
68.314952
64.033364
66.459860
44.696265
69.102215
69.808210
78.053131
69.705043
68.754505
72.724239
70.608720
69.366628
69.485628
67.923934
68.522556
62.218474
70.633116
69.769973
71.568430
68.336084
69.150985
64.742736
68.785876
69.207717
68.919759
67.762455
67.330435
73.296743
66.816929
67.920506
69.049407
75.132979
68.663965
69.786719
68.314002
67.960164
68.763520
68.068419
20.082861
68.112904
66.648597
69.213941
69.125778
68.690415
70.483875
68.741275
69.021218
62.537707
64.842175
62.157689
68.171180
66.675534
67.199251
69.012710
76.585179
68.335814
68.251961
64.960715
68.733871
67.990464
68.341533
67.296857
68.409708
67.842215
68.273611
68.720543
67.880077
67.378201
69.332747
70.384160
67.366014
67.201402
66.964341
69.463594
69.282879
69.912703
67.980471
72.341833
68.643250
67.898200
68.339673
66.650605
71.693879
66.533390
65.139678
70.475508
69.148331
61.801991
76.733705
67.252542
69.385249
65.152761
69.012917
70.312635
71.997594
69.756136
65.245295
69.714586
70.955660
64.649697
68.814928
68.170076
68.084638
68.444184
68.482006
67.781674
61.312321
69.091255
69.294753
70.512014
68.949292
65.979783
69.356305
69.987557
68.533796
68.920422
59.570667
107.563875
56.535879
69.195976
71.449331
71.535434
56.070366
88.040238
68.355568
68.663885
79.136434
69.107334
63.858476
68.860845
68.382564
66.243392
68.800559
68.633784
65.034726
69.090997
70.138641
68.560549
66.617637
70.090679
69.672429
69.672434
70.278175
67.227044
68.599818
70.898853
70.327678
69.427966
70.365278
69.043970
68.008308
67.463706
68.701692
68.295645
78.904059
69.565852
68.347968
58.838570
68.078891
69.470104
68.158100
51.113014
71.147913
68.051689
69.447973
70.481549
68.121461
5.021021
69.168264
67.221233
67.642553
80.773035
68.186328
69.629654
67.334068
67.558738
68.929482
68.397805
64.937113
68.376511
66.260116
69.521513
69.060779
85.897686
68.022573
71.157253
72.406104
68.303290
67.879222
69.585684
72.131054
72.796488
68.495919
70.485604
68.591631
69.056213
70.930151
68.644071
67.977607
68.741585
69.679485
69.021970
68.972802
68.566937
68.172977
71.219207
65.154484
157.104173
68.182669
69.095005
63.622808
71.967966
69.315517
69.431054
65.650980
66.661135
69.227876
58.607014
72.957256
66.565237
66.122821
66.904750
76.068668
72.099498
67.853635
68.939274
66.584440
70.344859
68.100159
68.731362
67.584625
69.405112
70.419110
67.158749
78.293267
66.904302
71.233771
69.043750
68.093779
98.546750
67.961264
71.643543
67.540659
68.692527
68.241660
68.283409
67.523772
63.776650
67.243740
95.008762
76.817968
67.803545
71.749302
66.581425
61.766246
68.875202
68.825281
69.374619
65.739647
68.923451
59.369836
69.460540
68.809353
68.877078
67.438245
64.984460
70.118127
69.072771
68.171408
68.691871
73.297175
69.102830
68.158713
82.935095
68.419699
68.029924
68.361575
65.700120
66.948818
71.236363
67.751023
69.111679
69.678579
78.122677
66.808976
72.828987
67.690112
68.947786
67.432355
77.211170
79.479590
75.711517
67.302608
66.289790
61.167775
67.811853
68.583715
69.108236
71.301774
66.622879
67.385123
68.820138
75.300322
69.513000
67.456457
68.773289
64.850186
69.355782
71.011613
69.053146
67.101690
75.402089
68.043159
68.675824
69.115365
66.765608
69.935862
68.099873
70.390219
67.622678
100.802834
67.495504
66.787639
68.844797
69.653953
68.341163
70.387877
68.570384
69.607025
68.153007
69.098804
69.060605
70.358465
69.467775
69.862958
68.099515
69.820501
70.184616
70.137559
67.913110
68.288774
68.522255
69.653754
69.394787
68.471911
66.803377
68.416914
66.030402
69.830580
50.181538
64.390236
68.187964
69.661189
69.003945
-489.675818
68.840915
67.440217
67.069644
66.486399
68.856648
69.815936
71.061793
68.259997
62.048321
69.259773
68.903145
68.238196
68.787040
52.255141
69.273605
37.927425
67.687125
71.648454
68.656388
72.785568
69.188515
69.641936
67.319494
69.980571
67.786786
68.475799
69.173178
71.351614
67.852920
66.743121
68.838150
68.537164
67.999914
64.660773
68.384374
67.715320
72.753600
61.974956
68.692461
70.655214
73.826491
70.593558
69.647151
65.464286
72.601347
68.237934
69.681716
71.983247
70.578086
70.297908
70.583306
68.170513
69.539383
67.950795
71.494327
69.038113
69.794251
66.794865
68.579704
66.040907
69.560776
68.534506
68.376085
68.861745
67.413187
68.138246
69.301842
67.283452
70.175980
67.651235
68.650248
70.019116
66.219271
69.073838
67.712572
67.738049
68.046925
70.318147
67.663294
91.786534
69.936450
67.936064
69.972927
68.093080
68.478133
68.770369
69.894236
71.026083
66.319839
69.906944
66.826059
69.823049
69.443387
72.339578
66.901566
68.598405
63.633179
70.696065
66.217199
67.998234
68.277392
-0.765892
71.790579
-3.344605
64.113083
68.360325
68.929181
68.934247
70.663011
68.839373
55.724837
69.455371
67.433484
71.278422
69.041260
68.190828
72.074192
69.463147
68.829694
69.106208
68.369097
70.391456
69.703843
74.377505
68.842221
68.791294
71.377064
68.526003
71.788607
67.108579
70.702628
135.091412
67.584715
69.150872
70.122433
67.778248
65.462218
66.680594
69.209451
70.674330
65.014163
68.041525
69.353100
78.030898
70.260466
67.775273
68.536987
70.106778
30.194792
71.335607
69.707415
67.197758
73.471203
68.688640
69.289511
68.128667
68.638620
68.724811
63.273346
90.211894
68.057532
67.555256
69.985840
68.398111
69.896496
59.463702
69.112120
72.328547
33.942191
68.643329
61.814726
63.405090
70.177048
69.026956
68.124779
68.915987
66.261805
67.715534
79.689693
68.904963
66.592072
69.373401
70.021019
67.800030
70.875455
72.280092
68.481926
69.596442
72.829042
68.986280
67.162452
68.918403
68.955931
66.716930
69.036480
67.468086
69.280409
70.346753
75.523975
69.431657
70.552889
68.455145
68.069590
69.423364
72.105180
69.033524
69.450133
69.451817
68.653415
68.028838
68.337451
70.212434
75.142749
68.650884
68.112884
68.344008
68.129700
67.198119
68.698492
68.252024
65.794417
67.598670
68.491206
350.761619
66.087552
67.174863
67.300720
69.309885
68.502812
68.630858
68.501457
68.097552
70.205232
51.354528
64.631894
70.417099
72.121252
68.962062
67.114500
67.433097
66.113820
69.070991
70.507507
68.298835
69.870614
67.241721
69.852780
76.680155
67.627647
67.956585
69.218245
72.096832
67.693368
67.106217
68.806880
67.853541
72.387449
69.250544
69.279789
67.644725
67.543747
68.675255
68.819249
70.608430
84.702442
68.649404
67.843021
67.462773
66.934104
69.085316
69.272257
71.868120
69.819564
68.841849
61.886323
72.497965
72.446108
70.144331
69.061978
60.086129
71.661420
63.949629
74.247299
65.986002
73.562650
68.205760
67.266851
68.264154
69.725937
68.395597
67.997484
68.181932
68.783155
73.129233
68.881472
68.254751
73.522950
67.904826
68.738278
68.255081
69.217308
68.648349
68.779561
68.841035
83.024128
69.356936
68.960444
70.026687
68.731119
67.583598
67.285611
72.274330
68.552654
66.399520
67.294639
67.714134
69.615263
83.609718
68.037535
59.333375
67.984287
70.625728
68.480520
68.356482
68.540349
68.781896
63.182457
74.202268
71.003893
71.675647
71.021345
65.820445
71.519541
70.867694
67.450102
67.948857
67.620816
72.768036
69.119627
58.761436
73.771245
89.009616
68.809926
68.379477
71.346327
71.282371
67.997243
68.614133
62.186745
74.076557
68.132791
68.595514
68.373045
69.629997
60.963861
67.878313
67.297484
72.795417
68.781606
68.817023
68.696040
64.604762
66.921982
69.949152
70.787736
68.504325
75.925205
69.245466
68.944115
68.046050
69.138394
68.181084
65.806691
67.631784
43.128364
69.348845
67.573548
69.831538
69.267375
68.655979
69.988020
69.709248
68.345508
68.465906
69.309295
64.782099
68.124182
66.736786
69.218180
67.407746
64.710200
67.941949
61.302853
72.797131
70.406503
69.535262
68.890996
68.720639
69.168930
68.208524
67.561217
170.851661
68.628029
67.949305
71.618299
73.579115
63.166929
68.742262
68.493628
67.752368
68.369360
68.304049
68.866244
73.091922
66.320352
69.476595
68.379500
68.615812
77.255947
67.754832
70.480177
68.083829
68.124077
71.739349
68.815000
68.986708
58.382180
67.896765
70.452904
67.257018
68.993822
72.510719
68.758065
69.159010
71.547116
69.365542
68.849548
65.221636
69.034631
68.041451
69.896830
71.388800
68.197613
70.877102
69.182394
67.615801
68.558599
66.994021
69.222273
68.731844
66.892023
68.905176
173.317569
69.127388
64.971411
68.273903
68.666357
68.013104
70.378281
68.121163
64.259484
68.430802
69.874205
68.730643
70.361633
68.345703
75.762389
68.644012
68.872224
69.774537
69.339593
59.416551
69.926492
69.906962
60.811175
68.151292
68.252691
64.425057
68.801521
68.833899
70.198020
68.219964
151.387150
79.299739
78.338405
68.565306
69.221558
63.082264
68.531570
66.650125
68.777606
68.567913
72.493948
69.430222
64.998547
74.155599
69.106667
66.192223
69.765064
83.872648
73.526207
70.257288
68.631928
68.148803
65.986996
70.855714
67.250079
65.136543
71.667572
68.855985
65.027872
65.320298
66.779208
67.999311
69.448179
68.189198
68.613502
69.648624
68.509041
69.294766
66.386379
68.835111
66.218685
68.826091
68.087300
67.777199
62.789708
68.890790
64.927220
68.898911
70.208515
67.678445
71.489384
69.938397
68.090163
65.828855
61.853622
69.134930
68.745028
68.533660
69.212130
69.746634
69.849967
67.833620
70.246008
66.398034
70.768614
72.625421
66.074416
68.481998
53.038596
68.663769
77.349708
68.652498
68.279651
69.406931
68.726177
68.109307
68.964089
69.570412
