263.829926
270.311355
264.417468
265.854699
266.076238
265.423513
267.209350
265.887431
267.507859
264.363045
266.273174
268.292041
265.100030
256.094231
269.989642
263.122012
271.805488
263.720624
265.524136
264.332814
266.107676
265.879763
267.306173
271.609681
266.439454
266.408185
264.558678
266.938379
265.904262
264.094571
267.210449
527.865246
265.680465
261.068181
266.058258
265.643757
264.225709
262.405904
267.153341
266.823685
267.585373
263.112631
268.009718
266.095155
268.763895
266.040762
265.833675
267.312838
267.245984
267.905357
263.217416
252.470108
253.500861
262.525904
260.317392
264.782521
267.335253
265.964346
267.201906
265.052127
261.849211
264.390696
266.780282
266.137287
266.360601
262.858717
265.249836
260.490635
265.653466
265.868139
267.002422
244.685498
264.982982
263.291040
266.319513
266.891534
254.798650
265.622149
263.545242
265.398476
260.474132
265.802118
269.830462
268.207917
265.521840
266.741275
270.022656
267.625157
264.361208
265.260251
266.003515
266.181458
264.357143
265.603640
227.238326
267.028891
269.927691
270.186637
263.953546
266.367143
266.612048
265.196897
264.750543
267.805452
265.198214
253.081355
267.156315
265.299168
-805.862114
265.032505
268.846029
265.716554
264.451997
265.467182
264.185768
269.158224
266.771547
261.155249
266.274442
269.257525
265.152480
265.291457
264.928431
266.917293
266.576549
265.749662
267.688980
263.112405
266.775120
259.841026
264.473423
267.475884
234.339769
276.700232
266.173242
265.925712
264.574375
265.599620
265.347684
271.623600
266.992498
265.785695
264.034899
268.325518
268.686605
266.486899
265.615587
264.784859
265.364321
265.139198
266.281592
269.581027
264.989485
260.536264
265.363637
266.739199
267.381277
266.104712
289.628320
265.210629
265.408894
269.080047
262.876507
265.181450
269.321580
271.424305
265.600351
266.326377
265.464216
266.512014
266.322636
264.686272
272.968974
265.418688
264.564841
266.946920
265.060921
263.104364
259.716431
264.523970
266.758264
265.071904
288.109344
264.875692
242.451491
266.427815
265.137093
290.047958
263.504938
260.296642
265.164697
265.694984
265.050580
265.751878
263.637559
271.017739
262.416543
262.056059
267.040482
265.755812
266.016759
266.969667
266.810445
263.758806
260.801728
262.912453
268.627935
270.906387
265.342294
266.517289
264.911216
266.998538
267.667214
266.009889
267.832946
256.131357
263.272130
265.710712
265.602350
271.853832
264.962011
268.878725
265.230643
265.751316
265.471183
264.946054
259.639685
267.134154
268.127351
266.619112
259.088183
265.829083
261.047039
267.956158
263.371761
265.094234
269.951983
264.163120
265.978755
266.616355
265.603825
265.224605
265.486460
264.085614
272.557256
263.969598
265.020519
600.831655
277.749114
263.648670
266.472306
217.370880
265.460492
266.258751
266.575791
266.076783
266.127857
270.974946
267.386137
265.545955
265.847253
265.706230
263.392439
269.349742
266.132125
270.386318
265.905102
247.506475
265.667369
266.090214
266.199450
265.962427
263.539121
265.729203
266.398011
268.272070
265.967246
266.218358
264.759390
266.003546
265.606734
265.671210
268.802787
266.013805
265.607745
266.189782
266.533793
263.566613
265.428314
265.694671
254.074871
264.993619
274.917542
264.602866
263.250456
265.889680
265.571377
254.065988
265.598271
254.179728
265.879968
267.329420
264.666651
266.018147
267.080647
265.255751
265.131797
265.639434
244.504673
266.995479
265.997048
265.840347
268.768901
264.830857
266.661667
270.333371
265.873629
264.533749
267.647300
266.599601
262.038935
266.594436
265.738344
158.237980
263.947187
267.054949
266.718556
266.270000
267.722493
267.504157
264.638043
264.561910
287.667208
265.811348
262.483947
265.275116
266.221646
268.609769
264.214716
264.693179
256.586623
267.592910
265.532479
268.446690
265.305138
264.995919
265.515756
254.391218
266.353035
265.475447
263.401253
262.312024
261.958486
264.580991
271.314247
265.937241
265.206222
265.741936
267.752125
265.649033
268.615549
268.223359
264.421473
266.005442
265.253834
265.626151
266.516496
263.832396
265.946228
268.043481
268.846727
265.755946
265.003444
265.533803
265.786968
266.008930
269.752201
265.530135
297.000619
264.096426
253.007269
265.759631
266.696342
265.807294
266.291764
265.888059
248.641119
265.620900
267.787296
265.877349
266.073933
245.913171
266.135668
265.894226
266.625532
277.989112
266.752382
266.863839
272.851774
263.052105
277.127482
267.907702
265.690897
266.342269
264.076149
267.267599
265.661556
267.846297
265.913960
265.577054
266.202661
271.067531
265.408213
263.314250
255.369687
265.539977
265.865253
267.731062
263.412123
265.782787
264.951651
264.849777
261.086869
265.268320
265.706878
265.737227
264.175058
263.421086
265.835098
266.463654
255.601911
266.378830
267.182390
266.770977
264.931883
265.832892
265.590129
267.170617
266.881950
263.849251
264.985897
265.983525
265.669919
265.130655
268.001015
269.420867
266.813174
267.026773
266.476017
266.453550
265.335130
264.951534
265.428912
265.563897
261.203630
266.397823
268.630045
268.251155
266.522864
269.846920
249.367778
266.893140
266.369655
264.036971
269.395014
228.302785
265.194186
266.306241
268.269208
256.035469
268.645285
265.168750
259.827638
262.322760
270.008124
266.456534
264.727820
265.688141
267.420839
263.263262
273.276692
266.902542
264.181787
266.220629
265.505712
265.944168
258.392462
265.988447
264.441805
265.677238
268.397532
262.573238
263.383233
274.495585
267.871362
265.958518
266.541644
266.890070
265.598611
265.454358
266.781020
264.932701
262.229246
264.481341
263.499521
263.691941
265.724751
269.880447
265.739334
262.616032
265.626777
265.486967
265.542644
269.037205
264.837806
278.005128
264.885756
265.818518
265.431162
267.161494
265.097490
257.824093
265.351324
265.991270
267.803038
266.343424
265.715460
263.682368
265.906121
267.576040
290.511553
266.708366
266.738305
266.890168
265.167252
268.281510
267.224618
264.237824
264.525172
266.072239
266.965856
260.457846
264.838885
264.960603
265.879018
265.245071
266.245772
263.595904
259.978710
266.586034
267.887161
268.848897
280.164871
269.960097
266.551452
265.788300
260.339061
265.443297
259.701530
279.043802
262.798036
265.511097
267.152025
264.615155
265.122241
265.222289
266.512485
267.416927
267.716407
265.834746
266.417950
266.109419
266.407935
266.000704
265.678945
266.710426
260.987730
262.783626
258.627626
266.122218
280.161007
268.104967
268.938105
266.169178
267.417302
260.927561
266.327215
265.964374
266.999914
265.120266
265.336008
267.198952
265.292315
266.233040
265.124997
267.254608
264.581123
265.498690
267.278882
266.206106
264.431974
263.766768
262.886497
264.238742
265.927524
265.208401
266.462122
265.802088
266.013716
267.569996
263.412603
252.252218
267.876167
267.058347
265.401453
268.117560
264.909702
265.606094
264.919960
265.329768
264.294181
265.883492
265.570145
265.350469
267.034551
268.153438
266.593811
266.255793
262.931271
265.560646
265.715729
265.369671
265.705151
264.764421
266.507788
264.002910
265.863617
267.485094
266.599189
265.643823
263.729114
264.940543
265.546154
262.085085
268.574924
262.273390
265.104240
267.854226
265.953449
265.728929
266.485055
263.181749
266.690772
265.552400
265.914649
264.907283
264.796186
265.826044
267.368226
266.083063
266.033699
265.796662
266.218243
267.557260
257.640882
265.840211
263.851063
263.460658
267.693776
269.631222
266.051078
264.861687
269.122533
265.355909
268.777262
264.867646
266.457787
266.850065
255.274821
267.465654
266.266714
265.181245
265.783294
265.239352
266.530123
270.001723
266.336040
270.931236
267.772444
266.164407
264.133905
265.780634
264.437549
266.468528
263.084506
266.763097
265.575488
266.415910
266.777752
266.153324
267.023918
265.101189
266.157170
264.988580
292.893520
265.091672
266.253029
266.249892
266.302574
266.058359
262.985122
261.790090
261.915131
264.666105
269.084900
270.192736
266.452158
262.607219
267.013776
266.173389
266.406276
265.691848
270.655569
270.668712
266.610068
265.546462
264.543783
266.386141
266.133357
266.641533
267.900340
266.131566
267.511023
265.135143
264.183012
264.994349
265.831793
266.199024
265.519169
265.688822
264.756525
264.394535
265.868538
265.504013
267.356155
264.227246
265.430905
264.979379
267.795270
274.535074
270.017367
265.584596
265.244384
263.432491
265.964794
264.036268
266.766501
267.276467
267.417968
257.726308
262.209290
292.406698
266.929516
265.890924
284.101504
266.973857
266.447858
264.998875
265.337013
262.667834
265.966667
267.658103
250.626412
266.179321
264.351971
266.477351
264.975715
266.129681
265.441946
267.721442
262.705290
276.826732
262.335539
265.855612
265.954420
266.368668
267.711633
266.065022
247.628968
260.130239
268.256711
267.558163
270.409373
262.782636
268.127562
254.878238
264.188271
265.245415
264.589789
3623.999302
264.730172
266.087956
266.164707
265.337788
269.225192
266.443006
265.558523
265.346230
267.212655
268.210486
247.438548
267.106974
266.660340
272.936140
265.615175
266.942770
265.479782
265.221228
240.159551
254.321589
266.305602
267.311266
267.451037
264.493353
268.359665
267.038263
266.739361
296.921711
255.782986
264.966809
266.309839
267.178168
268.224301
259.210157
268.542387
266.445961
263.512987
265.918376
266.487824
264.223490
-24.600969
267.051360
268.751188
267.398628
264.997741
264.600863
268.405610
265.663584
260.382819
266.342592
267.068654
264.273871
265.363013
267.359139
267.845180
268.999841
266.714023
266.816601
264.204689
267.872663
268.899899
266.507675
264.702386
264.673611
265.899343
267.359272
265.136433
266.396537
263.348283
265.040479
266.130300
274.475001
268.746627
266.088330
265.831525
267.463204
264.732761
266.218632
265.164470
270.489997
264.638151
266.023480
266.379424
264.700983
270.866119
263.612362
265.563410
265.686058
265.701821
266.211664
266.215858
265.547656
267.842163
263.730114
265.609792
263.771773
262.874573
262.772752
264.989021
270.085869
264.753263
268.780562
261.832762
267.770142
265.253900
263.987707
266.078945
265.498686
266.227911
268.698056
266.601869
267.107666
257.276418
266.580261
264.150770
266.888863
266.296959
272.327021
266.476965
265.566905
266.253014
264.108002
269.251355
263.722409
263.857284
265.122531
267.535747
265.645819
266.948869
266.483789
266.320662
266.873285
266.380754
267.449537
262.933638
266.526711
265.624629
264.481730
266.523082
268.906475
262.916061
262.508797
265.348451
265.993293
266.339452
265.503937
268.375231
268.096850
263.794318
265.942719
258.082524
276.563615
267.799022
265.360073
288.700901
266.236942
265.526283
283.088311
265.904083
266.081265
265.597830
266.826317
266.552113
266.427347
264.917069
267.899825
264.289828
265.877940
265.358933
265.425599
265.531131
265.683380
265.560487
265.780587
267.169132
266.090805
265.533700
265.408513
267.143742
265.665630
266.337966
269.596260
237.550845
266.655642
265.326291
263.407229
265.908350
266.322865
265.807313
264.451302
262.981867
266.878055
265.166260
265.656117
265.249302
265.353117
264.298641
262.126518
266.113792
266.020486
