52.302521
51.096422
51.386820
54.726035
53.106162
51.672777
52.713096
53.314150
52.127546
54.312063
46.208259
51.813108
51.491524
49.403080
52.958735
52.326180
47.435674
52.828732
51.643021
52.055161
51.260611
53.751000
52.049799
53.785210
47.575907
55.582909
51.326066
68.804953
51.583001
55.443379
53.389182
53.178241
54.025967
51.784526
53.394596
51.160385
52.913374
53.975630
80.648562
52.559971
51.297428
52.831793
54.106827
52.869883
48.873580
52.328836
53.320243
50.909870
54.947064
55.137458
49.285391
51.899112
38.659300
55.497766
52.859079
34.603422
51.550450
46.000038
52.182435
52.723869
62.748990
52.090001
53.232756
52.783645
45.756620
53.012171
53.941271
53.022754
55.057332
50.626780
52.518499
56.700844
53.414701
52.046550
53.092680
51.665642
51.707711
48.662238
407.287264
52.425089
49.010684
52.986491
52.938842
52.250659
52.774318
51.978413
54.386915
53.153310
53.297170
50.180319
53.105627
53.975773
51.983684
53.410485
50.707209
40.122053
52.506875
53.916831
53.974810
53.492692
52.953590
52.039390
51.895401
54.326953
51.538204
52.492281
51.350807
52.619419
53.165934
50.719285
54.564815
51.140177
53.534706
71.504870
52.965875
53.389385
27.798703
50.998901
52.603529
47.894411
52.682085
61.342984
50.430904
50.135002
52.902423
51.457053
52.851777
48.786063
53.599370
-15.112378
50.904824
58.914089
52.123661
53.686210
54.836162
52.195550
50.422878
53.268049
51.909397
55.012917
44.214287
53.472909
52.564088
50.490658
51.265396
52.863852
55.298097
51.897767
51.826946
45.012889
51.862892
52.854311
51.170599
51.379595
52.363133
52.804799
52.580441
55.163324
56.987438
52.090839
52.647900
54.725489
51.401738
51.940457
51.826870
74.533374
61.983447
53.741360
52.030410
42.658590
51.936059
56.465476
17.368178
52.858330
3.571309
48.112606
52.560430
51.737188
53.522822
37.911167
60.209346
51.578289
52.679776
54.058053
51.154922
51.195755
52.419386
58.454943
52.213570
51.088200
28.736925
53.197184
57.485461
52.798291
53.897376
60.870330
52.782636
53.989426
51.362560
70.131239
52.419957
51.868253
52.510150
53.091976
53.322292
53.469665
27.652157
52.876745
54.790712
51.891903
53.500275
39.302050
52.034844
49.098555
50.036070
67.611352
50.534796
52.314348
53.028785
36.446908
52.846454
54.323013
52.360943
59.981827
53.189763
53.426378
41.194888
52.962508
54.976476
47.695942
51.608044
51.808956
56.372359
52.822705
50.881162
53.802074
50.325950
48.008642
52.382736
52.040505
58.045301
51.683718
52.208089
54.084123
60.374893
54.130137
49.054896
52.733374
54.868500
51.312609
51.318375
52.834740
51.434495
53.824930
50.645429
53.535195
52.441749
49.471025
55.010066
54.266523
52.588551
54.330234
52.072517
52.152431
50.784014
51.839395
-162.825124
53.514596
52.850307
51.908570
46.918976
54.814088
52.713551
52.394125
52.646851
54.845297
55.342964
52.744943
40.985488
55.701862
51.165258
53.560833
52.579587
51.870110
53.723758
51.553627
51.217371
49.305510
52.744205
52.390524
52.124315
64.628641
46.187201
45.400980
-32.685341
52.971434
52.755089
46.828184
51.632709
51.867906
52.928192
54.683750
51.470499
74.473203
51.065291
48.901894
53.209117
54.067679
51.711278
53.745400
52.513124
49.096443
51.614688
52.201270
52.567675
59.068946
50.056000
52.061596
76.839112
51.671742
51.603698
54.638743
52.693401
51.885592
52.532017
53.533296
51.886915
49.490210
52.811864
52.468702
56.178741
55.076343
51.991218
162.995323
131.573955
53.027471
50.083675
52.279723
53.241387
56.184584
52.484241
52.516994
50.605483
53.032792
49.808034
53.281006
52.021526
53.298328
48.553372
52.795693
53.843024
50.532685
52.218925
52.838036
60.807381
54.959576
52.157130
53.435562
52.922607
53.241672
52.566435
52.670611
51.949330
50.484963
51.441856
52.502548
52.262981
53.265366
53.451069
53.429308
52.727191
48.775397
52.230253
51.533734
52.220281
52.520342
51.158367
54.811891
53.051147
52.808540
51.089703
42.178800
52.819995
53.815327
53.354123
52.353728
53.455067
38.050776
60.724751
51.634786
52.129989
51.924190
51.546986
55.037117
52.101215
64.423793
51.144565
86.323393
51.645563
53.894936
53.033754
51.505164
41.237793
54.487786
52.112808
53.674560
36.719624
52.559381
52.090643
47.151415
59.184431
52.871170
48.701846
52.333339
53.195368
51.828836
52.415238
50.165012
52.428922
53.630534
52.541834
52.090899
52.657966
51.754803
52.718104
48.611850
54.760261
57.880272
52.312026
51.369048
54.226163
52.757773
51.313100
59.516173
51.607383
52.911633
53.871163
29.468126
52.666224
52.375034
58.182909
50.043760
52.780435
58.109156
53.642962
51.653261
51.736599
49.813437
52.426119
55.540032
116.676791
51.841695
115.509816
55.028321
52.276733
52.234266
51.452777
52.387315
51.714588
51.479449
52.671355
48.329241
51.758964
56.223512
55.026814
60.635040
48.869828
53.532635
54.220194
53.615116
45.360481
52.208869
54.608045
52.365830
49.072608
52.539633
52.642369
79.494913
51.791977
50.718680
52.640929
51.943603
62.120337
54.305087
51.474460
54.172793
52.062952
50.100298
53.346003
564.329528
46.514802
50.715888
53.501968
51.892025
53.394806
52.896503
53.104621
60.024187
54.022662
47.727484
51.858144
55.842143
52.148419
54.659938
51.939738
52.422358
50.915805
42.235002
90.046264
49.396935
49.400725
54.997659
66.984672
51.996295
53.552420
61.408562
51.867928
53.608220
51.957465
48.409753
52.358816
51.736854
61.425838
52.490175
53.286721
51.343526
54.938185
52.658048
52.007226
58.903260
53.485287
50.383583
54.012586
49.947940
52.066369
52.039782
53.559794
52.087752
51.944157
57.320693
52.462089
19.728987
49.552061
52.242358
53.186754
51.656080
58.829560
51.960413
53.076531
54.450368
54.020493
52.294030
52.442591
54.603040
104.869667
46.502032
48.810037
53.323621
48.859848
53.210832
52.173437
51.007131
22.047864
52.068940
54.203625
36.618161
51.303945
52.439275
54.465707
51.896207
52.877226
52.278821
52.057788
57.112539
56.737153
63.203194
72.217955
50.477420
60.557167
51.786716
48.534304
52.999070
51.938326
52.438088
51.276889
53.165249
53.794410
44.449631
43.082448
54.919707
52.782294
52.673815
52.196470
57.135620
53.532935
52.366799
53.248850
52.899242
52.181675
226.681189
53.462955
50.013395
51.110149
51.924985
52.635412
58.620772
53.317723
16.477109
52.191242
51.173775
54.421772
43.194526
51.537364
53.041422
53.427428
51.062403
51.292059
52.729986
52.800254
52.742979
58.712351
55.776618
48.221640
29.921809
51.821012
53.207470
52.799654
51.365228
58.811726
52.646106
56.445780
52.588224
52.179198
56.982744
53.138926
52.959532
57.609551
52.422863
44.222283
27.638133
81.074033
57.112604
47.151624
52.243385
53.115023
51.984422
53.829047
52.626998
52.474985
54.990992
52.567904
52.113746
51.826988
51.754464
53.831524
51.252997
54.228654
59.169301
53.642799
56.990494
52.486430
49.244974
50.902414
32.679770
51.937131
53.705938
55.808599
53.343289
53.070046
52.074848
52.661610
52.220427
34.927430
53.935027
195.129239
49.077858
51.312810
53.170924
54.051107
52.282174
57.786567
53.112937
51.320932
53.457374
63.592284
51.885809
53.107987
51.384402
52.951941
71.813936
54.065374
54.261519
65.687658
52.415229
53.994498
54.003348
52.331216
37.784653
51.915141
60.168527
54.298520
53.810452
52.320407
52.981519
53.925379
49.136097
51.169754
52.838794
50.832072
45.648246
51.513998
52.373039
53.560198
53.027535
42.110374
11.010612
53.304013
52.493086
53.267846
51.814560
52.115519
52.940414
51.487775
55.541118
52.769613
52.542771
29.952110
54.333622
52.540494
52.842329
51.961494
77.056475
52.733824
55.562872
48.851912
60.242257
52.783870
52.469687
53.547699
52.280652
50.211557
52.053908
53.894799
52.714174
54.112159
53.832884
53.007693
53.616601
52.454185
53.818217
51.796401
380.142217
56.886377
50.189942
51.142984
58.390781
50.544684
51.998739
52.130717
50.201783
52.015282
56.022655
53.830504
52.114978
51.630789
52.662202
54.365431
51.981650
49.982592
51.995219
52.704341
43.345199
50.672143
45.083843
74.176587
52.441601
54.212626
52.743748
48.451852
49.397782
52.046272
51.087223
52.705328
51.723888
52.415533
54.409594
44.114492
53.079989
52.231249
51.229256
52.994910
53.148795
52.811204
52.506724
52.680687
54.056175
51.712279
53.738915
52.767929
53.338004
53.820307
53.128035
53.191325
52.822195
54.676804
52.991199
52.742188
51.696015
98.002307
52.688818
54.201035
53.386490
59.870691
51.983711
56.821450
51.683890
53.021662
51.552168
52.935937
51.135824
51.443377
52.666138
52.325550
51.740733
52.511025
53.467944
52.987757
51.291163
52.475677
52.401815
57.326649
-47.554152
52.505698
50.694969
53.116780
52.079320
52.623534
52.739787
52.937016
54.787019
54.010879
54.196506
51.678517
51.593198
54.763170
103.673181
52.321198
53.876233
58.474126
51.810455
48.947755
50.907342
50.783007
53.219550
86.388157
52.545672
52.933022
52.054595
75.827728
51.823362
53.211826
52.905279
57.452787
47.840888
51.993962
52.312880
53.922882
52.814728
53.075845
51.494333
50.461538
54.122533
53.716748
52.029660
75.895844
53.376987
52.450738
47.967156
48.061894
52.529115
49.587749
52.210029
51.420507
53.211256
55.898623
51.696640
56.742278
53.050786
52.801531
52.507869
24.322325
52.026764
53.916895
53.217777
51.105983
52.175945
90.147298
52.305342
51.270267
53.173548
52.819343
53.746935
49.687022
52.211870
53.620204
52.990046
48.518959
52.329391
50.483081
53.961207
55.834039
53.251441
50.443001
61.509560
52.402484
52.781871
50.910382
51.066491
50.594896
54.284318
72.606391
51.352502
53.376786
47.532432
53.334992
52.438817
51.876819
52.242480
53.362962
53.229720
52.604043
52.725790
55.310428
50.879158
54.681795
60.553335
51.078227
54.279572
53.492167
78.761546
53.308964
52.819482
54.008431
54.023665
51.849816
52.833906
51.067709
53.870687
51.782439
31.054711
62.610822
69.526806
54.436005
54.949312
51.881340
52.220961
52.243386
61.873045
53.765516
52.502897
52.119761
52.426165
63.146244
54.219460
52.393597
51.772446
59.042845
53.326545
52.667713
54.435810
55.238818
52.307870
56.398399
51.884147
52.445881
52.664442
52.284629
52.186370
40.729209
54.251824
52.177624
51.894066
51.642220
52.296797
45.393160
51.164346
123.487776
51.537962
50.569667
52.937691
52.866360
50.577137
52.951763
53.413371
51.457194
52.815531
59.356487
57.583992
51.609304
52.739240
