77.634453
78.556235
78.335355
81.265777
77.951813
78.975171
78.676588
77.887228
78.226493
78.485612
78.688085
71.452272
78.682357
79.406274
77.882971
77.559933
82.454283
77.430838
77.888070
77.742679
79.341598
78.916736
77.202628
76.714687
76.846233
77.512420
80.080577
79.987048
77.947918
78.837178
78.403982
94.306120
77.106257
82.533272
76.411881
75.906842
76.621892
78.820296
75.910019
72.252744
78.074760
78.618437
81.857670
78.123088
78.044508
78.356030
78.074007
77.680950
-31146.259355
79.636116
-63.069659
79.979706
77.065416
79.501874
76.080132
77.172955
75.531894
80.176389
79.478251
78.900865
79.206837
76.643174
69.583224
78.087143
77.059463
80.917663
79.980463
81.899085
78.316747
77.966499
78.815103
62.886687
85.347592
78.712537
86.549734
80.308794
78.379774
78.035384
56.311661
76.560748
79.225132
78.888945
79.012797
76.795199
79.062616
78.551255
77.463175
77.610508
79.149030
71.419516
78.415819
79.234677
79.321269
85.230461
78.097193
78.398551
76.937852
79.733167
75.397510
77.917938
76.493754
80.270055
58.604908
80.789660
79.691656
74.262057
78.117908
79.533161
77.441008
76.507642
77.803758
78.166217
78.339451
77.997457
80.385255
91.670456
79.934927
79.121772
79.313081
77.982248
77.013379
78.108999
79.010886
77.989554
78.645136
78.514339
74.183475
78.625479
78.188697
103.650882
78.259439
78.968939
75.693106
77.438448
73.472756
77.968884
84.117086
80.813807
79.291247
78.178200
79.020728
77.680392
77.561231
81.588895
77.270778
75.440042
77.302778
79.292479
78.177918
80.573651
78.564421
76.345104
82.391665
76.112228
82.258245
79.966414
80.196224
78.631690
78.861849
77.872645
78.692776
77.779487
77.264003
77.825865
77.860105
110.450674
78.163926
348.666153
81.888471
78.064555
85.333707
73.825768
81.544253
82.209708
82.951828
85.336962
77.166435
74.179660
78.429910
113.217441
77.860751
78.885035
77.521517
77.899652
79.102541
79.402929
78.462266
88.664564
75.929005
79.643331
80.864430
77.692416
77.369483
78.123566
78.937543
77.847411
77.691809
78.053118
82.300386
78.994451
76.950109
79.247362
78.195578
70.089314
91.961664
82.022448
79.899921
78.152688
77.277987
79.079260
78.236148
87.546340
70.979732
74.402344
79.066180
77.286189
79.140106
77.881394
79.662856
77.990007
78.853507
77.638857
78.129276
76.450819
80.514224
77.484696
77.808232
80.797029
80.085795
78.577631
77.292479
78.807186
77.011575
78.606096
79.190941
77.471850
79.237392
79.098000
80.210461
78.368342
76.976563
85.005004
81.102178
78.253220
78.008358
82.756012
79.163087
76.677651
81.007475
77.685091
77.819348
76.733735
79.302778
79.742250
84.065204
81.552615
76.625664
77.752744
79.219255
54.691165
78.091384
79.168471
77.930339
78.455015
78.749578
80.163830
77.441759
78.296363
81.735629
78.427768
79.360777
73.887807
77.390178
82.402864
77.948120
78.313636
78.082528
78.816853
78.968665
78.386277
79.040318
78.695356
81.624858
77.935541
78.735642
78.022606
78.681920
76.388492
78.301400
37.663060
78.050058
79.003470
77.312701
76.316321
80.794018
78.416633
77.287343
79.516297
78.591683
-362.251867
77.224867
81.900804
89.008127
84.907645
75.043704
78.253472
86.396400
78.108173
76.908383
78.979392
79.163759
134.774493
80.917038
78.104684
78.879084
80.893897
64.254225
77.385225
80.831455
79.918716
79.957912
78.367568
81.059808
78.196325
75.410458
79.004749
78.574214
77.261203
78.159631
77.567915
78.073522
77.646884
76.929368
78.561454
82.812700
217.939074
73.284948
76.744184
76.498842
79.485441
78.012522
72.450648
82.741057
76.163309
78.201395
80.005001
82.712152
84.161196
80.539240
77.596481
78.164155
74.993548
72.565555
79.113145
82.125544
77.709140
79.626441
78.932977
77.824922
79.069164
77.819821
76.628430
78.389167
79.351108
78.167654
79.766164
78.193255
77.691079
78.905901
78.881277
77.641749
52.957003
84.309273
75.994648
78.859921
79.107628
80.154283
76.719733
78.695007
76.183874
77.396301
78.504405
79.151890
80.243908
76.554892
77.424600
77.395163
75.484569
81.140657
71.865830
80.984817
82.166857
78.410574
78.012309
71.385168
82.120717
78.520749
73.483567
80.823299
78.804937
82.889038
84.808679
78.496915
79.445471
79.392818
79.824092
80.260095
77.786097
78.512350
79.550333
78.116186
76.654369
84.290555
78.842696
78.050218
78.230230
77.472018
78.775128
77.506730
78.337645
78.374860
78.617552
76.714763
76.394281
78.512512
78.903792
78.814370
81.369467
77.745516
77.840739
104.020760
78.571293
79.511529
63.665257
75.118815
75.593153
77.353859
79.255998
79.114269
78.441395
77.824951
77.026390
77.717779
76.511373
79.782168
77.367463
77.641491
65.989955
76.726115
79.864362
96.886020
79.006172
78.605858
77.037941
77.744172
78.855499
76.978569
77.705819
77.078944
77.437046
78.174153
78.089807
77.935078
80.097011
78.429270
76.146703
83.008139
80.766029
78.548420
76.492543
77.581750
76.646946
76.495373
78.097579
77.990766
78.897927
78.376399
77.833067
76.829272
74.976533
77.707584
80.252517
82.719207
78.422507
80.125715
78.740871
65.741913
77.487511
78.623601
79.266102
76.618037
79.256997
76.145471
78.543828
79.594853
80.916275
73.973651
76.694613
78.254192
77.553382
78.749744
79.685025
78.743896
78.203815
78.475558
77.735499
81.127907
79.322723
78.225669
77.918481
78.200215
78.312241
80.142345
78.646215
77.868234
81.718322
98.960363
72.540374
73.452723
78.877732
75.244586
77.615963
73.684321
79.573224
80.909431
80.338723
77.593363
79.013438
90.706943
77.294957
75.059721
88.117748
77.776445
70.202989
77.738146
79.134514
131.037377
83.197053
78.873981
79.521987
78.094756
79.178180
69.070880
73.178314
88.727284
81.935144
78.424277
78.994580
76.968315
77.679986
75.810558
78.652418
80.074437
79.119898
85.347371
77.567856
79.553522
78.577101
79.115708
78.261482
75.467549
78.474507
79.130124
58.692773
80.868450
77.417540
81.485579
78.437839
81.602377
79.610202
74.440728
85.536190
72.220790
43.294172
79.653267
78.183899
104.255154
74.630719
79.052906
79.004662
74.557022
75.827549
78.709026
75.107024
79.441657
82.157806
77.565710
80.698927
77.206502
78.840954
79.967084
78.431214
78.301206
79.364218
77.947497
79.505783
78.849368
97.994626
79.262705
78.152149
82.293408
85.997604
79.776492
79.393319
78.416183
77.147080
77.470427
77.993971
-32.598747
77.937325
79.459982
79.317899
77.292842
75.640309
79.076785
77.077416
79.275809
86.334182
77.256104
75.178043
78.143621
81.615607
80.491844
76.349122
74.812860
79.340664
76.060878
78.819348
79.826104
80.889268
78.541745
67.377737
78.737131
84.974893
78.812981
73.811876
78.385739
88.732079
80.957117
74.630543
78.130966
78.423493
77.752544
78.787655
78.361262
78.493590
82.483667
77.467977
78.026852
79.703686
75.188403
77.357928
79.859510
77.872621
79.900212
80.324432
79.398265
78.382448
78.506119
78.771540
68.188104
83.427503
80.398500
81.862069
79.366452
78.038019
78.956156
77.753858
79.104913
77.317712
92.928588
76.544836
75.174019
81.889207
79.295077
78.829031
69.009410
78.995032
51.040570
81.296168
80.228077
78.115093
76.915815
78.867363
86.965523
78.597281
48.463983
78.423580
78.350920
77.990099
78.537613
78.851023
80.196160
77.627355
68.794437
77.858257
78.736973
80.549511
79.818028
84.662467
79.219945
87.990193
76.262912
75.091555
77.617668
77.944031
72.737451
78.006803
77.020120
81.635172
77.712073
72.884214
77.347341
78.259336
79.000265
77.864319
78.653350
79.093128
78.228560
80.593979
78.302633
77.001367
73.557419
78.006278
74.613449
80.612955
77.846142
77.738458
78.282677
80.682154
77.767141
77.992369
78.586828
81.319702
78.970872
80.017202
80.690178
75.852180
78.285619
75.888313
90.561262
79.206830
77.468883
83.561023
78.651587
78.856084
82.616702
78.505253
82.624376
82.982515
81.719214
79.557288
36.874253
78.718516
76.855539
81.170135
79.236196
77.486373
80.173738
78.077513
81.426583
85.904730
78.165548
80.636456
73.959984
79.570897
76.014875
77.599367
74.401238
73.634965
78.355778
79.037702
80.226406
78.025227
78.206874
75.669163
79.817004
79.423993
79.625142
72.053173
83.158944
81.215123
79.249296
78.694806
78.636630
78.833091
79.202086
78.217963
76.276622
78.447418
62.031418
79.280443
79.186755
68.068178
84.633135
86.186023
77.011710
78.064732
77.498437
81.237316
72.443464
79.230694
78.644238
78.319264
77.730092
84.338039
78.209886
76.983018
25.193222
77.313061
78.513064
83.315136
78.695072
80.301581
78.193458
82.147095
79.047258
83.083307
77.469950
78.525623
75.901410
73.612070
82.409200
79.754280
77.110417
78.815656
77.788735
77.950104
76.712522
78.663964
78.851088
79.935056
84.560570
80.510306
90.360125
78.245729
80.524441
79.632297
81.563652
80.159629
72.820096
79.875456
77.353058
75.238172
76.930235
75.951741
80.661965
79.358096
77.405246
78.051741
-416.822729
81.383901
80.738383
78.014530
76.199590
85.807709
80.727560
77.562234
115.214383
78.557006
79.135623
71.598655
77.227873
78.285777
78.160816
79.886598
78.818751
79.932444
79.479047
77.075075
86.638495
80.756116
79.486217
78.621674
77.520954
77.414231
71.766329
77.974568
63.135743
77.255319
77.477737
78.137455
78.672633
78.305063
80.577319
82.543941
79.502505
76.742992
77.972331
85.558082
78.527171
76.558752
72.284759
78.542549
78.158716
77.768380
78.469875
78.474343
79.637828
80.860362
74.798093
77.870645
76.289994
78.139933
78.866465
78.782062
77.478082
80.914191
78.582781
73.014901
79.945218
77.282453
78.443925
78.625777
82.662646
77.767484
78.810457
77.001442
77.026609
79.149845
78.089213
77.059008
78.914083
83.095137
80.174693
80.183695
75.670336
78.417684
83.504227
78.243139
78.736063
77.331688
78.711832
72.899712
85.248016
78.544017
76.827966
76.988913
73.852072
82.345505
78.189352
79.205187
77.303746
75.078324
83.989670
79.580986
76.988423
79.795683
77.317142
74.128057
79.163065
78.266160
86.559085
77.133976
85.990733
78.890938
78.998820
77.991175
79.209167
52.644365
77.215550
79.288304
75.651571
77.818958
79.393757
77.856212
78.167073
77.286732
97.342166
78.233050
79.763577
77.389298
79.880559
78.646429
-13381.051181
78.158850
78.417381
79.234845
79.364637
80.548936
80.314019
84.280759
72.625500
78.457701
79.628752
77.958955
78.615013
76.334980
78.807125
75.046832
78.250666
78.132034
76.959730
79.876914
78.789129
79.136262
78.626874
78.325679
77.533953
78.175191
