-357.089354
-353.079552
-354.831709
-354.429768
-354.849191
-355.122043
-356.146475
-363.803597
-359.416450
-355.622225
-356.210186
-350.722302
-355.321554
-354.277241
-358.916062
-355.003124
-353.915035
-355.432220
-356.313686
-355.130868
-355.443516
-356.384667
-355.198696
-355.154830
-355.266041
-355.340918
-353.982192
-356.981012
-354.105953
-356.428265
-356.670382
-355.557382
-355.899820
-354.780244
-355.700974
-353.617536
-353.359940
-364.596045
-354.362160
-353.693957
-353.105550
-354.755422
-354.848168
-355.817387
-354.234875
-355.137909
-354.897977
-337.389707
-354.435117
-355.550623
347.749753
-354.728430
-354.436022
-354.573477
-338.784632
-355.739973
-355.685185
-355.125380
-355.252398
-329.731256
-355.325655
-357.217755
-353.451092
-354.025582
-354.916056
-350.967859
-353.037582
-354.299907
-358.078136
-360.139033
-358.476650
-354.746665
-353.483970
-355.078615
-354.704191
-350.226888
-358.354694
-356.213415
-373.396296
-354.962311
-354.384824
-355.350838
-355.056129
-354.580500
-354.272591
-355.019003
-351.510773
-355.988357
-356.651649
-353.606550
-356.359314
-336.358561
-359.723046
-350.323888
-355.902708
-350.601377
-355.006473
-355.993344
-352.174934
-355.999518
-353.364475
-357.797492
-354.651313
-354.552732
-354.605178
-356.306160
-356.004014
-355.634780
-352.975664
-355.146349
-357.367770
-339.371544
-355.828028
-338.931489
-359.735152
-355.649601
-354.601519
-377.734812
-358.354236
-354.595150
-355.087763
-346.696739
-354.009566
-356.482787
-353.560988
-352.740613
-353.494021
-355.609506
-339.548136
-361.350159
-354.893444
-353.053402
-356.028052
-359.427778
-354.772840
-355.637976
-357.390177
-354.034739
-356.893617
-354.802227
-343.152443
-355.137755
-354.841575
-354.337034
-353.406213
-356.560787
-442.619377
-358.935421
-352.935788
-354.271286
-355.695998
-352.167464
-352.387299
-355.699609
-355.009461
-311.109191
-357.168911
-355.174443
-356.481312
-355.481868
-354.934285
-354.753308
-355.577524
-364.338440
-353.562758
-360.242784
-355.417151
-352.830514
-356.288190
-355.909699
-347.520229
-351.978954
-355.633779
-355.479633
-353.850577
-354.216352
-354.555617
-357.221777
-356.021495
-355.264334
-355.885582
-351.818532
-353.937203
-355.494500
-357.479496
-355.501665
-356.418828
-354.892406
-355.542737
-353.467435
-370.023552
-358.976619
-355.412857
-351.322551
-357.089273
-354.695520
-345.561913
-358.613175
-355.735884
-358.054451
-354.187052
-355.925537
-355.282782
-354.943578
-378.586809
-355.044506
-355.800258
-354.252861
-355.870084
-353.558371
-353.999279
-361.967698
-355.590649
-353.792309
-363.744329
-355.300844
-360.632713
-354.984271
-353.988680
-356.143954
-356.006025
-354.538117
-359.528235
-359.574560
-349.657598
-354.505926
-356.330188
-354.016578
-356.737692
-354.960873
-355.567455
-355.749981
-356.010639
-354.583704
-353.840020
-353.486164
-353.914325
-355.534831
-355.071624
-354.319037
-354.445652
-355.875306
-355.586345
-354.965757
-356.744508
-370.134224
-317.288452
-353.458318
-354.595546
-357.251626
-354.910349
-355.745525
-355.178799
-354.381527
-355.750853
-355.474658
-360.795218
-350.544323
-359.071727
-353.676061
-355.063967
-355.621874
-354.656294
-363.933293
-354.214287
-356.161435
-366.145918
-354.871268
-354.142526
-355.096738
-351.959995
-356.569393
-351.220440
-353.217946
-354.928561
-355.150061
-317.125700
-354.029716
-356.235969
-350.685790
-354.736507
-356.486130
-354.068947
-357.699489
-354.541895
-355.752973
-348.160560
-355.599536
-355.624827
-345.596131
-354.896480
-355.270288
-351.551438
-355.433091
-355.289835
-355.357470
-355.181823
-355.178422
-355.580745
-353.653321
-354.698774
-355.676728
-354.656675
-354.805723
-354.393051
-355.455298
-355.999640
-354.722262
-356.326348
-355.613336
-355.246907
-355.702617
-355.512148
-357.084420
-354.694692
-373.542007
-369.423036
-353.377348
-354.250307
-350.727475
-354.314852
-368.739074
-356.581477
-362.020550
-347.979669
-355.720709
-355.899721
-355.355290
-343.922637
-355.974232
-354.918497
-355.612343
-355.042672
-355.845288
-347.014204
-353.724328
-356.479850
-333.559690
-354.624827
-373.310784
-355.798688
-355.708549
-362.095361
-362.615264
-354.079907
-355.496431
-355.674189
-354.321039
-356.481684
-355.409029
-352.000733
-357.412249
-355.777568
-356.187371
-359.984051
-325.625250
-355.189145
-355.793897
-355.656751
-356.522125
-353.378101
-353.370662
-355.305584
-354.222554
-356.254847
-356.045709
-355.165169
-356.047602
-363.105061
-354.399213
-355.513221
-355.702679
-350.222142
-355.033324
-356.311775
-354.926366
-354.657759
-356.977230
-355.058404
-356.304318
-354.042372
-355.122788
-354.426616
-352.651030
-354.724040
-353.305128
-354.036858
-354.258546
-356.473974
-355.237382
-353.228627
-355.672652
-356.899080
-354.368007
-357.138450
-357.054086
-353.256238
-363.800952
-286.625381
-353.367770
-354.699659
-350.924905
-356.229855
-358.069873
-357.211462
-352.015403
-353.822746
-378.505348
-355.026378
-354.482231
-355.687369
-357.282625
-354.721118
-354.912717
-354.371954
-356.577927
-342.692864
-354.793429
-355.777111
-356.375083
-356.696334
-356.241723
-355.369193
-355.248598
-355.622747
-356.201635
-357.313935
-353.087393
-355.750407
-353.322466
-356.034053
-351.444536
-355.258301
-356.151029
-354.238374
-355.078930
-355.466293
-356.021159
-354.617722
-355.456437
-355.010980
-360.279196
-357.244607
-356.171199
-354.652742
-356.091741
-354.670487
-355.283211
-356.186356
-354.901675
-356.807334
-355.135725
-356.966931
-347.041577
-355.678183
-358.779466
-353.129731
-355.109498
-354.660599
-358.654078
-354.583471
-354.235552
-348.322438
-355.723456
-354.615842
-354.661190
-353.962470
-358.890101
-348.793876
-354.118029
-354.215401
-354.559586
-355.860936
-349.518411
-355.078509
-355.128979
-360.747708
-361.876705
-352.348358
-362.518955
-356.181187
-355.128554
-354.041858
-353.869533
-355.777562
-355.623196
-355.299210
-356.531873
-356.211789
-353.950169
-351.590382
-352.616150
-351.649423
-358.085388
-354.941985
-353.820455
-351.756575
-356.031351
-353.936243
-355.327053
-357.213715
-355.499950
-355.455415
-355.798637
-355.379562
-355.402529
-353.646883
-353.898418
-359.757280
-355.546217
-354.647415
-354.078239
-355.308050
-351.074869
-354.429939
-357.336222
-353.129212
-347.074204
-353.868225
-355.376777
-358.713758
-353.848440
-354.242126
-360.199707
-354.153326
-355.844562
-355.821973
-356.527191
-356.911937
-355.137165
-353.840144
-356.744879
-352.657586
-354.420265
-346.398191
-364.073667
-355.537398
-355.585469
-352.935579
-355.260227
-354.412206
-353.561443
-354.774322
-355.618474
-353.934766
-355.090176
-362.897261
-350.097598
-355.834613
-350.500402
-354.391307
-354.711410
-357.127204
-357.718784
-349.346058
-353.589019
-350.304507
-354.730577
-355.704195
-370.212608
-354.835790
-351.921945
-356.150406
-375.753959
-353.920628
-354.570476
-354.160989
-353.171773
-354.246529
-355.452701
-354.036517
-354.693570
-356.455009
-355.506893
-353.514958
-356.798380
-357.916256
-355.566836
-354.194153
-354.907151
-351.980601
-354.608583
-355.171278
-355.966833
-355.303035
-354.949402
-341.403438
-362.179800
-356.017880
-364.497348
-355.575076
-356.276787
-354.892208
-355.673924
-347.793111
-350.665708
-354.347058
-355.438013
-355.579221
-362.405185
-355.929180
-354.493414
-355.727326
-357.062278
-352.865618
-353.632068
-353.753626
-342.991778
-355.814502
-359.498771
-351.636973
-356.664602
-356.544025
-354.949135
-353.097140
-354.020993
-353.590825
-357.208028
-353.994502
-355.421851
-352.587195
-356.528118
-352.225507
-354.445015
-352.866190
-376.528795
-355.520063
-355.575768
-355.725890
-353.669762
-354.668941
-354.721971
-349.671385
-356.545743
-354.867639
-355.009302
-357.822522
-355.401759
-354.936971
-426.931879
-357.731711
-357.178762
-351.961628
-354.939477
-354.853212
-356.347624
-332.410089
-355.824884
-354.958689
-366.579036
-355.138142
-352.874021
-356.631084
-354.792477
-354.081234
-357.006693
-352.984353
-357.044329
-360.905421
-354.228462
-352.681757
-354.561676
-356.086935
-348.119288
-354.423163
-356.246058
-356.642601
-355.010531
-355.866522
-354.386319
-355.378347
-355.482678
-355.412327
-370.923918
-356.243423
-356.614440
-355.506614
-355.627706
-355.267843
-351.849658
-355.727247
-357.240522
-349.886564
-343.885450
-353.890391
-351.267839
-354.834536
-354.975917
-355.432170
-355.071512
-357.437142
-354.074337
-352.650205
-355.740427
-355.009570
-355.863155
-355.486543
-356.106360
-355.234504
-355.823055
-356.138166
-355.636813
-354.937819
-354.666495
-355.725128
-349.598483
-355.981974
-354.069428
-357.033903
-356.433359
-361.015646
-353.847056
-354.558662
-359.100225
-355.095307
-355.371292
-357.099858
-355.845781
-355.205049
-354.946107
-348.707108
-354.242107
-356.036757
-354.620799
-355.208247
-355.237928
-356.676037
-347.434002
-365.871781
-504.644170
-354.886192
-356.267383
-355.695415
-356.959634
-355.629182
-354.707975
-355.148993
-353.400665
-355.648862
-354.223366
-357.387539
-355.264818
-355.273874
-356.055515
-349.763310
-354.749833
-353.946882
-354.347967
-358.150090
-353.631686
-354.429415
-354.626438
-354.822832
-354.261052
-352.789173
-354.915609
-359.031082
-353.953043
-355.494387
-356.260576
-354.331660
-355.549225
-357.559153
-354.812731
-355.461740
-352.546956
-356.188370
-354.408936
-354.586769
-354.706945
-346.419873
-355.361854
-351.898661
-354.346210
-354.539698
-353.295982
-356.970064
-355.141646
-355.330183
-357.054956
-356.352062
-355.185079
-354.768365
-356.471335
-353.358383
-355.760543
-355.822662
-355.209123
-353.884183
-357.084075
-355.221344
-352.137259
-369.052428
-354.513947
-356.014620
-355.045751
-356.776855
-356.181966
-354.344917
-355.502206
-355.668441
-350.765834
-355.265248
-354.538137
-355.978224
-353.941275
-356.551750
-322.680630
-355.783638
-358.664904
-358.922685
-355.923452
-353.143842
-359.072946
-354.555106
-355.011675
-354.605132
-355.114726
-359.831559
-355.127691
-355.735735
-349.228355
-354.103364
-354.689847
-356.050828
-357.918424
-354.953758
-355.991927
-354.286386
-356.499803
-356.020103
-358.022416
-356.288291
-354.787071
-357.122159
-353.917912
-354.161075
-357.106191
-358.588205
-356.555887
-354.274381
-356.687606
-354.936707
-355.648001
-359.600315
-354.810879
-356.517479
-353.949838
-354.335706
-353.999030
-367.916505
-352.586949
-356.759515
-355.058259
-354.252736
-362.255150
-354.206786
-354.046075
-356.291482
-348.551381
-355.270718
-353.462029
-354.180405
-354.658938
-353.791174
-352.656208
-349.906060
-355.481752
-355.506845
-355.715198
-353.634628
-356.120202
-355.275571
-355.543453
-355.207046
-355.962754
-354.125746
-352.702392
-354.913435
-354.856885
-356.952330
-355.576453
-353.576138
-364.690046
-354.534623
-354.506531
-354.441698
-362.833710
-356.053560
-353.469978
-353.539602
-356.275458
-356.287488
-357.496682
-355.568380
-355.745045
-354.824249
-345.514156
-366.215267
-354.818353
-355.793542
-356.964623
-354.070808
-354.875201
-355.978437
-353.938103
-355.132547
-356.551163
-355.092568
-355.397240
-349.971450
-355.563667
-356.824336
-355.592895
-355.192428
-357.337901
-357.085277
-356.983603
-355.768447
-336.476247
-357.751298
-356.699195
-354.075416
-354.073885
-360.242851
-351.807749
-355.313982
-355.233803
-355.491015
-355.435095
-355.850823
-355.038007
-355.068177
-354.886122
-355.243711
-354.567288
-359.282682
-354.462847
-432.016340
-356.890920
-356.152868
-357.279148
-363.917466
-342.272895
-348.274142
-350.030600
-356.282376
-353.208305
-355.199564
-353.107331
-355.334558
-355.301019
-353.684014
-354.494110
-355.231510
-355.422661
-354.312525
-354.848615
-353.625702
-355.071471
-351.284161
-355.655683
-353.374932
-357.138013
-381.159839
-355.664713
-343.083414
-354.241098
-352.133181
-355.778178
-350.669536
-356.010746
-352.990275
-354.809352
-356.507054
-355.356696
-354.809027
-355.920386
-351.218520
-357.240162
-354.697604
-354.156870
-354.707538
-355.630559
-349.724142
-355.129000
-355.693232
-353.167635
-357.684630
-346.170225
-356.076776
-356.021462
-354.625162
-355.806534
-349.263288
-356.925286
-350.073874
-357.220934
-357.241097
-354.692071
